Index,game_id,date,season,team,opp,starting_five,name,mp,fg,fga,fgp,tp,tpa,tpp,ft,fta,ftp,orb,drb,trb,ast,stl,blk,tov,pf,pts,pm,tsp,efgp,tpar,ftr,orbp,drbp,trbp,astp,stlp,blkp,tovp,usgp,ortg,drtg
0,201704010BRK,"6:00 PM, April 1, 2017",2017,Orlando Magic,Brooklyn Nets,1,Evan Fournier,36:50,8,16,.500,2,4,.500,2,4,.500,0,1,1,1,2,0,2,3,20,+2,.563,.563,.250,.250,0.0,3.3,1.5,3.8,2.6,0.0,10.1,23.1,102,122
1,201704010BRK,"6:00 PM, April 1, 2017",2017,Orlando Magic,Brooklyn Nets,1,Aaron Gordon,35:26,9,18,.500,4,7,.571,0,0,,4,11,15,5,2,0,1,3,22,+9,.611,.611,.389,.000,11.8,37.3,23.6,20.6,2.7,0.0,5.3,23.1,131,116
2,201704010BRK,"6:00 PM, April 1, 2017",2017,Orlando Magic,Brooklyn Nets,1,Elfrid Payton,35:18,6,12,.500,1,2,.500,7,8,.875,2,9,11,11,1,0,2,0,20,+8,.644,.542,.167,.667,5.9,30.6,17.4,40.6,1.4,0.0,11.4,21.3,140,120
3,201704010BRK,"6:00 PM, April 1, 2017",2017,Orlando Magic,Brooklyn Nets,1,Terrence Ross,33:09,3,10,.300,0,3,.000,0,1,.000,0,2,2,2,1,0,0,2,6,-2,.287,.300,.300,.100,0.0,7.2,3.4,7.1,1.4,0.0,0.0,13.5,72,124
4,201704010BRK,"6:00 PM, April 1, 2017",2017,Orlando Magic,Brooklyn Nets,1,Nikola Vucevic,32:24,13,20,.650,1,2,.500,0,0,,4,7,11,1,1,1,3,4,27,+10,.675,.675,.100,.000,12.9,25.9,18.9,5.8,1.5,2.4,13.0,30.5,118,118
5,201704010BRK,"6:00 PM, April 1, 2017",2017,Orlando Magic,Brooklyn Nets,0,Jodie Meeks,18:29,4,7,.571,1,4,.250,2,2,1.000,0,0,0,0,0,1,1,1,11,-17,.698,.643,.571,.286,0.0,0.0,0.0,0.0,0.0,4.1,11.3,20.7,121,125
6,201704010BRK,"6:00 PM, April 1, 2017",2017,Orlando Magic,Brooklyn Nets,0,Mario Hezonja,17:04,0,2,.000,0,1,.000,0,0,,1,0,1,3,1,0,1,1,0,-23,.000,.000,.500,.000,6.1,0.0,3.3,18.8,2.8,0.0,33.3,7.6,68,122
7,201704010BRK,"6:00 PM, April 1, 2017",2017,Orlando Magic,Brooklyn Nets,0,D.J. Augustin,15:44,2,5,.400,1,2,.500,0,0,,0,1,1,2,1,0,4,0,5,-17,.500,.500,.400,.000,0.0,7.6,3.5,15.7,3.1,0.0,44.4,24.6,62,120
8,201704010BRK,"6:00 PM, April 1, 2017",2017,Orlando Magic,Brooklyn Nets,0,Bismack Biyombo,15:36,0,1,.000,0,0,,0,0,,0,0,0,1,0,0,0,1,0,-20,.000,.000,.000,.000,0.0,0.0,0.0,6.8,0.0,0.0,0.0,2.8,57,128
9,201704010BRK,"6:00 PM, April 1, 2017",2017,Orlando Magic,Brooklyn Nets,0,C.J. Watson,0:00,0.0,0.0,0.0,0.0,0.0,0.0,0.0,0.0,0.0,0.0,0.0,0.0,0.0,0.0,0.0,0.0,0.0,0.0,0.0,0.0,0.0,0.0,0.0,0.0,0.0,0.0,0.0,0.0,0.0,0.0,0.0,0.0,0.0
10,201704010BRK,"6:00 PM, April 1, 2017",2017,Orlando Magic,Brooklyn Nets,0,Stephen Zimmerman,0:00,0.0,0.0,0.0,0.0,0.0,0.0,0.0,0.0,0.0,0.0,0.0,0.0,0.0,0.0,0.0,0.0,0.0,0.0,0.0,0.0,0.0,0.0,0.0,0.0,0.0,0.0,0.0,0.0,0.0,0.0,0.0,0.0,0.0
11,201704010BRK,"6:00 PM, April 1, 2017",2017,Orlando Magic,Brooklyn Nets,0,Damjan Rudez,0:00,0.0,0.0,0.0,0.0,0.0,0.0,0.0,0.0,0.0,0.0,0.0,0.0,0.0,0.0,0.0,0.0,0.0,0.0,0.0,0.0,0.0,0.0,0.0,0.0,0.0,0.0,0.0,0.0,0.0,0.0,0.0,0.0,0.0
12,201704010BRK,"6:00 PM, April 1, 2017",2017,Orlando Magic,Brooklyn Nets,0,C.J. Wilcox,0:00,0.0,0.0,0.0,0.0,0.0,0.0,0.0,0.0,0.0,0.0,0.0,0.0,0.0,0.0,0.0,0.0,0.0,0.0,0.0,0.0,0.0,0.0,0.0,0.0,0.0,0.0,0.0,0.0,0.0,0.0,0.0,0.0,0.0
13,201704010BRK,"6:00 PM, April 1, 2017",2017,Brooklyn Nets,Orlando Magic,1,Jeremy Lin,28:11,3,14,.214,2,6,.333,0,0,,0,4,4,8,2,1,2,4,8,-10,.286,.286,.429,.000,0.0,14.8,7.9,30.4,3.4,2.6,12.5,24.3,79,106
14,201704010BRK,"6:00 PM, April 1, 2017",2017,Brooklyn Nets,Orlando Magic,1,Brook Lopez,28:02,12,22,.545,2,6,.333,4,5,.800,2,5,7,1,0,2,1,1,30,-10,.620,.591,.273,.227,8.6,18.6,13.9,5.8,0.0,5.2,4.0,38.5,124,111
15,201704010BRK,"6:00 PM, April 1, 2017",2017,Brooklyn Nets,Orlando Magic,1,Rondae Hollis-Jefferson,24:36,1,2,.500,0,0,,0,2,.000,0,6,6,3,0,0,2,1,2,-8,.347,.500,.000,1.000,0.0,25.5,13.6,12.2,0.0,0.0,41.0,8.5,66,113
16,201704010BRK,"6:00 PM, April 1, 2017",2017,Brooklyn Nets,Orlando Magic,1,Caris LeVert,20:21,4,8,.500,1,4,.250,0,0,,0,3,3,0,0,0,0,1,9,-6,.563,.563,.500,.000,0.0,15.4,8.2,0.0,0.0,0.0,0.0,16.8,114,116
17,201704010BRK,"6:00 PM, April 1, 2017",2017,Brooklyn Nets,Orlando Magic,1,Randy Foye,10:57,0,2,.000,0,2,.000,0,0,,0,2,2,1,1,0,0,1,0,-10,.000,.000,1.000,.000,0.0,19.1,10.2,8.8,4.4,0.0,0.0,7.8,33,105
18,201704010BRK,"6:00 PM, April 1, 2017",2017,Brooklyn Nets,Orlando Magic,0,Isaiah Whitehead,26:20,3,4,.750,0,1,.000,0,0,,1,0,1,5,1,0,0,1,6,+16,.750,.750,.250,.000,4.6,0.0,2.1,20.5,1.8,0.0,0.0,6.5,175,116
19,201704010BRK,"6:00 PM, April 1, 2017",2017,Brooklyn Nets,Orlando Magic,0,Trevor Booker,23:55,11,12,.917,1,2,.500,0,0,,2,6,8,1,1,0,1,1,23,+18,.958,.958,.167,.000,10.0,26.2,18.7,7.2,2.0,0.0,7.7,23.3,171,109
20,201704010BRK,"6:00 PM, April 1, 2017",2017,Brooklyn Nets,Orlando Magic,0,Sean Kilpatrick,22:23,6,12,.500,1,4,.250,2,2,1.000,2,3,5,4,0,0,3,1,15,+5,.582,.542,.333,.167,10.7,14.0,12.5,23.1,0.0,0.0,18.9,30.4,110,116
21,201704010BRK,"6:00 PM, April 1, 2017",2017,Brooklyn Nets,Orlando Magic,0,Spencer Dinwiddie,19:49,3,5,.600,0,2,.000,1,1,1.000,1,2,3,1,2,1,0,2,7,+20,.643,.600,.400,.200,6.1,10.5,8.4,5.7,4.8,3.7,0.0,11.8,144,103
22,201704010BRK,"6:00 PM, April 1, 2017",2017,Brooklyn Nets,Orlando Magic,0,Justin Hamilton,19:27,5,9,.556,1,3,.333,2,2,1.000,1,4,5,0,0,0,2,1,13,+20,.658,.611,.333,.222,6.2,21.5,14.3,0.0,0.0,0.0,16.8,26.2,111,114
23,201704010BRK,"6:00 PM, April 1, 2017",2017,Brooklyn Nets,Orlando Magic,0,Archie Goodwin,15:59,2,4,.500,0,1,.000,4,4,1.000,0,0,0,2,1,1,0,1,8,+15,.694,.500,.250,1.000,0.0,0.0,0.0,13.7,3.0,4.6,0.0,15.4,158,109
24,201704010BRK,"6:00 PM, April 1, 2017",2017,Brooklyn Nets,Orlando Magic,0,Andrew Nicholson,0:00,0.0,0.0,0.0,0.0,0.0,0.0,0.0,0.0,0.0,0.0,0.0,0.0,0.0,0.0,0.0,0.0,0.0,0.0,0.0,0.0,0.0,0.0,0.0,0.0,0.0,0.0,0.0,0.0,0.0,0.0,0.0,0.0,0.0
25,201704010BRK,"6:00 PM, April 1, 2017",2017,Brooklyn Nets,Orlando Magic,0,K.J. McDaniels,0:00,0.0,0.0,0.0,0.0,0.0,0.0,0.0,0.0,0.0,0.0,0.0,0.0,0.0,0.0,0.0,0.0,0.0,0.0,0.0,0.0,0.0,0.0,0.0,0.0,0.0,0.0,0.0,0.0,0.0,0.0,0.0,0.0,0.0
26,201704010CHI,"5:00 PM, April 1, 2017",2017,Atlanta Hawks,Chicago Bulls,1,Dwight Howard,37:16,6,12,.500,0,0,,1,2,.500,5,7,12,3,0,1,2,1,13,-8,.505,.500,.000,.167,14.3,22.5,18.2,12.0,0.0,2.3,13.4,17.3,108,110
27,201704010CHI,"5:00 PM, April 1, 2017",2017,Atlanta Hawks,Chicago Bulls,1,Dennis Schroder,36:56,12,19,.632,1,3,.333,4,4,1.000,2,5,7,6,1,0,3,3,29,-2,.698,.658,.158,.211,5.8,16.2,10.7,32.0,1.4,0.0,12.6,28.0,131,110
28,201704010CHI,"5:00 PM, April 1, 2017",2017,Atlanta Hawks,Chicago Bulls,1,Tim Hardaway,36:43,6,16,.375,3,6,.500,5,5,1.000,1,4,5,5,0,0,2,2,20,-10,.549,.469,.375,.313,2.9,13.1,7.7,20.3,0.0,0.0,9.9,23.9,114,114
29,201704010CHI,"5:00 PM, April 1, 2017",2017,Atlanta Hawks,Chicago Bulls,1,Ersan Ilyasova,33:30,6,15,.400,1,3,.333,0,0,,2,2,4,4,0,0,1,3,13,-11,.433,.433,.200,.000,6.4,7.2,6.7,18.3,0.0,0.0,6.3,20.8,100,115
30,201704010CHI,"5:00 PM, April 1, 2017",2017,Atlanta Hawks,Chicago Bulls,1,Taurean Waller-Prince,25:44,3,9,.333,0,4,.000,3,6,.500,0,3,3,1,3,0,2,3,9,-3,.387,.333,.444,.667,0.0,14.0,6.6,5.4,5.8,0.0,14.7,23.0,73,100
31,201704010CHI,"5:00 PM, April 1, 2017",2017,Atlanta Hawks,Chicago Bulls,0,Kent Bazemore,21:19,2,8,.250,2,5,.400,0,0,,0,5,5,2,0,0,0,2,6,+4,.375,.375,.625,.000,0.0,28.1,13.2,12.7,0.0,0.0,0.0,16.3,92,111
32,201704010CHI,"5:00 PM, April 1, 2017",2017,Atlanta Hawks,Chicago Bulls,0,Mike Muscala,18:29,3,4,.750,3,3,1.000,0,0,,0,1,1,2,0,0,1,2,9,+14,1.125,1.125,.750,.000,0.0,6.5,3.1,16.1,0.0,0.0,20.0,11.8,160,115
33,201704010CHI,"5:00 PM, April 1, 2017",2017,Atlanta Hawks,Chicago Bulls,0,Mike Dunleavy,12:23,0,1,.000,0,1,.000,0,0,,0,3,3,1,0,0,0,0,0,+3,.000,.000,1.000,.000,0.0,29.1,13.7,9.7,0.0,0.0,0.0,3.5,55,111
34,201704010CHI,"5:00 PM, April 1, 2017",2017,Atlanta Hawks,Chicago Bulls,0,Jose Calderon,10:55,2,3,.667,1,2,.500,0,0,,1,2,3,1,0,0,2,0,5,+2,.833,.833,.667,.000,9.8,22.0,15.5,14.1,0.0,0.0,40.0,19.9,99,112
35,201704010CHI,"5:00 PM, April 1, 2017",2017,Atlanta Hawks,Chicago Bulls,0,Kris Humphries,6:45,0,3,.000,0,1,.000,0,0,,0,2,2,0,0,0,0,0,0,+1,.000,.000,.333,.000,0.0,35.6,16.7,0.0,0.0,0.0,0.0,19.3,0,110
36,201704010CHI,"5:00 PM, April 1, 2017",2017,Atlanta Hawks,Chicago Bulls,0,Malcolm Delaney,0:00,0.0,0.0,0.0,0.0,0.0,0.0,0.0,0.0,0.0,0.0,0.0,0.0,0.0,0.0,0.0,0.0,0.0,0.0,0.0,0.0,0.0,0.0,0.0,0.0,0.0,0.0,0.0,0.0,0.0,0.0,0.0,0.0,0.0
37,201704010CHI,"5:00 PM, April 1, 2017",2017,Atlanta Hawks,Chicago Bulls,0,DeAndre' Bembry,0:00,0.0,0.0,0.0,0.0,0.0,0.0,0.0,0.0,0.0,0.0,0.0,0.0,0.0,0.0,0.0,0.0,0.0,0.0,0.0,0.0,0.0,0.0,0.0,0.0,0.0,0.0,0.0,0.0,0.0,0.0,0.0,0.0,0.0
38,201704010CHI,"5:00 PM, April 1, 2017",2017,Atlanta Hawks,Chicago Bulls,0,Ryan Kelly,0:00,0.0,0.0,0.0,0.0,0.0,0.0,0.0,0.0,0.0,0.0,0.0,0.0,0.0,0.0,0.0,0.0,0.0,0.0,0.0,0.0,0.0,0.0,0.0,0.0,0.0,0.0,0.0,0.0,0.0,0.0,0.0,0.0,0.0
39,201704010CHI,"5:00 PM, April 1, 2017",2017,Chicago Bulls,Atlanta Hawks,1,Jimmy Butler,42:32,11,20,.550,1,2,.500,10,10,1.000,1,4,5,8,0,1,1,3,33,+1,.676,.575,.100,.500,2.8,10.0,6.6,32.7,0.0,1.8,3.9,27.8,143,112
40,201704010CHI,"5:00 PM, April 1, 2017",2017,Chicago Bulls,Atlanta Hawks,1,Robin Lopez,36:16,4,9,.444,0,0,,0,0,,1,3,4,1,0,0,2,2,8,+8,.444,.444,.000,.000,3.3,8.8,6.2,3.8,0.0,0.0,18.2,14.1,79,114
41,201704010CHI,"5:00 PM, April 1, 2017",2017,Chicago Bulls,Atlanta Hawks,1,Rajon Rondo,35:33,11,18,.611,3,6,.500,0,0,,2,9,11,6,3,0,7,3,25,+5,.694,.694,.333,.000,6.8,27.0,17.5,32.2,4.2,0.0,28.0,32.7,103,99
42,201704010CHI,"5:00 PM, April 1, 2017",2017,Chicago Bulls,Atlanta Hawks,1,Nikola Mirotic,30:46,2,8,.250,2,3,.667,2,2,1.000,1,8,9,5,2,0,1,1,8,+17,.450,.375,.375,.250,3.9,27.7,16.5,21.2,3.2,0.0,10.1,14.9,107,101
43,201704010CHI,"5:00 PM, April 1, 2017",2017,Chicago Bulls,Atlanta Hawks,1,Paul Zipser,26:31,3,5,.600,2,4,.500,2,2,1.000,0,2,2,1,0,2,0,4,10,+2,.850,.800,.800,.400,0.0,8.0,4.3,5.2,0.0,5.8,0.0,10.3,168,110
44,201704010CHI,"5:00 PM, April 1, 2017",2017,Chicago Bulls,Atlanta Hawks,0,Denzel Valentine,28:10,5,11,.455,3,8,.375,0,0,,0,2,2,1,0,1,1,2,13,-1,.591,.591,.727,.000,0.0,7.6,4.0,5.4,0.0,2.7,8.3,19.8,103,112
45,201704010CHI,"5:00 PM, April 1, 2017",2017,Chicago Bulls,Atlanta Hawks,0,Bobby Portis,17:04,0,4,.000,0,4,.000,0,0,,0,4,4,1,1,0,0,1,0,-15,.000,.000,1.000,.000,0.0,25.0,13.2,7.0,2.9,0.0,0.0,10.9,17,103
46,201704010CHI,"5:00 PM, April 1, 2017",2017,Chicago Bulls,Atlanta Hawks,0,Joffrey Lauvergne,11:44,2,5,.400,0,0,,0,0,,0,1,1,0,0,0,0,0,4,-6,.400,.400,.000,.000,0.0,9.1,4.8,0.0,0.0,0.0,0.0,19.8,78,114
47,201704010CHI,"5:00 PM, April 1, 2017",2017,Chicago Bulls,Atlanta Hawks,0,Michael Carter-Williams,11:24,2,5,.400,1,3,.333,0,0,,1,1,2,2,0,0,0,1,5,-1,.500,.500,.600,.000,10.5,9.4,9.9,26.7,0.0,0.0,0.0,20.4,122,114
48,201704010CHI,"5:00 PM, April 1, 2017",2017,Chicago Bulls,Atlanta Hawks,0,Isaiah Canaan,0:00,0.0,0.0,0.0,0.0,0.0,0.0,0.0,0.0,0.0,0.0,0.0,0.0,0.0,0.0,0.0,0.0,0.0,0.0,0.0,0.0,0.0,0.0,0.0,0.0,0.0,0.0,0.0,0.0,0.0,0.0,0.0,0.0,0.0
49,201704010CHI,"5:00 PM, April 1, 2017",2017,Chicago Bulls,Atlanta Hawks,0,Jerian Grant,0:00,0.0,0.0,0.0,0.0,0.0,0.0,0.0,0.0,0.0,0.0,0.0,0.0,0.0,0.0,0.0,0.0,0.0,0.0,0.0,0.0,0.0,0.0,0.0,0.0,0.0,0.0,0.0,0.0,0.0,0.0,0.0,0.0,0.0
50,201704010CHI,"5:00 PM, April 1, 2017",2017,Chicago Bulls,Atlanta Hawks,0,Anthony Morrow,0:00,0.0,0.0,0.0,0.0,0.0,0.0,0.0,0.0,0.0,0.0,0.0,0.0,0.0,0.0,0.0,0.0,0.0,0.0,0.0,0.0,0.0,0.0,0.0,0.0,0.0,0.0,0.0,0.0,0.0,0.0,0.0,0.0,0.0
51,201704010CHI,"5:00 PM, April 1, 2017",2017,Chicago Bulls,Atlanta Hawks,0,Cristiano Felicio,0:00,0.0,0.0,0.0,0.0,0.0,0.0,0.0,0.0,0.0,0.0,0.0,0.0,0.0,0.0,0.0,0.0,0.0,0.0,0.0,0.0,0.0,0.0,0.0,0.0,0.0,0.0,0.0,0.0,0.0,0.0,0.0,0.0,0.0
52,201704010LAC,"3:30 PM, April 1, 2017",2017,Los Angeles Lakers,Los Angeles Clippers,1,Jordan Clarkson,30:48,3,12,.250,1,5,.200,0,0,,0,0,0,3,0,0,0,3,7,-30,.292,.292,.417,.000,0.0,0.0,0.0,13.6,0.0,0.0,0.0,16.4,78,128
53,201704010LAC,"3:30 PM, April 1, 2017",2017,Los Angeles Lakers,Los Angeles Clippers,1,D'Angelo Russell,28:59,1,9,.111,0,6,.000,0,0,,0,0,0,6,2,0,3,1,2,-25,.111,.111,.667,.000,0.0,0.0,0.0,26.6,3.5,0.0,25.0,17.4,45,120
54,201704010LAC,"3:30 PM, April 1, 2017",2017,Los Angeles Lakers,Los Angeles Clippers,1,Brandon Ingram,23:46,7,14,.500,1,1,1.000,3,6,.500,2,3,5,3,1,1,1,5,18,+5,.541,.536,.071,.429,8.1,20.2,12.6,24.4,2.1,4.6,5.7,31.2,114,118
55,201704010LAC,"3:30 PM, April 1, 2017",2017,Los Angeles Lakers,Los Angeles Clippers,1,Larry Nance,22:53,4,10,.400,0,0,,0,0,,3,1,4,3,2,0,1,5,8,-20,.400,.400,.000,.000,12.6,7.0,10.5,20.6,4.4,0.0,9.1,20.2,98,117
56,201704010LAC,"3:30 PM, April 1, 2017",2017,Los Angeles Lakers,Los Angeles Clippers,1,Julius Randle,22:40,5,10,.500,2,3,.667,2,3,.667,1,5,6,2,1,0,2,3,14,-26,.618,.600,.300,.300,4.2,35.3,15.9,14.9,2.2,0.0,15.0,24.7,110,120
57,201704010LAC,"3:30 PM, April 1, 2017",2017,Los Angeles Lakers,Los Angeles Clippers,0,David Nwaba,34:33,6,9,.667,0,2,.000,7,10,.700,3,3,6,1,2,0,1,4,19,-1,.709,.667,.222,1.111,8.3,13.9,10.4,4.5,2.9,0.0,6.9,17.5,142,120
58,201704010LAC,"3:30 PM, April 1, 2017",2017,Los Angeles Lakers,Los Angeles Clippers,0,Tarik Black,25:07,3,3,1.000,0,0,,2,2,1.000,1,4,5,1,1,1,1,3,8,+9,1.031,1.000,.000,.667,3.8,25.5,11.9,5.7,2.0,4.3,20.5,8.2,160,118
59,201704010LAC,"3:30 PM, April 1, 2017",2017,Los Angeles Lakers,Los Angeles Clippers,0,Thomas Robinson,22:07,7,15,.467,0,1,.000,2,5,.400,5,4,9,3,1,0,1,1,16,+10,.465,.467,.067,.333,21.7,28.9,24.4,27.3,2.3,0.0,5.5,34.6,107,121
60,201704010LAC,"3:30 PM, April 1, 2017",2017,Los Angeles Lakers,Los Angeles Clippers,0,Tyler Ennis,19:01,2,5,.400,2,5,.400,0,0,,0,3,3,3,1,0,1,0,6,+14,.600,.600,1.000,.000,0.0,25.2,9.5,22.3,2.6,0.0,16.7,13.3,113,120
61,201704010LAC,"3:30 PM, April 1, 2017",2017,Los Angeles Lakers,Los Angeles Clippers,0,Corey Brewer,10:06,1,3,.333,0,0,,4,4,1.000,0,3,3,1,1,0,0,2,6,+9,.630,.333,.000,1.333,0.0,47.5,17.8,13.9,5.0,0.0,0.0,19.8,149,113
62,201704010LAC,"3:30 PM, April 1, 2017",2017,Los Angeles Lakers,Los Angeles Clippers,0,Metta World Peace,0:00,0.0,0.0,0.0,0.0,0.0,0.0,0.0,0.0,0.0,0.0,0.0,0.0,0.0,0.0,0.0,0.0,0.0,0.0,0.0,0.0,0.0,0.0,0.0,0.0,0.0,0.0,0.0,0.0,0.0,0.0,0.0,0.0,0.0
63,201704010LAC,"3:30 PM, April 1, 2017",2017,Los Angeles Lakers,Los Angeles Clippers,0,Timofey Mozgov,0:00,0.0,0.0,0.0,0.0,0.0,0.0,0.0,0.0,0.0,0.0,0.0,0.0,0.0,0.0,0.0,0.0,0.0,0.0,0.0,0.0,0.0,0.0,0.0,0.0,0.0,0.0,0.0,0.0,0.0,0.0,0.0,0.0,0.0
64,201704010LAC,"3:30 PM, April 1, 2017",2017,Los Angeles Lakers,Los Angeles Clippers,0,Nick Young,0:00,0.0,0.0,0.0,0.0,0.0,0.0,0.0,0.0,0.0,0.0,0.0,0.0,0.0,0.0,0.0,0.0,0.0,0.0,0.0,0.0,0.0,0.0,0.0,0.0,0.0,0.0,0.0,0.0,0.0,0.0,0.0,0.0,0.0
65,201704010LAC,"3:30 PM, April 1, 2017",2017,Los Angeles Clippers,Los Angeles Lakers,1,Blake Griffin,40:02,12,15,.800,4,7,.571,8,9,.889,2,6,8,5,1,0,2,5,36,+22,.949,.933,.467,.600,8.0,14.4,12.0,25.4,1.3,0.0,9.5,24.9,173,110
66,201704010LAC,"3:30 PM, April 1, 2017",2017,Los Angeles Clippers,Los Angeles Lakers,1,DeAndre Jordan,39:09,4,4,1.000,0,0,,3,8,.375,1,11,12,1,4,2,3,2,11,+23,.731,1.000,.000,2.000,4.1,27.0,18.4,3.7,5.1,3.7,28.5,12.8,103,95
67,201704010LAC,"3:30 PM, April 1, 2017",2017,Los Angeles Clippers,Los Angeles Lakers,1,J.J. Redick,37:35,6,12,.500,4,6,.667,3,3,1.000,0,5,5,2,1,0,3,3,19,+24,.713,.667,.500,.250,0.0,12.8,8.0,8.4,1.3,0.0,18.4,20.6,113,110
68,201704010LAC,"3:30 PM, April 1, 2017",2017,Los Angeles Clippers,Los Angeles Lakers,1,Chris Paul,37:23,9,14,.643,1,3,.333,10,10,1.000,0,4,4,12,0,0,6,1,29,+21,.788,.679,.214,.714,0.0,10.3,6.4,58.3,0.0,0.0,24.6,31.0,135,114
69,201704010LAC,"3:30 PM, April 1, 2017",2017,Los Angeles Clippers,Los Angeles Lakers,1,Luc Mbah a Moute,22:11,3,5,.600,1,1,1.000,0,0,,0,1,1,0,0,2,0,3,7,+27,.700,.700,.200,.000,0.0,4.3,2.7,0.0,0.0,6.5,0.0,10.7,130,112
70,201704010LAC,"3:30 PM, April 1, 2017",2017,Los Angeles Clippers,Los Angeles Lakers,0,Jamal Crawford,21:42,2,7,.286,1,3,.333,2,2,1.000,0,1,1,3,1,0,2,0,7,-12,.444,.357,.429,.286,0.0,4.4,2.8,19.8,2.3,0.0,20.2,21.6,87,112
71,201704010LAC,"3:30 PM, April 1, 2017",2017,Los Angeles Clippers,Los Angeles Lakers,0,Raymond Felton,19:02,1,8,.125,0,3,.000,0,0,,0,2,2,1,1,1,1,0,2,-15,.125,.125,.375,.000,0.0,10.1,6.3,7.1,2.6,3.8,11.1,22.5,32,107
72,201704010LAC,"3:30 PM, April 1, 2017",2017,Los Angeles Clippers,Los Angeles Lakers,0,Marreese Speights,8:51,0,1,.000,0,1,.000,0,0,,0,2,2,0,0,0,0,1,0,-12,.000,.000,1.000,.000,0.0,21.7,13.6,0.0,0.0,0.0,0.0,5.4,0,109
73,201704010LAC,"3:30 PM, April 1, 2017",2017,Los Angeles Clippers,Los Angeles Lakers,0,Brandon Bass,7:58,1,1,1.000,0,0,,2,2,1.000,1,3,4,0,0,0,0,1,4,-11,1.064,1.000,.000,2.000,20.1,36.2,30.1,0.0,0.0,0.0,0.0,11.2,227,104
74,201704010LAC,"3:30 PM, April 1, 2017",2017,Los Angeles Clippers,Los Angeles Lakers,0,Alan Anderson,6:07,0,2,.000,0,1,.000,0,0,,0,0,0,0,0,0,0,3,0,-12,.000,.000,.500,.000,0.0,0.0,0.0,0.0,0.0,0.0,0.0,15.5,0,115
75,201704010LAC,"3:30 PM, April 1, 2017",2017,Los Angeles Clippers,Los Angeles Lakers,0,Paul Pierce,0:00,0.0,0.0,0.0,0.0,0.0,0.0,0.0,0.0,0.0,0.0,0.0,0.0,0.0,0.0,0.0,0.0,0.0,0.0,0.0,0.0,0.0,0.0,0.0,0.0,0.0,0.0,0.0,0.0,0.0,0.0,0.0,0.0,0.0
76,201704010LAC,"3:30 PM, April 1, 2017",2017,Los Angeles Clippers,Los Angeles Lakers,0,Wesley Johnson,0:00,0.0,0.0,0.0,0.0,0.0,0.0,0.0,0.0,0.0,0.0,0.0,0.0,0.0,0.0,0.0,0.0,0.0,0.0,0.0,0.0,0.0,0.0,0.0,0.0,0.0,0.0,0.0,0.0,0.0,0.0,0.0,0.0,0.0
77,201704010MIN,"8:00 PM, April 1, 2017",2017,Sacramento Kings,Minnesota Timberwolves,1,Buddy Hield,34:16,9,15,.600,4,6,.667,0,0,,0,4,4,1,1,0,1,3,22,-3,.733,.733,.400,.000,0.0,13.0,6.9,4.5,1.4,0.0,6.3,20.5,129,117
78,201704010MIN,"8:00 PM, April 1, 2017",2017,Sacramento Kings,Minnesota Timberwolves,1,Willie Cauley-Stein,27:25,5,9,.556,0,0,,5,7,.714,2,8,10,3,2,0,1,5,15,-1,.621,.556,.000,.778,9.2,32.6,21.6,14.9,3.5,0.0,7.6,20.9,132,107
79,201704010MIN,"8:00 PM, April 1, 2017",2017,Sacramento Kings,Minnesota Timberwolves,1,Darren Collison,25:36,2,7,.286,0,0,,3,4,.750,0,0,0,7,1,0,4,1,7,-10,.400,.286,.000,.571,0.0,0.0,0.0,32.6,1.9,0.0,31.3,21.8,84,120
80,201704010MIN,"8:00 PM, April 1, 2017",2017,Sacramento Kings,Minnesota Timberwolves,1,Skal Labissiere,19:48,3,6,.500,0,0,,0,0,,1,5,6,0,0,0,2,2,6,-7,.500,.500,.000,.000,6.4,28.2,18.0,0.0,0.0,0.0,25.0,17.7,78,116
81,201704010MIN,"8:00 PM, April 1, 2017",2017,Sacramento Kings,Minnesota Timberwolves,1,Ben McLemore,17:37,3,4,.750,0,0,,1,2,.500,2,1,3,0,0,0,4,5,7,-8,.717,.750,.000,.500,14.3,6.3,10.1,0.0,0.0,0.0,45.0,22.1,82,121
82,201704010MIN,"8:00 PM, April 1, 2017",2017,Sacramento Kings,Minnesota Timberwolves,0,Anthony Tolliver,28:24,4,10,.400,0,3,.000,0,1,.000,0,4,4,3,0,3,1,3,8,+15,.383,.400,.300,.100,0.0,15.7,8.3,13.6,0.0,8.5,8.7,17.7,84,113
83,201704010MIN,"8:00 PM, April 1, 2017",2017,Sacramento Kings,Minnesota Timberwolves,0,Arron Afflalo,26:16,5,9,.556,4,5,.800,2,3,.667,0,2,2,2,0,0,2,2,16,+11,.775,.778,.556,.333,0.0,8.5,4.5,10.5,0.0,0.0,16.2,20.6,125,121
84,201704010MIN,"8:00 PM, April 1, 2017",2017,Sacramento Kings,Minnesota Timberwolves,0,Ty Lawson,25:22,5,8,.625,0,1,.000,11,14,.786,0,2,2,11,1,0,1,3,21,+17,.742,.625,.125,1.750,0.0,8.8,4.7,60.3,1.9,0.0,6.6,26.2,163,117
85,201704010MIN,"8:00 PM, April 1, 2017",2017,Sacramento Kings,Minnesota Timberwolves,0,Georgios Papagiannis,20:21,2,3,.667,0,0,,0,0,,1,5,6,0,0,1,1,3,4,+5,.667,.667,.000,.000,6.2,27.4,17.5,0.0,0.0,3.9,25.0,8.6,104,114
86,201704010MIN,"8:00 PM, April 1, 2017",2017,Sacramento Kings,Minnesota Timberwolves,0,Langston Galloway,14:54,6,7,.857,3,4,.750,2,2,1.000,1,2,3,0,0,0,0,0,17,+11,1.079,1.071,.571,.286,8.5,15.0,11.9,0.0,0.0,0.0,0.0,23.2,206,120
87,201704010MIN,"8:00 PM, April 1, 2017",2017,Sacramento Kings,Minnesota Timberwolves,0,Garrett Temple,0:00,0.0,0.0,0.0,0.0,0.0,0.0,0.0,0.0,0.0,0.0,0.0,0.0,0.0,0.0,0.0,0.0,0.0,0.0,0.0,0.0,0.0,0.0,0.0,0.0,0.0,0.0,0.0,0.0,0.0,0.0,0.0,0.0,0.0
88,201704010MIN,"8:00 PM, April 1, 2017",2017,Sacramento Kings,Minnesota Timberwolves,0,Tyreke Evans,0:00,0.0,0.0,0.0,0.0,0.0,0.0,0.0,0.0,0.0,0.0,0.0,0.0,0.0,0.0,0.0,0.0,0.0,0.0,0.0,0.0,0.0,0.0,0.0,0.0,0.0,0.0,0.0,0.0,0.0,0.0,0.0,0.0,0.0
89,201704010MIN,"8:00 PM, April 1, 2017",2017,Sacramento Kings,Minnesota Timberwolves,0,Kosta Koufos,0:00,0.0,0.0,0.0,0.0,0.0,0.0,0.0,0.0,0.0,0.0,0.0,0.0,0.0,0.0,0.0,0.0,0.0,0.0,0.0,0.0,0.0,0.0,0.0,0.0,0.0,0.0,0.0,0.0,0.0,0.0,0.0,0.0,0.0
90,201704010MIN,"8:00 PM, April 1, 2017",2017,Minnesota Timberwolves,Sacramento Kings,1,Karl-Anthony Towns,39:43,8,17,.471,1,5,.200,9,10,.900,3,8,11,2,1,0,5,4,26,-17,.607,.500,.294,.588,8.4,25.4,16.4,8.2,1.2,0.0,18.9,28.1,107,122
91,201704010MIN,"8:00 PM, April 1, 2017",2017,Minnesota Timberwolves,Sacramento Kings,1,Andrew Wiggins,39:08,13,20,.650,4,7,.571,2,6,.333,1,2,3,3,0,1,1,1,32,+13,.707,.750,.350,.300,2.9,6.5,4.5,16.0,0.0,2.1,4.2,25.5,132,126
92,201704010MIN,"8:00 PM, April 1, 2017",2017,Minnesota Timberwolves,Sacramento Kings,1,Ricky Rubio,37:14,1,10,.100,0,3,.000,9,10,.900,1,5,6,13,2,0,2,3,11,+11,.382,.100,.300,1.000,3.0,17.0,9.5,44.4,2.6,0.0,12.2,18.6,108,121
93,201704010MIN,"8:00 PM, April 1, 2017",2017,Minnesota Timberwolves,Sacramento Kings,1,Gorgui Dieng,36:58,3,8,.375,1,2,.500,4,4,1.000,2,6,8,2,3,1,0,3,11,+7,.564,.438,.250,.500,6.0,20.5,12.8,7.4,3.9,2.2,0.0,11.1,135,115
94,201704010MIN,"8:00 PM, April 1, 2017",2017,Minnesota Timberwolves,Sacramento Kings,1,Brandon Rush,22:04,4,8,.500,3,5,.600,0,0,,0,2,2,1,0,0,0,1,11,+4,.688,.688,.625,.000,0.0,11.4,5.4,7.2,0.0,0.0,0.0,15.3,134,127
95,201704010MIN,"8:00 PM, April 1, 2017",2017,Minnesota Timberwolves,Sacramento Kings,0,Kris Dunn,18:33,2,7,.286,0,2,.000,0,0,,1,2,3,3,1,0,0,6,4,-18,.286,.286,.286,.000,6.0,13.6,9.6,23.0,2.6,0.0,0.0,15.9,89,120
96,201704010MIN,"8:00 PM, April 1, 2017",2017,Minnesota Timberwolves,Sacramento Kings,0,Shabazz Muhammad,16:02,2,6,.333,0,0,,2,2,1.000,1,1,2,0,0,0,1,2,6,-15,.436,.333,.000,.333,7.0,7.9,7.4,0.0,0.0,0.0,12.7,20.7,87,127
97,201704010MIN,"8:00 PM, April 1, 2017",2017,Minnesota Timberwolves,Sacramento Kings,0,Omri Casspi,12:13,1,2,.500,0,1,.000,2,2,1.000,0,2,2,0,0,0,0,1,4,-8,.694,.500,.500,1.000,0.0,20.7,9.7,0.0,0.0,0.0,0.0,10.0,150,126
98,201704010MIN,"8:00 PM, April 1, 2017",2017,Minnesota Timberwolves,Sacramento Kings,0,Tyus Jones,10:59,3,5,.600,0,1,.000,0,0,,0,1,1,3,1,0,1,0,6,-13,.600,.600,.200,.000,0.0,11.5,5.4,50.6,4.3,0.0,16.7,23.1,112,118
99,201704010MIN,"8:00 PM, April 1, 2017",2017,Minnesota Timberwolves,Sacramento Kings,0,Adreian Payne,7:06,2,4,.500,0,1,.000,2,4,.500,1,2,3,0,0,2,0,2,6,+6,.521,.500,.250,1.000,15.7,35.6,25.0,0.0,0.0,22.9,0.0,34.2,114,103
100,201704010MIN,"8:00 PM, April 1, 2017",2017,Minnesota Timberwolves,Sacramento Kings,0,Cole Aldrich,0:00,0.0,0.0,0.0,0.0,0.0,0.0,0.0,0.0,0.0,0.0,0.0,0.0,0.0,0.0,0.0,0.0,0.0,0.0,0.0,0.0,0.0,0.0,0.0,0.0,0.0,0.0,0.0,0.0,0.0,0.0,0.0,0.0,0.0
101,201704010MIN,"8:00 PM, April 1, 2017",2017,Minnesota Timberwolves,Sacramento Kings,0,Jordan Hill,0:00,0.0,0.0,0.0,0.0,0.0,0.0,0.0,0.0,0.0,0.0,0.0,0.0,0.0,0.0,0.0,0.0,0.0,0.0,0.0,0.0,0.0,0.0,0.0,0.0,0.0,0.0,0.0,0.0,0.0,0.0,0.0,0.0,0.0
102,201704010POR,"10:00 PM, April 1, 2017",2017,Phoenix Suns,Portland Trail Blazers,1,T.J. Warren,42:53,10,17,.588,2,2,1.000,3,4,.750,1,4,5,1,0,1,0,3,25,+4,.666,.647,.118,.235,2.6,10.9,6.7,3.4,0.0,2.0,0.0,18.2,145,133
103,201704010POR,"10:00 PM, April 1, 2017",2017,Phoenix Suns,Portland Trail Blazers,1,Devin Booker,42:05,10,25,.400,0,4,.000,11,14,.786,1,2,3,7,3,0,7,2,31,-6,.497,.400,.160,.560,2.7,5.6,4.1,24.5,3.4,0.0,18.3,37.8,97,128
104,201704010POR,"10:00 PM, April 1, 2017",2017,Phoenix Suns,Portland Trail Blazers,1,Tyler Ulis,37:56,4,11,.364,0,1,.000,3,4,.750,0,3,3,5,0,0,2,4,11,-13,.431,.364,.091,.364,0.0,9.3,4.5,16.2,0.0,0.0,13.6,16.2,96,135
105,201704010POR,"10:00 PM, April 1, 2017",2017,Phoenix Suns,Portland Trail Blazers,1,Marquese Chriss,34:28,7,10,.700,1,2,.500,4,4,1.000,2,11,13,1,1,2,4,1,19,0,.808,.750,.200,.400,6.5,37.4,21.6,4.1,1.4,5.1,25.4,19.1,124,121
106,201704010POR,"10:00 PM, April 1, 2017",2017,Phoenix Suns,Portland Trail Blazers,1,Alex Len,15:46,5,6,.833,0,0,,2,2,1.000,4,3,7,0,0,2,1,6,12,-10,.872,.833,.000,.333,28.3,22.3,25.4,0.0,0.0,11.1,12.7,20.8,161,124
107,201704010POR,"10:00 PM, April 1, 2017",2017,Phoenix Suns,Portland Trail Blazers,0,Derrick Jones,25:30,2,4,.500,0,0,,0,0,,2,4,6,0,2,0,0,5,4,+7,.500,.500,.000,.000,8.8,18.4,13.4,0.0,3.7,0.0,0.0,6.5,128,124
108,201704010POR,"10:00 PM, April 1, 2017",2017,Phoenix Suns,Portland Trail Blazers,0,Alan Williams,16:24,4,7,.571,0,0,,1,2,.500,3,2,5,0,0,1,1,2,9,-27,.571,.571,.000,.286,20.4,14.3,17.4,0.0,0.0,5.3,11.3,22.6,118,130
109,201704010POR,"10:00 PM, April 1, 2017",2017,Phoenix Suns,Portland Trail Blazers,0,Jared Dudley,15:49,2,4,.500,0,1,.000,2,2,1.000,0,0,0,2,2,0,2,1,6,-9,.615,.500,.250,.500,0.0,0.0,0.0,16.0,6.0,0.0,29.1,18.1,100,124
110,201704010POR,"10:00 PM, April 1, 2017",2017,Phoenix Suns,Portland Trail Blazers,0,Ronnie Price,9:09,0,0,,0,0,,0,0,,0,1,1,1,0,0,0,2,0,-11,,,,,0.0,12.8,6.2,11.9,0.0,0.0,,0.0,207,134
111,201704010POR,"10:00 PM, April 1, 2017",2017,Phoenix Suns,Portland Trail Blazers,0,Eric Bledsoe,0:00,0.0,0.0,0.0,0.0,0.0,0.0,0.0,0.0,0.0,0.0,0.0,0.0,0.0,0.0,0.0,0.0,0.0,0.0,0.0,0.0,0.0,0.0,0.0,0.0,0.0,0.0,0.0,0.0,0.0,0.0,0.0,0.0,0.0
112,201704010POR,"10:00 PM, April 1, 2017",2017,Phoenix Suns,Portland Trail Blazers,0,Jarell Eddie,0:00,0.0,0.0,0.0,0.0,0.0,0.0,0.0,0.0,0.0,0.0,0.0,0.0,0.0,0.0,0.0,0.0,0.0,0.0,0.0,0.0,0.0,0.0,0.0,0.0,0.0,0.0,0.0,0.0,0.0,0.0,0.0,0.0,0.0
113,201704010POR,"10:00 PM, April 1, 2017",2017,Phoenix Suns,Portland Trail Blazers,0,Tyson Chandler,0:00,0.0,0.0,0.0,0.0,0.0,0.0,0.0,0.0,0.0,0.0,0.0,0.0,0.0,0.0,0.0,0.0,0.0,0.0,0.0,0.0,0.0,0.0,0.0,0.0,0.0,0.0,0.0,0.0,0.0,0.0,0.0,0.0,0.0
114,201704010POR,"10:00 PM, April 1, 2017",2017,Phoenix Suns,Portland Trail Blazers,0,Brandon Knight,0:00,0.0,0.0,0.0,0.0,0.0,0.0,0.0,0.0,0.0,0.0,0.0,0.0,0.0,0.0,0.0,0.0,0.0,0.0,0.0,0.0,0.0,0.0,0.0,0.0,0.0,0.0,0.0,0.0,0.0,0.0,0.0,0.0,0.0
115,201704010POR,"10:00 PM, April 1, 2017",2017,Portland Trail Blazers,Phoenix Suns,1,Noah Vonleh,35:16,6,8,.750,0,0,,0,0,,5,8,13,2,2,0,2,5,12,+15,.750,.750,.000,.000,16.6,25.3,21.1,7.8,2.7,0.0,20.0,11.6,140,112
116,201704010POR,"10:00 PM, April 1, 2017",2017,Portland Trail Blazers,Phoenix Suns,1,CJ McCollum,35:05,10,19,.526,5,6,.833,4,4,1.000,1,4,5,7,1,0,2,1,29,+22,.698,.658,.316,.211,3.3,12.7,8.1,32.7,1.3,0.0,8.8,26.5,144,118
117,201704010POR,"10:00 PM, April 1, 2017",2017,Portland Trail Blazers,Phoenix Suns,1,Damian Lillard,34:38,7,16,.438,4,11,.364,13,13,1.000,1,4,5,7,1,0,4,3,31,+9,.714,.563,.688,.813,3.4,12.9,8.2,29.1,1.4,0.0,15.6,30.3,138,118
118,201704010POR,"10:00 PM, April 1, 2017",2017,Portland Trail Blazers,Phoenix Suns,1,Maurice Harkless,26:09,5,8,.625,0,1,.000,3,3,1.000,2,2,4,2,0,1,2,4,13,+21,.697,.625,.125,.375,9.0,8.5,8.7,10.9,0.0,2.5,17.7,17.7,130,120
119,201704010POR,"10:00 PM, April 1, 2017",2017,Portland Trail Blazers,Phoenix Suns,1,Meyers Leonard,21:50,1,5,.200,1,4,.250,4,4,1.000,0,4,4,0,1,0,0,4,7,+5,.518,.300,.800,.800,0.0,20.5,10.5,0.0,2.2,0.0,0.0,12.6,121,114
120,201704010POR,"10:00 PM, April 1, 2017",2017,Portland Trail Blazers,Phoenix Suns,0,Evan Turner,25:52,6,11,.545,2,3,.667,4,5,.800,0,1,1,2,2,1,1,0,18,+3,.682,.636,.273,.455,0.0,4.3,2.2,11.6,3.7,2.5,7.0,22.4,136,114
121,201704010POR,"10:00 PM, April 1, 2017",2017,Portland Trail Blazers,Phoenix Suns,0,Al-Farouq Aminu,25:52,5,11,.455,1,4,.250,1,2,.500,2,4,6,0,3,0,1,4,12,+5,.505,.500,.364,.182,9.1,17.3,13.3,0.0,5.5,0.0,7.8,20.3,105,108
122,201704010POR,"10:00 PM, April 1, 2017",2017,Portland Trail Blazers,Phoenix Suns,0,Allen Crabbe,23:44,2,8,.250,2,6,.333,0,0,,0,2,2,1,0,1,0,2,6,-6,.375,.375,.750,.000,0.0,9.4,4.8,5.2,0.0,2.7,0.0,13.8,91,120
123,201704010POR,"10:00 PM, April 1, 2017",2017,Portland Trail Blazers,Phoenix Suns,0,Shabazz Napier,5:57,0,4,.000,0,1,.000,0,0,,0,1,1,0,1,0,0,0,0,-5,.000,.000,.250,.000,0.0,18.8,9.6,0.0,7.9,0.0,0.0,27.4,0,103
124,201704010POR,"10:00 PM, April 1, 2017",2017,Portland Trail Blazers,Phoenix Suns,0,Pat Connaughton,2:49,1,2,.500,0,1,.000,0,0,,0,0,0,0,1,0,0,0,2,-2,.500,.500,.500,.000,0.0,0.0,0.0,0.0,16.8,0.0,0.0,29.0,102,89
125,201704010POR,"10:00 PM, April 1, 2017",2017,Portland Trail Blazers,Phoenix Suns,0,Jake Layman,2:49,0,0,,0,0,,0,0,,0,0,0,0,0,0,0,0,0,-2,,,,,0.0,0.0,0.0,0.0,0.0,0.0,,0.0,0,124
126,201704010POR,"10:00 PM, April 1, 2017",2017,Portland Trail Blazers,Phoenix Suns,0,Tim Quarterman,0:00,0.0,0.0,0.0,0.0,0.0,0.0,0.0,0.0,0.0,0.0,0.0,0.0,0.0,0.0,0.0,0.0,0.0,0.0,0.0,0.0,0.0,0.0,0.0,0.0,0.0,0.0,0.0,0.0,0.0,0.0,0.0,0.0,0.0
127,201704020BRK,"6:00 PM, April 2, 2017",2017,Atlanta Hawks,Brooklyn Nets,1,Dennis Schroder,40:52,7,20,.350,2,5,.400,0,0,,1,4,5,8,2,1,5,0,16,-8,.400,.400,.250,.000,2.3,10.7,6.2,43.1,2.4,2.4,20.0,26.9,76,92
128,201704020BRK,"6:00 PM, April 2, 2017",2017,Atlanta Hawks,Brooklyn Nets,1,Taurean Waller-Prince,36:08,5,12,.417,1,3,.333,2,5,.400,1,4,5,2,2,1,0,4,13,+1,.458,.458,.250,.417,2.6,12.1,7.0,11.4,2.7,2.7,0.0,17.3,98,90
129,201704020BRK,"6:00 PM, April 2, 2017",2017,Atlanta Hawks,Brooklyn Nets,1,Tim Hardaway,35:51,5,10,.500,1,3,.333,3,4,.750,0,6,6,1,0,0,5,2,14,-12,.595,.550,.300,.400,0.0,18.3,8.5,5.7,0.0,0.0,29.8,20.6,79,97
130,201704020BRK,"6:00 PM, April 2, 2017",2017,Atlanta Hawks,Brooklyn Nets,1,Dwight Howard,25:25,4,6,.667,0,0,,3,4,.750,1,10,11,0,0,1,5,2,11,-1,.709,.667,.000,.667,3.7,42.9,21.9,0.0,0.0,3.9,39.2,22.1,80,88
131,201704020BRK,"6:00 PM, April 2, 2017",2017,Atlanta Hawks,Brooklyn Nets,1,Ersan Ilyasova,20:18,1,5,.200,1,3,.333,1,2,.500,0,0,0,2,1,1,1,3,4,-6,.340,.300,.600,.400,0.0,0.0,0.0,17.1,2.4,4.8,14.5,14.9,70,93
132,201704020BRK,"6:00 PM, April 2, 2017",2017,Atlanta Hawks,Brooklyn Nets,0,Paul Millsap,25:43,4,14,.286,1,5,.200,5,6,.833,0,4,4,2,0,0,0,3,14,-3,.421,.321,.357,.429,0.0,17.0,7.9,16.6,0.0,0.0,0.0,28.5,92,97
133,201704020BRK,"6:00 PM, April 2, 2017",2017,Atlanta Hawks,Brooklyn Nets,0,Jose Calderon,16:42,0,2,.000,0,1,.000,0,0,,0,3,3,0,1,0,1,0,0,+1,.000,.000,.500,.000,0.0,19.6,9.1,0.0,2.9,0.0,33.3,7.9,0,90
134,201704020BRK,"6:00 PM, April 2, 2017",2017,Atlanta Hawks,Brooklyn Nets,0,Kent Bazemore,15:40,1,6,.167,0,2,.000,1,2,.500,4,2,6,3,3,0,2,4,3,-5,.218,.167,.333,.333,24.0,13.9,19.4,34.1,9.2,0.0,22.5,24.9,67,77
135,201704020BRK,"6:00 PM, April 2, 2017",2017,Atlanta Hawks,Brooklyn Nets,0,Mike Muscala,11:44,3,4,.750,1,1,1.000,0,0,,1,2,3,0,0,0,0,0,7,-8,.875,.875,.250,.000,8.0,18.6,12.9,0.0,0.0,0.0,0.0,15.0,162,97
136,201704020BRK,"6:00 PM, April 2, 2017",2017,Atlanta Hawks,Brooklyn Nets,0,Mike Dunleavy,11:37,0,1,.000,0,1,.000,0,0,,0,1,1,1,0,0,0,1,0,-4,.000,.000,1.000,.000,0.0,9.4,4.3,13.8,0.0,0.0,0.0,3.8,43,99
137,201704020BRK,"6:00 PM, April 2, 2017",2017,Atlanta Hawks,Brooklyn Nets,0,Ryan Kelly,0:00,0.0,0.0,0.0,0.0,0.0,0.0,0.0,0.0,0.0,0.0,0.0,0.0,0.0,0.0,0.0,0.0,0.0,0.0,0.0,0.0,0.0,0.0,0.0,0.0,0.0,0.0,0.0,0.0,0.0,0.0,0.0,0.0,0.0
138,201704020BRK,"6:00 PM, April 2, 2017",2017,Atlanta Hawks,Brooklyn Nets,0,DeAndre' Bembry,0:00,0.0,0.0,0.0,0.0,0.0,0.0,0.0,0.0,0.0,0.0,0.0,0.0,0.0,0.0,0.0,0.0,0.0,0.0,0.0,0.0,0.0,0.0,0.0,0.0,0.0,0.0,0.0,0.0,0.0,0.0,0.0,0.0,0.0
139,201704020BRK,"6:00 PM, April 2, 2017",2017,Atlanta Hawks,Brooklyn Nets,0,Kris Humphries,0:00,0.0,0.0,0.0,0.0,0.0,0.0,0.0,0.0,0.0,0.0,0.0,0.0,0.0,0.0,0.0,0.0,0.0,0.0,0.0,0.0,0.0,0.0,0.0,0.0,0.0,0.0,0.0,0.0,0.0,0.0,0.0,0.0,0.0
140,201704020BRK,"6:00 PM, April 2, 2017",2017,Brooklyn Nets,Atlanta Hawks,1,Jeremy Lin,31:19,5,10,.500,2,4,.500,3,4,.750,1,5,6,6,0,0,3,1,15,+10,.638,.600,.400,.400,3.5,15.0,9.7,37.8,0.0,0.0,20.3,20.6,113,89
141,201704020BRK,"6:00 PM, April 2, 2017",2017,Brooklyn Nets,Atlanta Hawks,1,Brook Lopez,30:32,12,20,.600,3,7,.429,2,2,1.000,1,4,5,5,2,5,5,1,29,+4,.694,.675,.350,.100,3.6,12.3,8.3,59.8,3.2,14.0,19.3,37.1,109,73
142,201704020BRK,"6:00 PM, April 2, 2017",2017,Brooklyn Nets,Atlanta Hawks,1,Rondae Hollis-Jefferson,26:59,4,8,.500,2,2,1.000,1,2,.500,1,4,5,2,3,0,3,0,11,-6,.619,.625,.250,.250,4.0,14.0,9.4,14.3,5.4,0.0,25.3,19.2,93,78
143,201704020BRK,"6:00 PM, April 2, 2017",2017,Brooklyn Nets,Atlanta Hawks,1,Caris LeVert,18:13,3,8,.375,1,4,.250,2,2,1.000,0,2,2,1,0,0,0,6,9,-4,.507,.438,.500,.250,0.0,10.3,5.5,10.9,0.0,0.0,0.0,21.3,108,89
144,201704020BRK,"6:00 PM, April 2, 2017",2017,Brooklyn Nets,Atlanta Hawks,1,Randy Foye,14:13,1,3,.333,0,2,.000,1,1,1.000,0,3,3,3,1,0,0,0,3,-1,.436,.333,.667,.333,0.0,19.9,10.7,35.4,3.4,0.0,0.0,10.6,120,81
145,201704020BRK,"6:00 PM, April 2, 2017",2017,Brooklyn Nets,Atlanta Hawks,0,Sean Kilpatrick,25:09,1,8,.125,0,5,.000,2,2,1.000,1,10,11,1,0,0,0,0,4,+14,.225,.125,.625,.250,4.3,37.4,22.1,6.3,0.0,0.0,0.0,15.4,62,84
146,201704020BRK,"6:00 PM, April 2, 2017",2017,Brooklyn Nets,Atlanta Hawks,0,Isaiah Whitehead,23:16,2,4,.500,0,1,.000,2,2,1.000,2,2,4,2,0,0,3,4,6,+14,.615,.500,.250,.500,9.4,8.1,8.7,14.8,0.0,0.0,38.1,14.8,92,90
147,201704020BRK,"6:00 PM, April 2, 2017",2017,Brooklyn Nets,Atlanta Hawks,0,Trevor Booker,22:10,3,10,.300,1,4,.250,0,0,,2,5,7,1,3,0,1,5,7,+17,.350,.350,.400,.000,9.8,21.2,16.0,8.5,6.5,0.0,9.1,21.7,76,73
148,201704020BRK,"6:00 PM, April 2, 2017",2017,Brooklyn Nets,Atlanta Hawks,0,Spencer Dinwiddie,21:50,1,4,.250,1,2,.500,4,5,.800,0,2,2,0,2,1,0,1,7,+3,.565,.375,.500,1.250,0.0,8.6,4.6,0.0,4.4,3.9,0.0,12.4,122,78
149,201704020BRK,"6:00 PM, April 2, 2017",2017,Brooklyn Nets,Atlanta Hawks,0,Quincy Acy,16:10,0,4,.000,0,2,.000,0,0,,0,5,5,0,0,0,1,2,0,+3,.000,.000,.500,.000,0.0,29.1,15.6,0.0,0.0,0.0,20.0,13.5,0,85
150,201704020BRK,"6:00 PM, April 2, 2017",2017,Brooklyn Nets,Atlanta Hawks,0,Archie Goodwin,10:09,0,3,.000,0,0,,0,0,,0,1,1,0,0,0,3,2,0,-9,.000,.000,.000,.000,0.0,9.3,5.0,0.0,0.0,0.0,50.0,25.8,0,90
151,201704020BRK,"6:00 PM, April 2, 2017",2017,Brooklyn Nets,Atlanta Hawks,0,K.J. McDaniels,0:00,0.0,0.0,0.0,0.0,0.0,0.0,0.0,0.0,0.0,0.0,0.0,0.0,0.0,0.0,0.0,0.0,0.0,0.0,0.0,0.0,0.0,0.0,0.0,0.0,0.0,0.0,0.0,0.0,0.0,0.0,0.0,0.0,0.0
152,201704020BRK,"6:00 PM, April 2, 2017",2017,Brooklyn Nets,Atlanta Hawks,0,Justin Hamilton,0:00,0.0,0.0,0.0,0.0,0.0,0.0,0.0,0.0,0.0,0.0,0.0,0.0,0.0,0.0,0.0,0.0,0.0,0.0,0.0,0.0,0.0,0.0,0.0,0.0,0.0,0.0,0.0,0.0,0.0,0.0,0.0,0.0,0.0
153,201704020CLE,"6:00 PM, April 2, 2017",2017,Indiana Pacers,Cleveland Cavaliers,1,Paul George,48:01,16,33,.485,6,16,.375,5,7,.714,0,9,9,9,3,1,3,5,43,+17,.596,.576,.485,.212,0.0,22.2,10.7,37.9,3.4,2.3,7.7,38.4,118,118
154,201704020CLE,"6:00 PM, April 2, 2017",2017,Indiana Pacers,Cleveland Cavaliers,1,Myles Turner,47:17,3,8,.375,0,1,.000,2,2,1.000,0,3,3,2,1,1,0,1,8,0,.450,.375,.125,.250,0.0,7.5,3.6,5.5,1.1,2.4,0.0,8.9,106,128
155,201704020CLE,"6:00 PM, April 2, 2017",2017,Indiana Pacers,Cleveland Cavaliers,1,Jeff Teague,43:32,5,13,.385,4,9,.444,3,3,1.000,1,3,4,11,1,0,3,2,17,-2,.594,.538,.692,.231,2.5,8.2,5.2,35.5,1.2,0.0,17.3,18.8,122,129
156,201704020CLE,"6:00 PM, April 2, 2017",2017,Indiana Pacers,Cleveland Cavaliers,1,Monta Ellis,35:51,3,8,.375,1,2,.500,0,0,,2,4,6,3,0,0,0,2,7,+1,.438,.438,.250,.000,6.1,13.2,9.5,11.2,0.0,0.0,0.0,10.5,117,130
157,201704020CLE,"6:00 PM, April 2, 2017",2017,Indiana Pacers,Cleveland Cavaliers,1,Thaddeus Young,28:31,9,12,.750,0,1,.000,1,1,1.000,4,5,9,0,0,0,0,3,19,-10,.764,.750,.083,.083,15.4,20.8,17.9,0.0,0.0,0.0,0.0,20.6,159,127
158,201704020CLE,"6:00 PM, April 2, 2017",2017,Indiana Pacers,Cleveland Cavaliers,0,C.J. Miles,33:42,8,13,.615,5,9,.556,6,6,1.000,2,4,6,2,1,0,0,1,27,-12,.863,.808,.692,.462,6.5,14.0,10.1,10.1,1.6,0.0,0.0,21.9,176,126
159,201704020CLE,"6:00 PM, April 2, 2017",2017,Indiana Pacers,Cleveland Cavaliers,0,Lance Stephenson,18:06,2,7,.286,0,1,.000,0,0,,0,3,3,3,0,0,1,5,4,-6,.286,.286,.143,.000,0.0,19.6,9.4,23.1,0.0,0.0,12.5,20.9,72,127
160,201704020CLE,"6:00 PM, April 2, 2017",2017,Indiana Pacers,Cleveland Cavaliers,0,Lavoy Allen,16:07,2,2,1.000,0,0,,1,1,1.000,1,3,4,0,0,0,0,2,5,-3,1.025,1.000,.000,.500,6.8,22.0,14.1,0.0,0.0,0.0,0.0,7.2,216,127
161,201704020CLE,"6:00 PM, April 2, 2017",2017,Indiana Pacers,Cleveland Cavaliers,0,Aaron Brooks,14:28,0,7,.000,0,2,.000,0,0,,2,0,2,2,0,1,2,3,0,-3,.000,.000,.286,.000,15.1,0.0,7.9,16.7,0.0,7.7,22.2,29.4,33,129
162,201704020CLE,"6:00 PM, April 2, 2017",2017,Indiana Pacers,Cleveland Cavaliers,0,Kevin Seraphin,4:25,0,2,.000,0,0,,0,0,,0,0,0,0,0,0,0,0,0,-7,.000,.000,.000,.000,0.0,0.0,0.0,0.0,0.0,0.0,0.0,21.4,0,135
163,201704020CLE,"6:00 PM, April 2, 2017",2017,Indiana Pacers,Cleveland Cavaliers,0,Al Jefferson,0:00,0.0,0.0,0.0,0.0,0.0,0.0,0.0,0.0,0.0,0.0,0.0,0.0,0.0,0.0,0.0,0.0,0.0,0.0,0.0,0.0,0.0,0.0,0.0,0.0,0.0,0.0,0.0,0.0,0.0,0.0,0.0,0.0,0.0
164,201704020CLE,"6:00 PM, April 2, 2017",2017,Indiana Pacers,Cleveland Cavaliers,0,Rakeem Christmas,0:00,0.0,0.0,0.0,0.0,0.0,0.0,0.0,0.0,0.0,0.0,0.0,0.0,0.0,0.0,0.0,0.0,0.0,0.0,0.0,0.0,0.0,0.0,0.0,0.0,0.0,0.0,0.0,0.0,0.0,0.0,0.0,0.0,0.0
165,201704020CLE,"6:00 PM, April 2, 2017",2017,Indiana Pacers,Cleveland Cavaliers,0,Joe Young,0:00,0.0,0.0,0.0,0.0,0.0,0.0,0.0,0.0,0.0,0.0,0.0,0.0,0.0,0.0,0.0,0.0,0.0,0.0,0.0,0.0,0.0,0.0,0.0,0.0,0.0,0.0,0.0,0.0,0.0,0.0,0.0,0.0,0.0
166,201704020CLE,"6:00 PM, April 2, 2017",2017,Cleveland Cavaliers,Indiana Pacers,1,LeBron James,51:39,16,29,.552,3,10,.300,6,12,.500,4,10,14,11,2,1,1,4,41,-1,.598,.603,.345,.414,9.2,21.2,15.4,42.5,2.1,1.8,2.8,32.3,140,118
167,201704020CLE,"6:00 PM, April 2, 2017",2017,Cleveland Cavaliers,Indiana Pacers,1,Kyrie Irving,45:50,5,20,.250,2,5,.400,11,11,1.000,2,3,5,7,1,1,3,4,23,+6,.463,.300,.250,.550,5.2,7.2,6.2,21.8,1.2,2.0,10.8,28.8,111,124
168,201704020CLE,"6:00 PM, April 2, 2017",2017,Cleveland Cavaliers,Indiana Pacers,1,Tristan Thompson,42:35,5,7,.714,0,0,,2,4,.500,5,4,9,0,1,0,2,4,12,-3,.685,.714,.000,.571,13.9,10.3,12.0,0.0,1.3,0.0,18.6,12.0,126,124
169,201704020CLE,"6:00 PM, April 2, 2017",2017,Cleveland Cavaliers,Indiana Pacers,1,J.R. Smith,42:20,6,12,.500,6,11,.545,0,0,,1,4,5,2,2,0,0,1,18,-3,.750,.750,.917,.000,2.8,10.3,6.7,7.1,2.6,0.0,0.0,13.4,159,121
170,201704020CLE,"6:00 PM, April 2, 2017",2017,Cleveland Cavaliers,Indiana Pacers,1,Kevin Love,37:28,8,12,.667,3,6,.500,1,2,.500,3,9,12,1,0,0,4,2,20,+4,.776,.792,.500,.167,9.5,26.3,18.2,4.5,0.0,0.0,23.7,21.3,117,122
171,201704020CLE,"6:00 PM, April 2, 2017",2017,Cleveland Cavaliers,Indiana Pacers,0,Iman Shumpert,23:29,0,1,.000,0,1,.000,2,2,1.000,0,2,2,1,1,1,2,2,2,+11,.532,.000,1.000,2.000,0.0,9.3,4.8,5.3,2.3,3.9,51.5,7.8,67,119
172,201704020CLE,"6:00 PM, April 2, 2017",2017,Cleveland Cavaliers,Indiana Pacers,0,Channing Frye,18:48,4,7,.571,2,5,.400,0,0,,0,7,7,0,0,1,0,1,10,+2,.714,.714,.714,.000,0.0,40.7,21.2,0.0,0.0,4.8,0.0,17.6,141,114
173,201704020CLE,"6:00 PM, April 2, 2017",2017,Cleveland Cavaliers,Indiana Pacers,0,Deron Williams,17:04,3,5,.600,2,4,.500,1,2,.500,0,0,0,6,0,0,1,1,9,+10,.765,.800,.800,.400,0.0,0.0,0.0,55.4,0.0,0.0,14.5,19.1,156,130
174,201704020CLE,"6:00 PM, April 2, 2017",2017,Cleveland Cavaliers,Indiana Pacers,0,Richard Jefferson,10:47,0,2,.000,0,1,.000,0,0,,0,2,2,1,0,0,0,0,0,-1,.000,.000,.500,.000,0.0,20.3,10.5,11.4,0.0,0.0,0.0,8.8,41,124
175,201704020CLE,"6:00 PM, April 2, 2017",2017,Cleveland Cavaliers,Indiana Pacers,0,DeAndre Liggins,0:00,0.0,0.0,0.0,0.0,0.0,0.0,0.0,0.0,0.0,0.0,0.0,0.0,0.0,0.0,0.0,0.0,0.0,0.0,0.0,0.0,0.0,0.0,0.0,0.0,0.0,0.0,0.0,0.0,0.0,0.0,0.0,0.0,0.0
176,201704020CLE,"6:00 PM, April 2, 2017",2017,Cleveland Cavaliers,Indiana Pacers,0,Derrick Williams,0:00,0.0,0.0,0.0,0.0,0.0,0.0,0.0,0.0,0.0,0.0,0.0,0.0,0.0,0.0,0.0,0.0,0.0,0.0,0.0,0.0,0.0,0.0,0.0,0.0,0.0,0.0,0.0,0.0,0.0,0.0,0.0,0.0,0.0
177,201704020CLE,"6:00 PM, April 2, 2017",2017,Cleveland Cavaliers,Indiana Pacers,0,James Jones,0:00,0.0,0.0,0.0,0.0,0.0,0.0,0.0,0.0,0.0,0.0,0.0,0.0,0.0,0.0,0.0,0.0,0.0,0.0,0.0,0.0,0.0,0.0,0.0,0.0,0.0,0.0,0.0,0.0,0.0,0.0,0.0,0.0,0.0
178,201704020CLE,"6:00 PM, April 2, 2017",2017,Cleveland Cavaliers,Indiana Pacers,0,Larry Sanders,0:00,0.0,0.0,0.0,0.0,0.0,0.0,0.0,0.0,0.0,0.0,0.0,0.0,0.0,0.0,0.0,0.0,0.0,0.0,0.0,0.0,0.0,0.0,0.0,0.0,0.0,0.0,0.0,0.0,0.0,0.0,0.0,0.0,0.0
179,201704020GSW,"8:00 PM, April 2, 2017",2017,Washington Wizards,Golden State Warriors,1,Bradley Beal,30:35,8,15,.533,2,2,1.000,2,4,.500,0,2,2,5,2,0,3,1,20,-16,.597,.600,.133,.267,0.0,8.0,3.8,25.8,3.0,0.0,15.2,26.5,106,132
180,201704020GSW,"8:00 PM, April 2, 2017",2017,Washington Wizards,Golden State Warriors,1,John Wall,26:43,4,11,.364,0,1,.000,7,8,.875,0,4,4,11,1,0,3,0,15,-14,.517,.364,.091,.727,0.0,18.4,8.8,55.2,1.7,0.0,17.1,26.9,112,133
181,201704020GSW,"8:00 PM, April 2, 2017",2017,Washington Wizards,Golden State Warriors,1,Markieff Morris,23:30,6,11,.545,1,2,.500,0,0,,2,3,5,1,1,0,2,2,13,-11,.591,.591,.182,.000,9.5,15.7,12.5,6.6,2.0,0.0,15.4,22.7,103,133
182,201704020GSW,"8:00 PM, April 2, 2017",2017,Washington Wizards,Golden State Warriors,1,Otto Porter,23:04,5,10,.500,2,5,.400,1,1,1.000,2,4,6,1,2,1,0,0,13,-15,.623,.600,.500,.100,9.7,21.3,15.2,6.4,4.0,4.0,0.0,18.6,133,125
183,201704020GSW,"8:00 PM, April 2, 2017",2017,Washington Wizards,Golden State Warriors,1,Marcin Gortat,15:54,3,5,.600,0,0,,1,2,.500,1,2,3,0,0,1,1,3,7,-14,.595,.600,.000,.400,7.0,15.5,11.0,0.0,0.0,5.8,14.5,17.8,103,134
184,201704020GSW,"8:00 PM, April 2, 2017",2017,Washington Wizards,Golden State Warriors,0,Kelly Oubre,29:29,2,11,.182,0,6,.000,2,4,.500,1,1,2,0,0,1,0,4,6,-16,.235,.182,.545,.364,3.8,4.2,4.0,0.0,0.0,3.1,0.0,17.8,58,138
185,201704020GSW,"8:00 PM, April 2, 2017",2017,Washington Wizards,Golden State Warriors,0,Bojan Bogdanovic,28:40,6,11,.545,4,7,.571,4,4,1.000,1,5,6,1,2,0,3,2,20,-9,.784,.727,.636,.364,3.9,21.5,12.3,5.1,3.2,0.0,19.0,22.6,122,129
186,201704020GSW,"8:00 PM, April 2, 2017",2017,Washington Wizards,Golden State Warriors,0,Brandon Jennings,22:54,3,8,.375,1,3,.333,2,2,1.000,1,6,7,3,0,0,1,4,9,-6,.507,.438,.375,.250,4.9,32.2,17.9,17.1,0.0,0.0,10.1,17.7,109,135
187,201704020GSW,"8:00 PM, April 2, 2017",2017,Washington Wizards,Golden State Warriors,0,Ian Mahinmi,21:17,4,4,1.000,0,0,,0,0,,0,2,2,3,1,0,1,4,8,+4,1.000,1.000,.000,.000,0.0,11.6,5.5,19.9,2.2,0.0,20.0,9.6,157,133
188,201704020GSW,"8:00 PM, April 2, 2017",2017,Washington Wizards,Golden State Warriors,0,Tomas Satoransky,15:48,2,4,.500,0,1,.000,0,0,,0,0,0,3,0,0,0,0,4,-12,.500,.500,.250,.000,0.0,0.0,0.0,24.7,0.0,0.0,0.0,10.4,125,141
189,201704020GSW,"8:00 PM, April 2, 2017",2017,Washington Wizards,Golden State Warriors,0,Daniel Ochefu,2:07,0,2,.000,0,0,,0,0,,1,0,1,0,0,0,0,0,0,-11,.000,.000,.000,.000,52.7,0.0,27.7,0.0,0.0,0.0,0.0,38.8,40,141
190,201704020GSW,"8:00 PM, April 2, 2017",2017,Washington Wizards,Golden State Warriors,0,Trey Burke,0:00,0.0,0.0,0.0,0.0,0.0,0.0,0.0,0.0,0.0,0.0,0.0,0.0,0.0,0.0,0.0,0.0,0.0,0.0,0.0,0.0,0.0,0.0,0.0,0.0,0.0,0.0,0.0,0.0,0.0,0.0,0.0,0.0,0.0
191,201704020GSW,"8:00 PM, April 2, 2017",2017,Washington Wizards,Golden State Warriors,0,Jason Smith,0:00,0.0,0.0,0.0,0.0,0.0,0.0,0.0,0.0,0.0,0.0,0.0,0.0,0.0,0.0,0.0,0.0,0.0,0.0,0.0,0.0,0.0,0.0,0.0,0.0,0.0,0.0,0.0,0.0,0.0,0.0,0.0,0.0,0.0
192,201704020GSW,"8:00 PM, April 2, 2017",2017,Golden State Warriors,Washington Wizards,1,Stephen Curry,35:33,15,22,.682,9,14,.643,3,3,1.000,0,1,1,8,1,0,1,3,42,+26,.901,.886,.636,.136,0.0,3.1,1.6,36.3,1.3,0.0,4.1,28.4,173,116
193,201704020GSW,"8:00 PM, April 2, 2017",2017,Golden State Warriors,Washington Wizards,1,Draymond Green,35:27,3,8,.375,1,3,.333,4,6,.667,0,11,11,13,1,1,4,2,11,+28,.517,.438,.375,.750,0.0,34.6,18.2,38.3,1.3,2.1,27.3,17.2,116,107
194,201704020GSW,"8:00 PM, April 2, 2017",2017,Golden State Warriors,Washington Wizards,1,Klay Thompson,32:45,9,20,.450,4,10,.400,1,1,1.000,0,1,1,3,1,1,2,2,23,+15,.563,.550,.500,.050,0.0,3.4,1.8,11.9,1.4,2.3,8.9,28.5,108,114
195,201704020GSW,"8:00 PM, April 2, 2017",2017,Golden State Warriors,Washington Wizards,1,Zaza Pachulia,13:42,3,5,.600,0,0,,2,2,1.000,1,4,5,1,1,0,1,2,8,+8,.680,.600,.000,.400,9.0,32.6,21.4,8.9,3.4,0.0,14.5,20.9,129,105
196,201704020GSW,"8:00 PM, April 2, 2017",2017,Golden State Warriors,Washington Wizards,1,Patrick McCaw,13:18,1,3,.333,0,1,.000,2,2,1.000,1,0,1,1,0,0,1,0,4,+11,.515,.333,.333,.667,9.3,0.0,4.4,7.8,0.0,0.0,20.5,15.3,109,119
197,201704020GSW,"8:00 PM, April 2, 2017",2017,Golden State Warriors,Washington Wizards,0,Andre Iguodala,26:26,3,5,.600,1,3,.333,2,2,1.000,0,2,2,4,1,1,2,1,9,+3,.765,.700,.600,.400,0.0,8.4,4.4,16.3,1.7,2.8,25.4,12.4,129,111
198,201704020GSW,"8:00 PM, April 2, 2017",2017,Golden State Warriors,Washington Wizards,0,Shaun Livingston,20:46,8,10,.800,0,0,,1,1,1.000,2,5,7,0,0,1,0,3,17,+11,.814,.800,.000,.100,11.9,26.9,19.7,0.0,0.0,3.6,0.0,20.9,167,110
199,201704020GSW,"8:00 PM, April 2, 2017",2017,Golden State Warriors,Washington Wizards,0,Matt Barnes,20:00,0,3,.000,0,3,.000,2,2,1.000,0,2,2,2,0,1,0,1,2,+9,.258,.000,1.000,.667,0.0,11.2,5.9,9.6,0.0,3.7,0.0,8.1,94,114
200,201704020GSW,"8:00 PM, April 2, 2017",2017,Golden State Warriors,Washington Wizards,0,David West,17:38,3,4,.750,0,0,,4,4,1.000,1,2,3,2,1,2,3,2,10,-3,.868,.750,.000,1.000,7.0,12.7,10.0,13.0,2.6,8.4,34.2,20.7,123,104
201,201704020GSW,"8:00 PM, April 2, 2017",2017,Golden State Warriors,Washington Wizards,0,Ian Clark,12:10,1,2,.500,1,2,.500,0,0,,1,2,3,0,0,0,0,3,3,-4,.750,.750,1.000,.000,10.1,18.3,14.4,0.0,0.0,0.0,0.0,6.8,164,115
202,201704020GSW,"8:00 PM, April 2, 2017",2017,Golden State Warriors,Washington Wizards,0,JaVale McGee,8:25,4,6,.667,0,0,,2,3,.667,4,2,6,0,1,3,1,0,10,+14,.683,.667,.000,.500,58.5,26.5,41.7,0.0,5.5,26.3,12.0,41.1,138,81
203,201704020GSW,"8:00 PM, April 2, 2017",2017,Golden State Warriors,Washington Wizards,0,James Michael McAdoo,3:51,0,0,,0,0,,0,0,,0,2,2,0,0,0,1,1,0,+2,,,,,0.0,58.0,30.4,0.0,0.0,0.0,100.0,10.8,0,106
204,201704020LAL,"3:30 PM, April 2, 2017",2017,Memphis Grizzlies,Los Angeles Lakers,1,James Ennis,36:39,5,10,.500,2,4,.500,2,2,1.000,1,7,8,4,1,1,2,0,14,+5,.643,.600,.400,.200,3.4,20.4,12.5,15.7,1.4,2.0,15.5,16.8,117,114
205,201704020LAL,"3:30 PM, April 2, 2017",2017,Memphis Grizzlies,Los Angeles Lakers,1,Mike Conley,35:44,6,17,.353,4,11,.364,4,4,1.000,0,3,3,12,1,1,0,3,20,+4,.533,.471,.647,.235,0.0,9.0,4.8,50.5,1.5,2.0,0.0,25.2,129,119
206,201704020LAL,"3:30 PM, April 2, 2017",2017,Memphis Grizzlies,Los Angeles Lakers,1,Tony Allen,32:41,6,8,.750,1,1,1.000,0,0,,1,8,9,3,2,1,1,3,13,-1,.813,.813,.125,.000,3.8,26.1,15.7,14.1,3.2,2.2,11.1,13.2,144,108
207,201704020LAL,"3:30 PM, April 2, 2017",2017,Memphis Grizzlies,Los Angeles Lakers,1,Brandan Wright,31:55,7,10,.700,0,0,,2,3,.667,1,2,3,2,0,1,3,3,16,0,.707,.700,.000,.300,3.9,6.7,5.4,10.2,0.0,2.3,20.9,21.5,110,123
208,201704020LAL,"3:30 PM, April 2, 2017",2017,Memphis Grizzlies,Los Angeles Lakers,1,Wayne Selden,27:20,2,5,.400,0,2,.000,1,2,.500,0,2,2,3,1,0,2,5,5,+4,.425,.400,.400,.400,0.0,7.8,4.2,14.4,1.9,0.0,25.4,13.8,79,119
209,201704020LAL,"3:30 PM, April 2, 2017",2017,Memphis Grizzlies,Los Angeles Lakers,0,Troy Daniels,30:53,7,13,.538,6,11,.545,0,0,,0,2,2,3,1,0,1,2,20,-13,.769,.769,.846,.000,0.0,6.9,3.7,16.0,1.7,0.0,7.1,21.7,130,121
210,201704020LAL,"3:30 PM, April 2, 2017",2017,Memphis Grizzlies,Los Angeles Lakers,0,Zach Randolph,30:06,6,16,.375,0,1,.000,1,3,.333,2,4,6,1,1,0,3,3,13,-13,.375,.375,.063,.188,8.2,14.2,11.4,5.2,1.7,0.0,14.8,32.4,70,117
211,201704020LAL,"3:30 PM, April 2, 2017",2017,Memphis Grizzlies,Los Angeles Lakers,0,Wade Baldwin,14:42,1,1,1.000,0,0,,0,0,,0,0,0,1,1,1,2,0,2,-11,1.000,1.000,.000,.000,0.0,0.0,0.0,8.9,3.5,4.9,66.7,9.8,64,117
212,201704020LAL,"3:30 PM, April 2, 2017",2017,Memphis Grizzlies,Los Angeles Lakers,0,Deyonta Davis,0:00,0.0,0.0,0.0,0.0,0.0,0.0,0.0,0.0,0.0,0.0,0.0,0.0,0.0,0.0,0.0,0.0,0.0,0.0,0.0,0.0,0.0,0.0,0.0,0.0,0.0,0.0,0.0,0.0,0.0,0.0,0.0,0.0,0.0
213,201704020LAL,"3:30 PM, April 2, 2017",2017,Memphis Grizzlies,Los Angeles Lakers,0,Jarell Martin,0:00,0.0,0.0,0.0,0.0,0.0,0.0,0.0,0.0,0.0,0.0,0.0,0.0,0.0,0.0,0.0,0.0,0.0,0.0,0.0,0.0,0.0,0.0,0.0,0.0,0.0,0.0,0.0,0.0,0.0,0.0,0.0,0.0,0.0
214,201704020LAL,"3:30 PM, April 2, 2017",2017,Los Angeles Lakers,Memphis Grizzlies,1,Larry Nance,40:12,4,8,.500,1,1,1.000,3,4,.750,6,8,14,1,3,1,1,5,12,+12,.615,.563,.125,.500,15.9,24.5,19.9,3.4,3.9,2.4,9.3,11.7,141,105
215,201704020LAL,"3:30 PM, April 2, 2017",2017,Los Angeles Lakers,Memphis Grizzlies,1,D'Angelo Russell,36:02,9,17,.529,3,6,.500,7,7,1.000,0,6,6,5,0,0,5,2,28,-9,.697,.618,.353,.412,0.0,20.5,9.5,23.8,0.0,0.0,19.9,30.4,125,117
216,201704020LAL,"3:30 PM, April 2, 2017",2017,Los Angeles Lakers,Memphis Grizzlies,1,Julius Randle,35:49,6,12,.500,1,4,.250,5,6,.833,3,8,11,0,1,1,1,0,18,-4,.615,.542,.333,.500,8.9,27.5,17.5,0.0,1.5,2.7,6.4,19.1,135,111
217,201704020LAL,"3:30 PM, April 2, 2017",2017,Los Angeles Lakers,Memphis Grizzlies,1,Jordan Clarkson,34:31,3,12,.250,1,5,.200,0,0,,1,2,3,4,0,0,2,1,7,+5,.292,.292,.417,.000,3.1,7.1,5.0,15.5,0.0,0.0,14.3,17.7,79,119
218,201704020LAL,"3:30 PM, April 2, 2017",2017,Los Angeles Lakers,Memphis Grizzlies,1,Brandon Ingram,23:15,6,11,.545,0,2,.000,1,1,1.000,0,3,3,1,1,0,1,1,13,-5,.568,.545,.182,.091,0.0,15.9,7.4,7.5,2.2,0.0,8.0,23.4,118,112
219,201704020LAL,"3:30 PM, April 2, 2017",2017,Los Angeles Lakers,Memphis Grizzlies,0,Tyler Ennis,22:22,4,9,.444,1,1,1.000,2,2,1.000,0,2,2,1,1,0,0,1,11,+12,.557,.500,.111,.222,0.0,11.0,5.1,6.8,2.3,0.0,0.0,19.3,135,113
220,201704020LAL,"3:30 PM, April 2, 2017",2017,Los Angeles Lakers,Memphis Grizzlies,0,Thomas Robinson,19:59,5,9,.556,0,0,,2,5,.400,5,5,10,1,1,0,2,2,12,+2,.536,.556,.000,.556,26.7,30.8,28.6,8.6,2.6,0.0,15.2,28.9,112,110
221,201704020LAL,"3:30 PM, April 2, 2017",2017,Los Angeles Lakers,Memphis Grizzlies,0,David Nwaba,15:03,1,3,.333,0,0,,1,2,.500,1,0,1,0,1,0,1,0,3,+1,.387,.333,.000,.667,7.1,0.0,3.8,0.0,3.5,0.0,20.5,14.2,79,112
222,201704020LAL,"3:30 PM, April 2, 2017",2017,Los Angeles Lakers,Memphis Grizzlies,0,Corey Brewer,12:47,2,4,.500,0,0,,0,0,,1,0,1,1,3,0,0,0,4,+11,.500,.500,.000,.000,8.3,0.0,4.5,11.6,12.2,0.0,0.0,13.7,132,92
223,201704020LAL,"3:30 PM, April 2, 2017",2017,Los Angeles Lakers,Memphis Grizzlies,0,Timofey Mozgov,0:00,0.0,0.0,0.0,0.0,0.0,0.0,0.0,0.0,0.0,0.0,0.0,0.0,0.0,0.0,0.0,0.0,0.0,0.0,0.0,0.0,0.0,0.0,0.0,0.0,0.0,0.0,0.0,0.0,0.0,0.0,0.0,0.0,0.0
224,201704020LAL,"3:30 PM, April 2, 2017",2017,Los Angeles Lakers,Memphis Grizzlies,0,Nick Young,0:00,0.0,0.0,0.0,0.0,0.0,0.0,0.0,0.0,0.0,0.0,0.0,0.0,0.0,0.0,0.0,0.0,0.0,0.0,0.0,0.0,0.0,0.0,0.0,0.0,0.0,0.0,0.0,0.0,0.0,0.0,0.0,0.0,0.0
225,201704020LAL,"3:30 PM, April 2, 2017",2017,Los Angeles Lakers,Memphis Grizzlies,0,Luol Deng,0:00,0.0,0.0,0.0,0.0,0.0,0.0,0.0,0.0,0.0,0.0,0.0,0.0,0.0,0.0,0.0,0.0,0.0,0.0,0.0,0.0,0.0,0.0,0.0,0.0,0.0,0.0,0.0,0.0,0.0,0.0,0.0,0.0,0.0
226,201704020LAL,"3:30 PM, April 2, 2017",2017,Los Angeles Lakers,Memphis Grizzlies,0,Metta World Peace,0:00,0.0,0.0,0.0,0.0,0.0,0.0,0.0,0.0,0.0,0.0,0.0,0.0,0.0,0.0,0.0,0.0,0.0,0.0,0.0,0.0,0.0,0.0,0.0,0.0,0.0,0.0,0.0,0.0,0.0,0.0,0.0,0.0,0.0
227,201704020MIA,"6:00 PM, April 2, 2017",2017,Denver Nuggets,Miami Heat,1,Danilo Gallinari,37:06,11,19,.579,3,7,.429,4,4,1.000,1,5,6,2,0,0,1,1,29,+12,.698,.658,.368,.211,3.2,15.8,9.6,8.7,0.0,0.0,4.6,26.3,133,122
228,201704020MIA,"6:00 PM, April 2, 2017",2017,Denver Nuggets,Miami Heat,1,Gary Harris,36:46,3,10,.300,0,5,.000,3,4,.750,1,2,3,2,2,0,1,1,9,+6,.383,.300,.500,.400,3.3,6.4,4.8,6.5,2.7,0.0,7.8,15.6,85,118
229,201704020MIA,"6:00 PM, April 2, 2017",2017,Denver Nuggets,Miami Heat,1,Nikola Jokic,35:11,9,16,.563,0,2,.000,1,1,1.000,1,9,10,7,2,0,1,2,19,+15,.578,.563,.125,.063,3.4,29.9,16.8,30.1,2.8,0.0,5.7,22.3,121,113
230,201704020MIA,"6:00 PM, April 2, 2017",2017,Denver Nuggets,Miami Heat,1,Jamal Murray,27:55,3,7,.429,1,3,.333,2,2,1.000,0,3,3,0,3,1,3,3,9,-1,.571,.500,.429,.286,0.0,12.6,6.4,0.0,5.3,2.9,27.6,17.5,79,108
231,201704020MIA,"6:00 PM, April 2, 2017",2017,Denver Nuggets,Miami Heat,1,Kenneth Faried,23:01,4,9,.444,0,0,,0,0,,1,2,3,2,2,1,0,2,8,-8,.444,.444,.000,.000,5.2,10.2,7.7,11.7,4.3,3.5,0.0,17.6,102,110
232,201704020MIA,"6:00 PM, April 2, 2017",2017,Denver Nuggets,Miami Heat,0,Emmanuel Mudiay,31:30,4,9,.444,0,0,,9,10,.900,0,4,4,9,0,1,2,2,17,+3,.634,.444,.000,1.111,0.0,14.9,7.5,36.2,0.0,2.5,13.0,22.0,130,120
233,201704020MIA,"6:00 PM, April 2, 2017",2017,Denver Nuggets,Miami Heat,0,Wilson Chandler,31:02,8,13,.615,1,3,.333,2,2,1.000,2,7,9,2,0,1,0,1,19,+4,.684,.654,.231,.154,7.7,26.4,17.2,9.8,0.0,2.6,0.0,20.1,143,118
234,201704020MIA,"6:00 PM, April 2, 2017",2017,Denver Nuggets,Miami Heat,0,Mason Plumlee,12:39,2,4,.500,0,0,,2,4,.500,0,2,2,1,0,2,0,2,6,-12,.521,.500,.000,1.000,0.0,18.5,9.4,10.4,0.0,12.6,0.0,20.4,112,109
235,201704020MIA,"6:00 PM, April 2, 2017",2017,Denver Nuggets,Miami Heat,0,Juan Hernangomez,4:50,0,0,,0,0,,0,0,,0,0,0,0,0,0,0,0,0,-4,,,,,0.0,0.0,0.0,0.0,0.0,0.0,,0.0,0,125
236,201704020MIA,"6:00 PM, April 2, 2017",2017,Denver Nuggets,Miami Heat,0,Mike Miller,0:00,0.0,0.0,0.0,0.0,0.0,0.0,0.0,0.0,0.0,0.0,0.0,0.0,0.0,0.0,0.0,0.0,0.0,0.0,0.0,0.0,0.0,0.0,0.0,0.0,0.0,0.0,0.0,0.0,0.0,0.0,0.0,0.0,0.0
237,201704020MIA,"6:00 PM, April 2, 2017",2017,Denver Nuggets,Miami Heat,0,Malik Beasley,0:00,0.0,0.0,0.0,0.0,0.0,0.0,0.0,0.0,0.0,0.0,0.0,0.0,0.0,0.0,0.0,0.0,0.0,0.0,0.0,0.0,0.0,0.0,0.0,0.0,0.0,0.0,0.0,0.0,0.0,0.0,0.0,0.0,0.0
238,201704020MIA,"6:00 PM, April 2, 2017",2017,Denver Nuggets,Miami Heat,0,Roy Hibbert,0:00,0.0,0.0,0.0,0.0,0.0,0.0,0.0,0.0,0.0,0.0,0.0,0.0,0.0,0.0,0.0,0.0,0.0,0.0,0.0,0.0,0.0,0.0,0.0,0.0,0.0,0.0,0.0,0.0,0.0,0.0,0.0,0.0,0.0
239,201704020MIA,"6:00 PM, April 2, 2017",2017,Miami Heat,Denver Nuggets,1,Josh Richardson,37:33,6,11,.545,4,6,.667,1,2,.500,1,2,3,1,1,3,1,4,17,0,.715,.727,.545,.182,3.1,6.4,4.7,3.7,1.3,5.7,7.8,15.5,128,115
240,201704020MIA,"6:00 PM, April 2, 2017",2017,Miami Heat,Denver Nuggets,1,Goran Dragic,33:47,8,15,.533,1,4,.250,5,6,.833,1,1,2,6,0,0,3,4,22,+2,.624,.567,.267,.400,3.5,3.6,3.5,27.8,0.0,0.0,14.5,27.6,118,124
241,201704020MIA,"6:00 PM, April 2, 2017",2017,Miami Heat,Denver Nuggets,1,Hassan Whiteside,33:13,6,12,.500,0,0,,4,6,.667,2,9,11,2,0,3,1,3,16,-7,.546,.500,.000,.500,7.0,32.5,19.6,8.7,0.0,6.5,6.4,21.3,114,114
242,201704020MIA,"6:00 PM, April 2, 2017",2017,Miami Heat,Denver Nuggets,1,Rodney McGruder,26:55,4,7,.571,1,2,.500,2,2,1.000,0,6,6,4,0,0,1,1,11,-11,.698,.643,.286,.286,0.0,26.7,13.2,20.5,0.0,0.0,11.3,14.9,135,121
243,201704020MIA,"6:00 PM, April 2, 2017",2017,Miami Heat,Denver Nuggets,1,Luke Babbitt,12:36,3,4,.750,2,3,.667,0,0,,0,2,2,1,1,0,0,1,8,+4,1.000,1.000,.750,.000,0.0,19.0,9.4,12.5,3.9,0.0,0.0,14.3,188,114
244,201704020MIA,"6:00 PM, April 2, 2017",2017,Miami Heat,Denver Nuggets,0,Tyler Johnson,30:01,4,14,.286,3,4,.750,4,5,.800,0,3,3,5,0,1,1,2,15,-7,.463,.393,.286,.357,0.0,12.0,5.9,22.5,0.0,2.4,5.8,25.9,102,121
245,201704020MIA,"6:00 PM, April 2, 2017",2017,Miami Heat,Denver Nuggets,0,James Johnson,28:40,4,8,.500,1,2,.500,0,0,,1,2,3,6,0,0,2,3,9,-12,.563,.563,.250,.000,4.1,8.4,6.2,28.5,0.0,0.0,20.0,15.8,113,123
246,201704020MIA,"6:00 PM, April 2, 2017",2017,Miami Heat,Denver Nuggets,0,Willie Reed,14:47,4,7,.571,0,0,,0,0,,2,5,7,0,1,1,1,2,8,+4,.571,.571,.000,.000,15.8,40.6,28.1,0.0,3.3,4.8,12.5,24.4,106,107
247,201704020MIA,"6:00 PM, April 2, 2017",2017,Miami Heat,Denver Nuggets,0,Wayne Ellington,13:27,3,8,.375,1,5,.200,0,0,,0,1,1,0,0,0,0,2,7,+6,.438,.438,.625,.000,0.0,8.9,4.4,0.0,0.0,0.0,0.0,26.9,85,123
248,201704020MIA,"6:00 PM, April 2, 2017",2017,Miami Heat,Denver Nuggets,0,Okaro White,9:01,0,1,.000,0,1,.000,0,0,,0,3,3,1,0,1,0,0,0,+6,.000,.000,1.000,.000,0.0,39.9,19.7,12.7,0.0,7.9,0.0,5.0,57,111
249,201704020MIA,"6:00 PM, April 2, 2017",2017,Miami Heat,Denver Nuggets,0,Udonis Haslem,0:00,0.0,0.0,0.0,0.0,0.0,0.0,0.0,0.0,0.0,0.0,0.0,0.0,0.0,0.0,0.0,0.0,0.0,0.0,0.0,0.0,0.0,0.0,0.0,0.0,0.0,0.0,0.0,0.0,0.0,0.0,0.0,0.0,0.0
250,201704020MIL,"3:30 PM, April 2, 2017",2017,Dallas Mavericks,Milwaukee Bucks,1,Harrison Barnes,38:54,9,13,.692,3,5,.600,10,10,1.000,0,2,2,0,1,0,3,2,31,-3,.891,.808,.385,.769,0.0,8.2,3.9,0.0,1.4,0.0,14.7,26.6,144,118
251,201704020MIL,"3:30 PM, April 2, 2017",2017,Dallas Mavericks,Milwaukee Bucks,1,Wesley Matthews,34:07,3,10,.300,2,9,.222,0,0,,0,1,1,6,0,0,1,2,8,-5,.400,.400,.900,.000,0.0,4.7,2.2,25.0,0.0,0.0,9.1,16.3,98,121
252,201704020MIL,"3:30 PM, April 2, 2017",2017,Dallas Mavericks,Milwaukee Bucks,1,Yogi Ferrell,30:32,4,8,.500,2,4,.500,3,4,.750,0,5,5,5,1,0,1,2,13,-11,.666,.625,.500,.500,0.0,26.2,12.5,24.8,1.7,0.0,9.3,17.8,134,115
253,201704020MIL,"3:30 PM, April 2, 2017",2017,Dallas Mavericks,Milwaukee Bucks,1,Dirk Nowitzki,25:50,7,11,.636,3,6,.500,0,0,,0,5,5,1,0,1,0,1,17,0,.773,.773,.545,.000,0.0,31.0,14.7,7.4,0.0,4.3,0.0,21.6,142,115
254,201704020MIL,"3:30 PM, April 2, 2017",2017,Dallas Mavericks,Milwaukee Bucks,1,Dorian Finney-Smith,16:23,0,4,.000,0,4,.000,0,0,,1,2,3,1,0,0,1,1,0,-5,.000,.000,1.000,.000,8.9,19.5,14.0,7.7,0.0,0.0,20.0,15.5,34,120
255,201704020MIL,"3:30 PM, April 2, 2017",2017,Dallas Mavericks,Milwaukee Bucks,0,J.J. Barea,23:07,7,11,.636,3,4,.750,0,0,,0,2,2,6,0,0,5,1,17,+16,.773,.773,.364,.000,0.0,13.8,6.6,53.1,0.0,0.0,31.3,35.0,109,120
256,201704020MIL,"3:30 PM, April 2, 2017",2017,Dallas Mavericks,Milwaukee Bucks,0,Devin Harris,22:44,1,5,.200,0,2,.000,4,4,1.000,0,3,3,3,2,0,1,3,6,+10,.444,.200,.400,.800,0.0,21.1,10.1,17.6,4.7,0.0,12.9,17.3,100,109
257,201704020MIL,"3:30 PM, April 2, 2017",2017,Dallas Mavericks,Milwaukee Bucks,0,Nerlens Noel,19:17,3,4,.750,0,0,,0,0,,1,2,3,2,3,0,0,4,6,+19,.750,.750,.000,.000,7.5,16.6,11.9,16.3,8.2,0.0,0.0,10.5,167,101
258,201704020MIL,"3:30 PM, April 2, 2017",2017,Dallas Mavericks,Milwaukee Bucks,0,Nicolas Brussino,17:12,2,4,.500,1,2,.500,2,2,1.000,1,2,3,1,0,0,0,2,7,+8,.717,.625,.500,.500,8.5,18.6,13.3,8.6,0.0,0.0,0.0,14.4,156,120
259,201704020MIL,"3:30 PM, April 2, 2017",2017,Dallas Mavericks,Milwaukee Bucks,0,Salah Mejri,7:39,1,1,1.000,0,0,,0,0,,0,2,2,0,0,0,0,0,2,-4,1.000,1.000,.000,.000,0.0,41.8,19.9,0.0,0.0,0.0,0.0,6.6,200,118
260,201704020MIL,"3:30 PM, April 2, 2017",2017,Dallas Mavericks,Milwaukee Bucks,0,Dwight Powell,4:15,1,2,.500,0,0,,0,0,,1,0,1,0,0,0,1,0,2,-5,.500,.500,.000,.000,34.2,0.0,17.9,0.0,0.0,0.0,33.3,35.7,82,122
261,201704020MIL,"3:30 PM, April 2, 2017",2017,Dallas Mavericks,Milwaukee Bucks,0,Jarrod Uthoff,0:00,0.0,0.0,0.0,0.0,0.0,0.0,0.0,0.0,0.0,0.0,0.0,0.0,0.0,0.0,0.0,0.0,0.0,0.0,0.0,0.0,0.0,0.0,0.0,0.0,0.0,0.0,0.0,0.0,0.0,0.0,0.0,0.0,0.0
262,201704020MIL,"3:30 PM, April 2, 2017",2017,Dallas Mavericks,Milwaukee Bucks,0,A.J. Hammons,0:00,0.0,0.0,0.0,0.0,0.0,0.0,0.0,0.0,0.0,0.0,0.0,0.0,0.0,0.0,0.0,0.0,0.0,0.0,0.0,0.0,0.0,0.0,0.0,0.0,0.0,0.0,0.0,0.0,0.0,0.0,0.0,0.0,0.0
263,201704020MIL,"3:30 PM, April 2, 2017",2017,Milwaukee Bucks,Dallas Mavericks,1,Giannis Antetokounmpo,39:32,10,18,.556,0,3,.000,11,12,.917,1,14,15,9,4,2,5,2,31,-2,.666,.556,.167,.667,4.0,51.5,28.9,40.7,5.4,6.6,17.7,35.1,124,106
264,201704020MIL,"3:30 PM, April 2, 2017",2017,Milwaukee Bucks,Dallas Mavericks,1,Khris Middleton,37:06,5,15,.333,1,8,.125,2,2,1.000,0,5,5,4,1,0,0,5,13,+4,.409,.367,.533,.133,0.0,19.6,10.3,15.9,1.4,0.0,0.0,21.0,96,123
265,201704020MIL,"3:30 PM, April 2, 2017",2017,Milwaukee Bucks,Dallas Mavericks,1,Matthew Dellavedova,34:23,6,11,.545,2,5,.400,0,0,,0,0,0,6,1,0,1,2,14,+3,.636,.636,.455,.000,0.0,0.0,0.0,27.4,1.5,0.0,8.3,17.1,128,125
266,201704020MIL,"3:30 PM, April 2, 2017",2017,Milwaukee Bucks,Dallas Mavericks,1,Tony Snell,33:21,4,8,.500,4,7,.571,0,0,,0,1,1,1,1,0,2,1,12,+8,.750,.750,.875,.000,0.0,4.4,2.3,4.3,1.6,0.0,20.0,14.7,107,124
267,201704020MIL,"3:30 PM, April 2, 2017",2017,Milwaukee Bucks,Dallas Mavericks,1,Thon Maker,19:53,5,7,.714,1,1,1.000,0,0,,1,0,1,0,0,0,0,2,11,0,.786,.786,.143,.000,8.0,0.0,3.8,0.0,0.0,0.0,0.0,17.3,150,128
268,201704020MIL,"3:30 PM, April 2, 2017",2017,Milwaukee Bucks,Dallas Mavericks,0,Greg Monroe,23:52,2,2,1.000,0,0,,2,4,.500,1,5,6,1,1,0,0,4,6,-9,.798,1.000,.000,2.000,6.7,30.5,19.2,5.7,2.2,0.0,0.0,7.7,172,120
269,201704020MIL,"3:30 PM, April 2, 2017",2017,Milwaukee Bucks,Dallas Mavericks,0,Jason Terry,20:12,2,4,.500,2,4,.500,0,0,,0,0,0,2,0,0,1,1,6,-13,.750,.750,1.000,.000,0.0,0.0,0.0,13.9,0.0,0.0,20.0,12.1,120,128
270,201704020MIL,"3:30 PM, April 2, 2017",2017,Milwaukee Bucks,Dallas Mavericks,0,Gary Payton,8:43,2,3,.667,1,2,.500,0,0,,0,1,1,0,0,0,2,0,5,-9,.833,.833,.667,.000,0.0,16.7,8.7,0.0,0.0,0.0,40.0,28.1,75,127
271,201704020MIL,"3:30 PM, April 2, 2017",2017,Milwaukee Bucks,Dallas Mavericks,0,Michael Beasley,7:16,1,3,.333,0,0,,0,0,,1,0,1,0,0,1,1,3,2,-6,.333,.333,.000,.000,22.0,0.0,10.5,0.0,0.0,17.9,25.0,27.0,66,115
272,201704020MIL,"3:30 PM, April 2, 2017",2017,Milwaukee Bucks,Dallas Mavericks,0,Mirza Teletovic,6:33,1,3,.333,1,3,.333,0,0,,0,0,0,1,0,0,0,0,3,-3,.500,.500,1.000,.000,0.0,0.0,0.0,23.1,0.0,0.0,0.0,22.5,111,128
273,201704020MIL,"3:30 PM, April 2, 2017",2017,Milwaukee Bucks,Dallas Mavericks,0,Rashad Vaughn,4:54,1,2,.500,0,1,.000,0,0,,0,0,0,1,1,0,0,0,2,+2,.500,.500,.500,.000,0.0,0.0,0.0,33.5,10.8,0.0,0.0,20.0,118,102
274,201704020MIL,"3:30 PM, April 2, 2017",2017,Milwaukee Bucks,Dallas Mavericks,0,Spencer Hawes,4:15,0,1,.000,0,0,,0,0,,0,3,3,0,0,0,1,0,0,+5,.000,.000,.000,.000,0.0,100.0,53.8,0.0,0.0,0.0,50.0,23.1,0,118
275,201704020NOP,"6:00 PM, April 2, 2017",2017,Chicago Bulls,New Orleans Pelicans,1,Jimmy Butler,38:48,14,26,.538,3,3,1.000,8,10,.800,3,3,6,5,1,1,1,0,39,0,.641,.596,.115,.385,8.6,8.1,8.3,22.3,1.2,2.4,3.2,35.0,136,112
276,201704020NOP,"6:00 PM, April 2, 2017",2017,Chicago Bulls,New Orleans Pelicans,1,Rajon Rondo,33:44,5,14,.357,0,3,.000,0,0,,1,8,9,9,3,0,3,4,10,-1,.357,.357,.214,.000,3.3,24.7,14.4,33.8,4.3,0.0,17.6,21.8,89,104
277,201704020NOP,"6:00 PM, April 2, 2017",2017,Chicago Bulls,New Orleans Pelicans,1,Paul Zipser,31:21,2,5,.400,0,1,.000,2,2,1.000,0,4,4,3,1,1,1,3,6,+3,.510,.400,.200,.400,0.0,13.3,6.9,11.0,1.5,3.0,14.5,9.5,108,110
278,201704020NOP,"6:00 PM, April 2, 2017",2017,Chicago Bulls,New Orleans Pelicans,1,Robin Lopez,26:20,3,7,.429,0,0,,2,4,.500,1,3,4,0,0,0,0,1,8,+9,.457,.429,.000,.571,4.2,11.9,8.2,0.0,0.0,0.0,0.0,14.4,102,116
279,201704020NOP,"6:00 PM, April 2, 2017",2017,Chicago Bulls,New Orleans Pelicans,1,Nikola Mirotic,16:46,3,9,.333,2,5,.400,0,0,,0,4,4,0,0,3,1,1,8,-1,.444,.444,.556,.000,0.0,24.9,12.9,0.0,0.0,16.8,10.0,25.8,79,100
280,201704020NOP,"6:00 PM, April 2, 2017",2017,Chicago Bulls,New Orleans Pelicans,0,Bobby Portis,31:01,9,15,.600,3,5,.600,0,0,,1,10,11,0,0,0,0,4,21,+8,.700,.700,.333,.000,3.6,33.6,19.1,0.0,0.0,0.0,0.0,20.9,137,112
281,201704020NOP,"6:00 PM, April 2, 2017",2017,Chicago Bulls,New Orleans Pelicans,0,Denzel Valentine,26:26,3,6,.500,2,4,.500,0,0,,1,2,3,1,1,1,2,3,8,+12,.667,.667,.667,.000,4.2,7.9,6.1,4.6,1.8,3.6,25.0,13.1,102,110
282,201704020NOP,"6:00 PM, April 2, 2017",2017,Chicago Bulls,New Orleans Pelicans,0,Joffrey Lauvergne,21:40,5,7,.714,3,4,.750,2,2,1.000,2,3,5,2,0,0,2,3,15,-2,.952,.929,.571,.286,10.3,14.4,12.4,13.1,0.0,0.0,20.2,19.7,150,116
283,201704020NOP,"6:00 PM, April 2, 2017",2017,Chicago Bulls,New Orleans Pelicans,0,Michael Carter-Williams,13:54,1,3,.333,0,1,.000,0,0,,0,3,3,6,1,0,1,4,2,+7,.333,.333,.333,.000,0.0,22.5,11.6,49.9,3.5,0.0,25.0,12.5,108,106
284,201704020NOP,"6:00 PM, April 2, 2017",2017,Chicago Bulls,New Orleans Pelicans,0,Cristiano Felicio,0:00,0.0,0.0,0.0,0.0,0.0,0.0,0.0,0.0,0.0,0.0,0.0,0.0,0.0,0.0,0.0,0.0,0.0,0.0,0.0,0.0,0.0,0.0,0.0,0.0,0.0,0.0,0.0,0.0,0.0,0.0,0.0,0.0,0.0
285,201704020NOP,"6:00 PM, April 2, 2017",2017,Chicago Bulls,New Orleans Pelicans,0,Anthony Morrow,0:00,0.0,0.0,0.0,0.0,0.0,0.0,0.0,0.0,0.0,0.0,0.0,0.0,0.0,0.0,0.0,0.0,0.0,0.0,0.0,0.0,0.0,0.0,0.0,0.0,0.0,0.0,0.0,0.0,0.0,0.0,0.0,0.0,0.0
286,201704020NOP,"6:00 PM, April 2, 2017",2017,Chicago Bulls,New Orleans Pelicans,0,Isaiah Canaan,0:00,0.0,0.0,0.0,0.0,0.0,0.0,0.0,0.0,0.0,0.0,0.0,0.0,0.0,0.0,0.0,0.0,0.0,0.0,0.0,0.0,0.0,0.0,0.0,0.0,0.0,0.0,0.0,0.0,0.0,0.0,0.0,0.0,0.0
287,201704020NOP,"6:00 PM, April 2, 2017",2017,Chicago Bulls,New Orleans Pelicans,0,Jerian Grant,0:00,0.0,0.0,0.0,0.0,0.0,0.0,0.0,0.0,0.0,0.0,0.0,0.0,0.0,0.0,0.0,0.0,0.0,0.0,0.0,0.0,0.0,0.0,0.0,0.0,0.0,0.0,0.0,0.0,0.0,0.0,0.0,0.0,0.0
288,201704020NOP,"6:00 PM, April 2, 2017",2017,New Orleans Pelicans,Chicago Bulls,1,DeMarcus Cousins,41:55,8,16,.500,2,6,.333,8,8,1.000,1,17,18,3,0,1,7,5,26,+4,.666,.563,.375,.500,2.5,45.3,23.2,14.4,0.0,1.7,26.4,28.0,98,114
289,201704020NOP,"6:00 PM, April 2, 2017",2017,New Orleans Pelicans,Chicago Bulls,1,Anthony Davis,40:01,8,19,.421,1,4,.250,13,14,.929,2,9,11,2,3,1,3,2,30,-6,.596,.447,.211,.737,5.2,25.1,14.8,10.3,3.6,1.8,10.7,31.2,113,110
290,201704020NOP,"6:00 PM, April 2, 2017",2017,New Orleans Pelicans,Chicago Bulls,1,Jrue Holiday,39:05,5,12,.417,2,4,.500,5,5,1.000,0,1,1,6,0,1,1,2,17,+6,.599,.500,.333,.417,0.0,2.9,1.4,27.4,0.0,1.9,6.6,17.2,122,123
291,201704020NOP,"6:00 PM, April 2, 2017",2017,New Orleans Pelicans,Chicago Bulls,1,Solomon Hill,36:09,2,7,.286,0,2,.000,0,0,,1,3,4,2,1,0,0,2,4,+3,.286,.286,.286,.000,2.9,9.3,6.0,8.8,1.3,0.0,0.0,8.6,78,120
292,201704020NOP,"6:00 PM, April 2, 2017",2017,New Orleans Pelicans,Chicago Bulls,1,Tim Frazier,21:29,1,6,.167,1,3,.333,0,0,,1,2,3,5,0,0,1,1,3,-9,.250,.250,.500,.000,4.9,10.4,7.5,36.3,0.0,0.0,14.3,14.4,80,123
293,201704020NOP,"6:00 PM, April 2, 2017",2017,New Orleans Pelicans,Chicago Bulls,0,Jordan Crawford,24:00,5,11,.455,1,6,.167,4,4,1.000,0,0,0,3,1,0,0,1,15,-8,.588,.500,.545,.364,0.0,0.0,0.0,26.1,2.0,0.0,0.0,23.5,124,120
294,201704020NOP,"6:00 PM, April 2, 2017",2017,New Orleans Pelicans,Chicago Bulls,0,E'Twaun Moore,21:41,1,6,.167,0,2,.000,4,4,1.000,1,1,2,3,1,1,0,0,6,-6,.387,.167,.333,.667,4.8,5.1,5.0,21.6,2.2,3.4,0.0,15.8,104,116
295,201704020NOP,"6:00 PM, April 2, 2017",2017,New Orleans Pelicans,Chicago Bulls,0,Dante Cunningham,14:04,3,4,.750,3,3,1.000,0,0,,0,1,1,0,1,0,0,1,9,-12,1.125,1.125,.750,.000,0.0,7.9,3.8,0.0,3.4,0.0,0.0,12.6,182,116
296,201704020NOP,"6:00 PM, April 2, 2017",2017,New Orleans Pelicans,Chicago Bulls,0,Quinn Cook,1:36,0,0,,0,0,,0,0,,0,0,0,0,0,0,0,0,0,-7,,,,,0.0,0.0,0.0,0.0,0.0,0.0,,0.0,0,125
297,201704020NOP,"6:00 PM, April 2, 2017",2017,New Orleans Pelicans,Chicago Bulls,0,Donatas Motiejunas,0:00,0.0,0.0,0.0,0.0,0.0,0.0,0.0,0.0,0.0,0.0,0.0,0.0,0.0,0.0,0.0,0.0,0.0,0.0,0.0,0.0,0.0,0.0,0.0,0.0,0.0,0.0,0.0,0.0,0.0,0.0,0.0,0.0,0.0
298,201704020NOP,"6:00 PM, April 2, 2017",2017,New Orleans Pelicans,Chicago Bulls,0,Alexis Ajinca,0:00,0.0,0.0,0.0,0.0,0.0,0.0,0.0,0.0,0.0,0.0,0.0,0.0,0.0,0.0,0.0,0.0,0.0,0.0,0.0,0.0,0.0,0.0,0.0,0.0,0.0,0.0,0.0,0.0,0.0,0.0,0.0,0.0,0.0
299,201704020NOP,"6:00 PM, April 2, 2017",2017,New Orleans Pelicans,Chicago Bulls,0,Cheick Diallo,0:00,0.0,0.0,0.0,0.0,0.0,0.0,0.0,0.0,0.0,0.0,0.0,0.0,0.0,0.0,0.0,0.0,0.0,0.0,0.0,0.0,0.0,0.0,0.0,0.0,0.0,0.0,0.0,0.0,0.0,0.0,0.0,0.0,0.0
300,201704020NYK,"1:00 PM, April 2, 2017",2017,Boston Celtics,New York Knicks,1,Jae Crowder,27:52,2,7,.286,1,4,.250,3,5,.600,0,5,5,0,1,0,2,1,8,+18,.435,.357,.571,.714,0.0,19.6,11.8,0.0,1.8,0.0,17.9,19.2,74,100
301,201704020NYK,"1:00 PM, April 2, 2017",2017,Boston Celtics,New York Knicks,1,Jaylen Brown,26:48,5,6,.833,2,3,.667,4,4,1.000,1,1,2,1,0,0,1,4,16,+12,1.031,1.000,.500,.667,6.2,4.1,4.9,5.8,0.0,0.0,11.4,15.6,181,107
302,201704020NYK,"1:00 PM, April 2, 2017",2017,Boston Celtics,New York Knicks,1,Al Horford,26:04,6,9,.667,1,4,.250,1,1,1.000,1,6,7,1,0,0,1,1,14,+16,.742,.722,.444,.111,6.3,25.1,17.7,6.4,0.0,0.0,9.6,19.1,136,102
303,201704020NYK,"1:00 PM, April 2, 2017",2017,Boston Celtics,New York Knicks,1,Isaiah Thomas,23:53,6,11,.545,4,9,.444,3,3,1.000,0,2,2,6,1,0,1,0,19,+10,.771,.727,.818,.273,0.0,9.1,5.5,43.2,2.1,0.0,7.5,26.7,154,102
304,201704020NYK,"1:00 PM, April 2, 2017",2017,Boston Celtics,New York Knicks,1,Amir Johnson,20:00,4,5,.800,1,1,1.000,0,0,,1,2,3,0,0,0,3,3,9,+8,.900,.900,.200,.000,8.3,10.9,9.9,0.0,0.0,0.0,37.5,19.1,100,106
305,201704020NYK,"1:00 PM, April 2, 2017",2017,Boston Celtics,New York Knicks,0,Marcus Smart,27:26,6,11,.545,1,5,.200,1,1,1.000,1,1,2,5,1,0,3,3,14,+23,.612,.591,.455,.091,6.0,4.0,4.8,29.7,1.8,0.0,20.8,25.2,113,103
306,201704020NYK,"1:00 PM, April 2, 2017",2017,Boston Celtics,New York Knicks,0,Terry Rozier,24:09,4,6,.667,1,3,.333,3,5,.600,0,2,2,4,3,0,1,2,12,+6,.732,.750,.500,.833,0.0,9.0,5.4,24.8,6.3,0.0,10.9,18.2,143,92
307,201704020NYK,"1:00 PM, April 2, 2017",2017,Boston Celtics,New York Knicks,0,Jonas Jerebko,21:57,1,6,.167,0,3,.000,1,2,.500,1,8,9,2,0,0,0,4,3,+3,.218,.167,.500,.333,7.5,39.8,27.0,11.6,0.0,0.0,0.0,15.0,76,98
308,201704020NYK,"1:00 PM, April 2, 2017",2017,Boston Celtics,New York Knicks,0,Kelly Olynyk,19:01,5,7,.714,1,2,.500,1,3,.333,0,4,4,2,1,2,2,3,12,+14,.721,.786,.286,.429,0.0,22.9,13.8,18.4,2.7,8.4,19.4,25.9,115,90
309,201704020NYK,"1:00 PM, April 2, 2017",2017,Boston Celtics,New York Knicks,0,Tyler Zeller,8:58,1,1,1.000,0,0,,1,2,.500,0,2,2,0,0,0,1,2,3,-9,.798,1.000,.000,2.000,0.0,24.3,14.7,0.0,0.0,0.0,34.7,15.3,93,102
310,201704020NYK,"1:00 PM, April 2, 2017",2017,Boston Celtics,New York Knicks,0,James Young,7:39,0,1,.000,0,1,.000,0,0,,0,2,2,0,1,1,0,2,0,-11,.000,.000,1.000,.000,0.0,28.5,17.2,0.0,6.6,10.5,0.0,6.2,0,78
311,201704020NYK,"1:00 PM, April 2, 2017",2017,Boston Celtics,New York Knicks,0,Gerald Green,6:12,0,2,.000,0,2,.000,0,0,,0,1,1,1,0,0,2,0,0,-10,.000,.000,1.000,.000,0.0,17.6,10.6,19.4,0.0,0.0,50.0,30.8,18,104
312,201704020NYK,"1:00 PM, April 2, 2017",2017,New York Knicks,Boston Celtics,1,Courtney Lee,30:19,5,10,.500,1,3,.333,5,5,1.000,1,2,3,5,1,0,1,0,16,-9,.656,.550,.300,.500,3.6,10.9,6.5,31.6,1.7,0.0,7.6,19.5,134,120
313,201704020NYK,"1:00 PM, April 2, 2017",2017,New York Knicks,Boston Celtics,1,Ron Baker,28:32,2,5,.400,0,0,,0,0,,0,3,3,3,2,0,1,4,4,-8,.400,.400,.000,.000,0.0,17.4,6.9,17.0,3.6,0.0,16.7,9.4,83,115
314,201704020NYK,"1:00 PM, April 2, 2017",2017,New York Knicks,Boston Celtics,1,Kristaps Porzingis,27:35,6,10,.600,0,0,,2,4,.500,0,1,1,0,1,0,0,1,14,-18,.595,.600,.000,.400,0.0,6.0,2.4,0.0,1.8,0.0,0.0,19.1,116,120
315,201704020NYK,"1:00 PM, April 2, 2017",2017,New York Knicks,Boston Celtics,1,Sasha Vujacic,25:05,1,10,.100,1,6,.167,1,2,.500,2,3,5,4,1,0,1,0,4,-15,.184,.150,.600,.200,8.7,19.8,13.1,24.6,2.0,0.0,8.4,21.2,61,119
316,201704020NYK,"1:00 PM, April 2, 2017",2017,New York Knicks,Boston Celtics,1,Willy Hernangomez,19:01,6,9,.667,0,0,,0,0,,0,3,3,3,2,0,2,2,12,-17,.667,.667,.000,.000,0.0,26.1,10.4,42.4,5.3,0.0,18.2,25.9,108,110
317,201704020NYK,"1:00 PM, April 2, 2017",2017,New York Knicks,Boston Celtics,0,Justin Holiday,28:01,2,12,.167,1,6,.167,0,0,,0,1,1,1,1,0,0,2,5,-17,.208,.208,.500,.000,0.0,5.9,2.3,5.8,1.8,0.0,0.0,19.2,49,120
318,201704020NYK,"1:00 PM, April 2, 2017",2017,New York Knicks,Boston Celtics,0,Chasson Randle,22:10,3,8,.375,1,4,.250,3,4,.750,0,2,2,3,1,0,3,5,10,-5,.512,.438,.500,.500,0.0,14.9,5.9,24.5,2.3,0.0,23.5,25.8,86,117
319,201704020NYK,"1:00 PM, April 2, 2017",2017,New York Knicks,Boston Celtics,0,Kyle O'Quinn,17:18,2,7,.286,0,0,,7,7,1.000,3,6,9,0,0,2,2,4,11,-11,.546,.286,.000,1.000,18.9,57.4,34.2,0.0,0.0,15.9,16.6,31.3,106,109
320,201704020NYK,"1:00 PM, April 2, 2017",2017,New York Knicks,Boston Celtics,0,Mindaugas Kuzminskas,15:56,4,7,.571,3,5,.600,0,0,,0,1,1,1,0,0,0,0,11,+7,.786,.786,.714,.000,0.0,10.4,4.1,14.4,0.0,0.0,0.0,19.7,146,124
321,201704020NYK,"1:00 PM, April 2, 2017",2017,New York Knicks,Boston Celtics,0,Maurice Ndour,14:22,1,5,.200,0,1,.000,0,0,,0,0,0,0,1,0,0,2,2,+1,.200,.200,.200,.000,0.0,0.0,0.0,0.0,3.5,0.0,0.0,15.6,43,116
322,201704020NYK,"1:00 PM, April 2, 2017",2017,New York Knicks,Boston Celtics,0,Marshall Plumlee,11:41,1,2,.500,0,0,,3,3,1.000,2,2,4,0,2,0,1,0,5,+12,.753,.500,.000,1.500,18.7,28.3,22.5,0.0,8.7,0.0,23.1,16.6,132,103
323,201704020OKC,"3:00 PM, April 2, 2017",2017,Charlotte Hornets,Oklahoma City Thunder,1,Michael Kidd-Gilchrist,35:58,5,8,.625,0,0,,6,6,1.000,0,6,6,1,3,0,2,3,16,+4,.752,.625,.000,.750,0.0,19.5,10.1,4.4,3.9,0.0,15.8,15.8,127,98
324,201704020OKC,"3:00 PM, April 2, 2017",2017,Charlotte Hornets,Oklahoma City Thunder,1,Kemba Walker,33:54,10,20,.500,6,12,.500,3,4,.750,0,3,3,4,4,0,4,1,29,+9,.666,.650,.600,.200,0.0,10.4,5.4,24.8,5.5,0.0,15.5,34.1,110,96
325,201704020OKC,"3:00 PM, April 2, 2017",2017,Charlotte Hornets,Oklahoma City Thunder,1,Nicolas Batum,31:21,3,8,.375,1,4,.250,2,2,1.000,0,7,7,8,3,0,1,1,9,+11,.507,.438,.500,.250,0.0,26.1,13.6,37.8,4.4,0.0,10.1,14.1,118,95
326,201704020OKC,"3:00 PM, April 2, 2017",2017,Charlotte Hornets,Oklahoma City Thunder,1,Marvin Williams,31:15,1,6,.167,0,3,.000,2,2,1.000,0,6,6,1,1,3,2,1,4,+1,.291,.167,.500,.333,0.0,22.5,11.7,4.3,1.5,8.7,22.5,12.7,52,96
327,201704020OKC,"3:00 PM, April 2, 2017",2017,Charlotte Hornets,Oklahoma City Thunder,1,Cody Zeller,27:35,3,7,.429,0,0,,5,7,.714,1,3,4,2,1,1,1,0,11,+13,.546,.429,.000,1.000,4.6,12.7,8.8,11.0,1.7,3.3,9.0,18.0,112,101
328,201704020OKC,"3:00 PM, April 2, 2017",2017,Charlotte Hornets,Oklahoma City Thunder,0,Frank Kaminsky,25:40,5,9,.556,3,5,.600,5,6,.833,1,1,2,0,1,1,1,1,18,+2,.773,.722,.556,.667,4.9,4.6,4.7,0.0,1.8,3.5,7.9,22.1,139,102
329,201704020OKC,"3:00 PM, April 2, 2017",2017,Charlotte Hornets,Oklahoma City Thunder,0,Marco Belinelli,17:14,2,5,.400,0,2,.000,3,3,1.000,0,4,4,2,1,0,2,2,7,-1,.554,.400,.400,.600,0.0,27.2,14.1,17.7,2.7,0.0,24.0,21.6,94,99
330,201704020OKC,"3:00 PM, April 2, 2017",2017,Charlotte Hornets,Oklahoma City Thunder,0,Brian Roberts,14:06,3,6,.500,0,2,.000,0,0,,0,1,1,2,1,0,1,1,6,+3,.500,.500,.333,.000,0.0,8.3,4.3,25.4,3.3,0.0,14.3,22.3,93,101
331,201704020OKC,"3:00 PM, April 2, 2017",2017,Charlotte Hornets,Oklahoma City Thunder,0,Miles Plumlee,11:30,0,1,.000,0,0,,0,0,,1,0,1,0,2,0,1,3,0,+8,.000,.000,.000,.000,11.0,0.0,5.3,0.0,8.1,0.0,50.0,7.8,42,91
332,201704020OKC,"3:00 PM, April 2, 2017",2017,Charlotte Hornets,Oklahoma City Thunder,0,Jeremy Lamb,11:27,5,7,.714,1,2,.500,2,2,1.000,0,3,3,0,1,0,1,0,13,+10,.825,.786,.286,.286,0.0,30.7,15.9,0.0,4.1,0.0,11.3,34.8,131,95
333,201704020OKC,"3:00 PM, April 2, 2017",2017,Charlotte Hornets,Oklahoma City Thunder,0,Treveon Graham,0:00,0.0,0.0,0.0,0.0,0.0,0.0,0.0,0.0,0.0,0.0,0.0,0.0,0.0,0.0,0.0,0.0,0.0,0.0,0.0,0.0,0.0,0.0,0.0,0.0,0.0,0.0,0.0,0.0,0.0,0.0,0.0,0.0,0.0
334,201704020OKC,"3:00 PM, April 2, 2017",2017,Charlotte Hornets,Oklahoma City Thunder,0,Briante Weber,0:00,0.0,0.0,0.0,0.0,0.0,0.0,0.0,0.0,0.0,0.0,0.0,0.0,0.0,0.0,0.0,0.0,0.0,0.0,0.0,0.0,0.0,0.0,0.0,0.0,0.0,0.0,0.0,0.0,0.0,0.0,0.0,0.0,0.0
335,201704020OKC,"3:00 PM, April 2, 2017",2017,Charlotte Hornets,Oklahoma City Thunder,0,Christian Wood,0:00,0.0,0.0,0.0,0.0,0.0,0.0,0.0,0.0,0.0,0.0,0.0,0.0,0.0,0.0,0.0,0.0,0.0,0.0,0.0,0.0,0.0,0.0,0.0,0.0,0.0,0.0,0.0,0.0,0.0,0.0,0.0,0.0,0.0
336,201704020OKC,"3:00 PM, April 2, 2017",2017,Oklahoma City Thunder,Charlotte Hornets,1,Andre Roberson,36:57,6,7,.857,0,1,.000,0,0,,0,6,6,1,1,1,1,3,12,-11,.857,.857,.143,.000,0.0,20.5,9.9,4.2,1.3,2.8,12.5,9.2,145,110
337,201704020OKC,"3:00 PM, April 2, 2017",2017,Oklahoma City Thunder,Charlotte Hornets,1,Russell Westbrook,36:12,14,31,.452,7,15,.467,5,5,1.000,1,12,13,10,2,0,8,1,40,-6,.602,.565,.484,.161,3.2,41.9,21.8,64.9,2.6,0.0,19.4,48.2,107,108
338,201704020OKC,"3:00 PM, April 2, 2017",2017,Oklahoma City Thunder,Charlotte Hornets,1,Victor Oladipo,33:29,6,14,.429,2,7,.286,5,5,1.000,0,3,3,6,2,0,4,4,19,-4,.586,.500,.500,.357,0.0,11.3,5.4,28.3,2.8,0.0,19.8,25.6,107,110
339,201704020OKC,"3:00 PM, April 2, 2017",2017,Oklahoma City Thunder,Charlotte Hornets,1,Steven Adams,26:05,1,5,.200,0,0,,0,0,,3,4,7,0,2,1,4,3,2,-8,.200,.200,.000,.000,13.5,19.4,16.3,0.0,3.6,3.9,44.4,14.6,42,104
340,201704020OKC,"3:00 PM, April 2, 2017",2017,Oklahoma City Thunder,Charlotte Hornets,1,Taj Gibson,13:10,2,3,.667,0,0,,0,0,,1,3,4,1,1,2,3,1,4,-14,.667,.667,.000,.000,8.9,28.8,18.5,11.5,3.5,15.5,50.0,19.3,75,93
341,201704020OKC,"3:00 PM, April 2, 2017",2017,Oklahoma City Thunder,Charlotte Hornets,0,Jerami Grant,22:39,3,3,1.000,2,2,1.000,0,0,,1,2,3,1,0,1,1,3,8,+5,1.333,1.333,.667,.000,5.2,11.2,8.0,6.5,0.0,4.5,25.0,7.5,182,112
342,201704020OKC,"3:00 PM, April 2, 2017",2017,Oklahoma City Thunder,Charlotte Hornets,0,Enes Kanter,17:14,4,9,.444,0,0,,1,2,.500,1,0,1,0,0,0,1,1,9,-12,.455,.444,.000,.222,6.8,0.0,3.5,0.0,0.0,0.0,9.2,26.8,87,117
343,201704020OKC,"3:00 PM, April 2, 2017",2017,Oklahoma City Thunder,Charlotte Hornets,0,Semaj Christon,15:54,1,2,.500,0,0,,0,0,,0,0,0,0,2,0,1,1,2,-4,.500,.500,.000,.000,0.0,0.0,0.0,0.0,5.8,0.0,33.3,8.0,62,104
344,201704020OKC,"3:00 PM, April 2, 2017",2017,Oklahoma City Thunder,Charlotte Hornets,0,Alex Abrines,13:11,0,4,.000,0,4,.000,0,0,,0,2,2,0,0,0,1,2,0,-6,.000,.000,1.000,.000,0.0,19.2,9.2,0.0,0.0,0.0,20.0,16.1,0,116
345,201704020OKC,"3:00 PM, April 2, 2017",2017,Oklahoma City Thunder,Charlotte Hornets,0,Domantas Sabonis,12:46,2,5,.400,1,1,1.000,0,0,,0,1,1,0,0,0,0,0,5,+3,.500,.500,.200,.000,0.0,9.9,4.8,0.0,0.0,0.0,0.0,16.6,100,116
346,201704020OKC,"3:00 PM, April 2, 2017",2017,Oklahoma City Thunder,Charlotte Hornets,0,Doug McDermott,12:23,0,1,.000,0,1,.000,0,0,,0,2,2,0,0,0,0,1,0,-3,.000,.000,1.000,.000,0.0,20.4,9.8,0.0,0.0,0.0,0.0,3.4,0,116
347,201704020OKC,"3:00 PM, April 2, 2017",2017,Oklahoma City Thunder,Charlotte Hornets,0,Norris Cole,0:00,0.0,0.0,0.0,0.0,0.0,0.0,0.0,0.0,0.0,0.0,0.0,0.0,0.0,0.0,0.0,0.0,0.0,0.0,0.0,0.0,0.0,0.0,0.0,0.0,0.0,0.0,0.0,0.0,0.0,0.0,0.0,0.0,0.0
348,201704020OKC,"3:00 PM, April 2, 2017",2017,Oklahoma City Thunder,Charlotte Hornets,0,Nick Collison,0:00,0.0,0.0,0.0,0.0,0.0,0.0,0.0,0.0,0.0,0.0,0.0,0.0,0.0,0.0,0.0,0.0,0.0,0.0,0.0,0.0,0.0,0.0,0.0,0.0,0.0,0.0,0.0,0.0,0.0,0.0,0.0,0.0,0.0
349,201704020PHO,"9:00 PM, April 2, 2017",2017,Houston Rockets,Phoenix Suns,1,Troy Williams,38:35,7,12,.583,6,9,.667,1,2,.500,1,4,5,3,1,0,1,5,21,+11,.815,.833,.750,.167,2.4,9.0,5.8,9.7,1.1,0.0,7.2,13.8,155,108
350,201704020PHO,"9:00 PM, April 2, 2017",2017,Houston Rockets,Phoenix Suns,1,Eric Gordon,37:05,9,24,.375,2,8,.250,2,3,.667,3,3,6,5,1,3,0,2,22,+6,.434,.417,.333,.125,7.5,7.1,7.3,18.3,1.2,5.9,0.0,26.2,109,107
351,201704020PHO,"9:00 PM, April 2, 2017",2017,Houston Rockets,Phoenix Suns,1,Patrick Beverley,35:02,11,19,.579,4,9,.444,0,0,,3,5,8,9,1,0,2,4,26,+14,.684,.684,.474,.000,7.9,12.5,10.2,38.6,1.2,0.0,9.5,23.0,142,106
352,201704020PHO,"9:00 PM, April 2, 2017",2017,Houston Rockets,Phoenix Suns,1,Clint Capela,24:45,4,11,.364,0,0,,0,0,,4,8,12,3,1,0,4,3,8,-5,.364,.364,.000,.000,14.9,28.2,21.8,14.8,1.8,0.0,26.7,23.3,78,97
353,201704020PHO,"9:00 PM, April 2, 2017",2017,Houston Rockets,Phoenix Suns,1,Sam Dekker,19:29,0,0,,0,0,,0,0,,0,2,2,0,0,0,1,0,0,-2,,,,,0.0,9.0,4.6,0.0,0.0,0.0,100.0,2.0,0,111
354,201704020PHO,"9:00 PM, April 2, 2017",2017,Houston Rockets,Phoenix Suns,0,Lou Williams,29:36,7,14,.500,2,7,.286,7,8,.875,2,2,4,2,0,0,4,2,23,+6,.656,.571,.500,.571,6.2,5.9,6.1,9.1,0.0,0.0,18.6,27.9,115,112
355,201704020PHO,"9:00 PM, April 2, 2017",2017,Houston Rockets,Phoenix Suns,0,Nene Hilario,23:15,7,11,.636,0,0,,3,6,.500,0,5,5,0,2,0,2,2,17,+12,.623,.636,.000,.545,0.0,18.8,9.6,0.0,3.8,0.0,12.8,25.8,106,98
356,201704020PHO,"9:00 PM, April 2, 2017",2017,Houston Rockets,Phoenix Suns,0,Isaiah Taylor,15:22,1,3,.333,0,1,.000,1,2,.500,0,1,1,0,1,1,0,2,3,-5,.387,.333,.333,.667,0.0,5.7,2.9,0.0,2.8,4.7,0.0,9.7,85,104
357,201704020PHO,"9:00 PM, April 2, 2017",2017,Houston Rockets,Phoenix Suns,0,Montrezl Harrell,12:14,1,5,.200,0,3,.000,1,2,.500,0,3,3,1,1,0,0,2,3,+5,.255,.200,.600,.400,0.0,21.4,11.0,9.1,3.6,0.0,0.0,18.4,68,96
358,201704020PHO,"9:00 PM, April 2, 2017",2017,Houston Rockets,Phoenix Suns,0,Kyle Wiltjer,4:37,0,1,.000,0,1,.000,0,0,,0,0,0,0,0,0,1,1,0,-7,.000,.000,1.000,.000,0.0,0.0,0.0,0.0,0.0,0.0,50.0,16.6,0,115
359,201704020PHO,"9:00 PM, April 2, 2017",2017,Houston Rockets,Phoenix Suns,0,Bobby Brown,0:00,0.0,0.0,0.0,0.0,0.0,0.0,0.0,0.0,0.0,0.0,0.0,0.0,0.0,0.0,0.0,0.0,0.0,0.0,0.0,0.0,0.0,0.0,0.0,0.0,0.0,0.0,0.0,0.0,0.0,0.0,0.0,0.0,0.0
360,201704020PHO,"9:00 PM, April 2, 2017",2017,Phoenix Suns,Houston Rockets,1,Tyler Ulis,45:13,15,22,.682,3,7,.429,1,1,1.000,2,7,9,9,1,0,4,4,34,-3,.758,.750,.318,.045,3.9,14.3,8.9,36.6,1.0,0.0,15.1,20.7,140,116
361,201704020PHO,"9:00 PM, April 2, 2017",2017,Phoenix Suns,Houston Rockets,1,Devin Booker,39:29,7,22,.318,1,6,.167,12,12,1.000,0,5,5,9,1,0,8,4,27,-3,.495,.341,.273,.545,0.0,11.7,5.7,32.7,1.1,0.0,22.7,31.6,98,116
362,201704020PHO,"9:00 PM, April 2, 2017",2017,Phoenix Suns,Houston Rockets,1,Derrick Jones,33:51,5,8,.625,0,1,.000,0,0,,5,3,8,1,2,1,2,4,10,-7,.625,.625,.125,.000,12.9,8.2,10.6,4.1,2.6,2.3,20.0,10.4,116,112
363,201704020PHO,"9:00 PM, April 2, 2017",2017,Phoenix Suns,Houston Rockets,1,Alex Len,27:53,2,6,.333,0,0,,6,6,1.000,3,9,12,0,0,4,2,2,10,-9,.579,.333,.000,1.000,9.4,29.8,19.3,0.0,0.0,11.1,18.8,13.5,116,106
364,201704020PHO,"9:00 PM, April 2, 2017",2017,Phoenix Suns,Houston Rockets,1,Marquese Chriss,27:44,4,10,.400,0,4,.000,1,4,.250,3,3,6,1,0,4,3,3,9,-12,.383,.400,.400,.400,9.4,10.0,9.7,4.9,0.0,11.2,20.3,18.8,76,111
365,201704020PHO,"9:00 PM, April 2, 2017",2017,Phoenix Suns,Houston Rockets,0,Jared Dudley,33:46,4,14,.286,3,11,.273,4,4,1.000,2,7,9,1,2,0,1,1,15,+7,.476,.393,.786,.286,5.2,19.1,12.0,3.9,2.6,0.0,6.0,17.5,115,111
366,201704020PHO,"9:00 PM, April 2, 2017",2017,Phoenix Suns,Houston Rockets,0,Dragan Bender,14:09,4,9,.444,1,3,.333,0,2,.000,3,4,7,0,0,1,1,3,9,0,.455,.500,.333,.222,18.5,26.1,22.2,0.0,0.0,5.5,9.2,27.2,97,110
367,201704020PHO,"9:00 PM, April 2, 2017",2017,Phoenix Suns,Houston Rockets,0,Ronnie Price,11:18,0,3,.000,0,2,.000,0,0,,1,0,1,3,2,0,0,1,0,-8,.000,.000,.667,.000,7.7,0.0,4.0,30.3,7.7,0.0,0.0,9.4,72,105
368,201704020PHO,"9:00 PM, April 2, 2017",2017,Phoenix Suns,Houston Rockets,0,Alan Williams,6:37,1,6,.167,0,0,,0,0,,3,1,4,0,0,1,2,2,2,0,.167,.167,.000,.000,39.6,14.0,27.1,0.0,0.0,11.7,25.0,42.7,48,109
369,201704020PHO,"9:00 PM, April 2, 2017",2017,Phoenix Suns,Houston Rockets,0,Brandon Knight,0:00,0.0,0.0,0.0,0.0,0.0,0.0,0.0,0.0,0.0,0.0,0.0,0.0,0.0,0.0,0.0,0.0,0.0,0.0,0.0,0.0,0.0,0.0,0.0,0.0,0.0,0.0,0.0,0.0,0.0,0.0,0.0,0.0,0.0
370,201704020PHO,"9:00 PM, April 2, 2017",2017,Phoenix Suns,Houston Rockets,0,Tyson Chandler,0:00,0.0,0.0,0.0,0.0,0.0,0.0,0.0,0.0,0.0,0.0,0.0,0.0,0.0,0.0,0.0,0.0,0.0,0.0,0.0,0.0,0.0,0.0,0.0,0.0,0.0,0.0,0.0,0.0,0.0,0.0,0.0,0.0,0.0
371,201704020PHO,"9:00 PM, April 2, 2017",2017,Phoenix Suns,Houston Rockets,0,Jarell Eddie,0:00,0.0,0.0,0.0,0.0,0.0,0.0,0.0,0.0,0.0,0.0,0.0,0.0,0.0,0.0,0.0,0.0,0.0,0.0,0.0,0.0,0.0,0.0,0.0,0.0,0.0,0.0,0.0,0.0,0.0,0.0,0.0,0.0,0.0
372,201704020PHO,"9:00 PM, April 2, 2017",2017,Phoenix Suns,Houston Rockets,0,Eric Bledsoe,0:00,0.0,0.0,0.0,0.0,0.0,0.0,0.0,0.0,0.0,0.0,0.0,0.0,0.0,0.0,0.0,0.0,0.0,0.0,0.0,0.0,0.0,0.0,0.0,0.0,0.0,0.0,0.0,0.0,0.0,0.0,0.0,0.0,0.0
373,201704020SAS,"3:30 PM, April 2, 2017",2017,Utah Jazz,San Antonio Spurs,1,Rudy Gobert,40:32,9,15,.600,0,0,,1,2,.500,7,7,14,5,0,6,1,0,19,+4,.598,.600,.000,.133,18.0,25.9,21.3,18.3,0.0,12.3,5.9,19.1,136,115
374,201704020SAS,"3:30 PM, April 2, 2017",2017,Utah Jazz,San Antonio Spurs,1,Gordon Hayward,35:41,6,19,.316,1,5,.200,3,5,.600,1,2,3,4,1,0,2,3,16,0,.377,.342,.263,.263,2.9,8.4,5.2,15.4,1.5,0.0,8.6,29.8,85,125
375,201704020SAS,"3:30 PM, April 2, 2017",2017,Utah Jazz,San Antonio Spurs,1,Rodney Hood,27:29,2,9,.222,1,5,.200,0,0,,0,1,1,2,1,0,0,2,5,-12,.278,.278,.556,.000,0.0,5.5,2.2,8.8,1.9,0.0,0.0,15.0,74,124
376,201704020SAS,"3:30 PM, April 2, 2017",2017,Utah Jazz,San Antonio Spurs,1,Dante Exum,27:08,3,7,.429,1,2,.500,0,0,,1,2,3,2,0,1,0,4,7,+5,.500,.500,.286,.000,3.8,11.1,6.8,9.4,0.0,3.1,0.0,11.8,120,125
377,201704020SAS,"3:30 PM, April 2, 2017",2017,Utah Jazz,San Antonio Spurs,1,Boris Diaw,19:19,9,9,1.000,1,1,1.000,0,0,,2,1,3,2,0,0,3,2,19,-5,1.056,1.056,.111,.000,10.8,7.8,9.6,24.1,0.0,0.0,25.0,28.5,141,128
378,201704020SAS,"3:30 PM, April 2, 2017",2017,Utah Jazz,San Antonio Spurs,0,Joe Johnson,28:41,5,10,.500,3,6,.500,0,0,,0,3,3,3,0,0,1,1,13,-1,.650,.650,.600,.000,0.0,15.7,6.4,14.5,0.0,0.0,9.1,17.6,125,127
379,201704020SAS,"3:30 PM, April 2, 2017",2017,Utah Jazz,San Antonio Spurs,0,Joe Ingles,28:21,3,8,.375,2,4,.500,0,0,,0,4,4,4,2,0,3,4,8,-7,.500,.500,.500,.000,0.0,21.2,8.7,17.9,3.8,0.0,27.3,17.8,86,117
380,201704020SAS,"3:30 PM, April 2, 2017",2017,Utah Jazz,San Antonio Spurs,0,Shelvin Mack,25:21,5,10,.500,0,1,.000,3,4,.750,0,1,1,2,2,0,0,2,13,-4,.553,.500,.100,.400,0.0,5.9,2.4,11.3,4.2,0.0,0.0,21.3,123,119
381,201704020SAS,"3:30 PM, April 2, 2017",2017,Utah Jazz,San Antonio Spurs,0,Jeff Withey,7:29,1,2,.500,0,0,,1,2,.500,1,3,4,0,0,1,0,0,3,-10,.521,.500,.000,1.000,13.9,60.1,32.9,0.0,0.0,11.1,0.0,17.6,123,109
382,201704020SAS,"3:30 PM, April 2, 2017",2017,Utah Jazz,San Antonio Spurs,0,Trey Lyles,0:00,0.0,0.0,0.0,0.0,0.0,0.0,0.0,0.0,0.0,0.0,0.0,0.0,0.0,0.0,0.0,0.0,0.0,0.0,0.0,0.0,0.0,0.0,0.0,0.0,0.0,0.0,0.0,0.0,0.0,0.0,0.0,0.0,0.0
383,201704020SAS,"3:30 PM, April 2, 2017",2017,Utah Jazz,San Antonio Spurs,0,Alec Burks,0:00,0.0,0.0,0.0,0.0,0.0,0.0,0.0,0.0,0.0,0.0,0.0,0.0,0.0,0.0,0.0,0.0,0.0,0.0,0.0,0.0,0.0,0.0,0.0,0.0,0.0,0.0,0.0,0.0,0.0,0.0,0.0,0.0,0.0
384,201704020SAS,"3:30 PM, April 2, 2017",2017,Utah Jazz,San Antonio Spurs,0,Joel Bolomboy,0:00,0.0,0.0,0.0,0.0,0.0,0.0,0.0,0.0,0.0,0.0,0.0,0.0,0.0,0.0,0.0,0.0,0.0,0.0,0.0,0.0,0.0,0.0,0.0,0.0,0.0,0.0,0.0,0.0,0.0,0.0,0.0,0.0,0.0
385,201704020SAS,"3:30 PM, April 2, 2017",2017,San Antonio Spurs,Utah Jazz,1,Kawhi Leonard,35:51,8,15,.533,3,3,1.000,6,7,.857,2,2,4,7,0,2,3,1,25,-4,.691,.633,.200,.467,8.4,5.8,6.9,32.0,0.0,4.1,14.2,28.3,134,118
386,201704020SAS,"3:30 PM, April 2, 2017",2017,San Antonio Spurs,Utah Jazz,1,Davis Bertans,33:52,4,8,.500,3,6,.500,0,0,,0,4,4,1,1,0,0,2,11,+10,.688,.688,.750,.000,0.0,12.3,7.3,4.1,1.6,0.0,0.0,11.4,139,116
387,201704020SAS,"3:30 PM, April 2, 2017",2017,San Antonio Spurs,Utah Jazz,1,Kyle Anderson,32:15,1,3,.333,0,0,,4,4,1.000,2,7,9,4,3,0,2,3,6,+24,.630,.333,.000,1.333,9.3,22.6,17.2,15.5,5.0,0.0,29.6,10.1,125,106
388,201704020SAS,"3:30 PM, April 2, 2017",2017,San Antonio Spurs,Utah Jazz,1,Tony Parker,29:50,7,15,.467,0,0,,7,9,.778,0,5,5,5,0,0,4,3,21,+9,.554,.467,.000,.600,0.0,17.5,10.3,28.0,0.0,0.0,17.4,37.1,104,118
389,201704020SAS,"3:30 PM, April 2, 2017",2017,San Antonio Spurs,Utah Jazz,1,Dewayne Dedmon,22:44,4,4,1.000,0,0,,0,0,,1,4,5,1,2,3,1,2,8,+14,1.000,1.000,.000,.000,6.6,18.4,13.5,6.7,4.7,9.7,20.0,10.6,154,100
390,201704020SAS,"3:30 PM, April 2, 2017",2017,San Antonio Spurs,Utah Jazz,0,Jonathon Simmons,33:37,7,14,.500,1,3,.333,2,2,1.000,0,1,1,2,1,0,1,5,17,-1,.571,.536,.214,.143,0.0,3.1,1.8,9.5,1.6,0.0,6.3,22.7,114,118
391,201704020SAS,"3:30 PM, April 2, 2017",2017,San Antonio Spurs,Utah Jazz,0,Pau Gasol,28:18,6,12,.500,1,3,.333,0,0,,3,9,12,3,0,1,2,0,13,-6,.542,.542,.250,.000,15.9,33.2,26.1,17.1,0.0,2.6,14.3,23.8,111,111
392,201704020SAS,"3:30 PM, April 2, 2017",2017,San Antonio Spurs,Utah Jazz,0,Bryn Forbes,20:54,3,6,.500,2,4,.500,0,0,,0,2,2,3,0,0,0,1,8,-8,.667,.667,.667,.000,0.0,10.0,5.9,20.8,0.0,0.0,0.0,13.8,148,120
393,201704020SAS,"3:30 PM, April 2, 2017",2017,San Antonio Spurs,Utah Jazz,0,Joel Anthony,2:40,0,0,,0,0,,0,0,,0,0,0,0,0,0,0,0,0,-8,,,,,0.0,0.0,0.0,0.0,0.0,0.0,,0.0,0,123
394,201704020SAS,"3:30 PM, April 2, 2017",2017,San Antonio Spurs,Utah Jazz,0,David Lee,0:00,0.0,0.0,0.0,0.0,0.0,0.0,0.0,0.0,0.0,0.0,0.0,0.0,0.0,0.0,0.0,0.0,0.0,0.0,0.0,0.0,0.0,0.0,0.0,0.0,0.0,0.0,0.0,0.0,0.0,0.0,0.0,0.0,0.0
395,201704020SAS,"3:30 PM, April 2, 2017",2017,San Antonio Spurs,Utah Jazz,0,Patty Mills,0:00,0.0,0.0,0.0,0.0,0.0,0.0,0.0,0.0,0.0,0.0,0.0,0.0,0.0,0.0,0.0,0.0,0.0,0.0,0.0,0.0,0.0,0.0,0.0,0.0,0.0,0.0,0.0,0.0,0.0,0.0,0.0,0.0,0.0
396,201704020SAS,"3:30 PM, April 2, 2017",2017,San Antonio Spurs,Utah Jazz,0,Manu Ginobili,0:00,0.0,0.0,0.0,0.0,0.0,0.0,0.0,0.0,0.0,0.0,0.0,0.0,0.0,0.0,0.0,0.0,0.0,0.0,0.0,0.0,0.0,0.0,0.0,0.0,0.0,0.0,0.0,0.0,0.0,0.0,0.0,0.0,0.0
397,201704020TOR,"6:00 PM, April 2, 2017",2017,Philadelphia 76ers,Toronto Raptors,1,Timothe Luwawu-Cabarrot,35:48,7,15,.467,3,7,.429,6,6,1.000,0,3,3,0,1,0,3,3,23,-8,.652,.567,.467,.400,0.0,11.8,5.4,0.0,1.4,0.0,14.5,25.2,114,122
398,201704020TOR,"6:00 PM, April 2, 2017",2017,Philadelphia 76ers,Toronto Raptors,1,T.J. McConnell,35:20,1,7,.143,0,3,.000,2,2,1.000,1,5,6,11,1,0,6,0,4,-7,.254,.143,.429,.286,3.4,20.0,11.0,43.1,1.4,0.0,43.2,17.1,74,120
399,201704020TOR,"6:00 PM, April 2, 2017",2017,Philadelphia 76ers,Toronto Raptors,1,Justin Anderson,23:48,2,4,.500,1,2,.500,1,2,.500,3,0,3,3,2,0,0,2,6,+4,.615,.625,.500,.500,15.1,0.0,8.2,18.9,4.3,0.0,0.0,8.9,160,118
400,201704020TOR,"6:00 PM, April 2, 2017",2017,Philadelphia 76ers,Toronto Raptors,1,Dario Saric,23:47,5,13,.385,1,4,.250,5,6,.833,1,2,3,1,1,0,3,2,16,+2,.512,.423,.308,.462,5.0,11.9,8.2,7.8,2.1,0.0,16.1,34.2,96,120
401,201704020TOR,"6:00 PM, April 2, 2017",2017,Philadelphia 76ers,Toronto Raptors,1,Richaun Holmes,22:52,2,5,.400,0,2,.000,0,0,,0,7,7,2,0,1,1,5,4,-14,.400,.400,.400,.000,0.0,43.2,19.9,13.2,0.0,3.2,16.7,11.4,86,116
402,201704020TOR,"6:00 PM, April 2, 2017",2017,Philadelphia 76ers,Toronto Raptors,0,Nik Stauskas,30:38,4,10,.400,2,8,.250,4,4,1.000,0,1,1,5,0,1,2,2,14,-11,.595,.500,.800,.400,0.0,4.6,2.1,26.4,0.0,2.4,14.5,19.6,122,125
403,201704020TOR,"6:00 PM, April 2, 2017",2017,Philadelphia 76ers,Toronto Raptors,0,Alex Poythress,24:13,4,8,.500,0,3,.000,3,3,1.000,1,2,3,1,0,1,0,1,11,-10,.590,.500,.375,.375,5.0,11.7,8.0,7.1,0.0,3.0,0.0,16.8,137,123
404,201704020TOR,"6:00 PM, April 2, 2017",2017,Philadelphia 76ers,Toronto Raptors,0,Gerald Henderson,18:26,5,9,.556,2,4,.500,0,0,,2,2,4,0,2,0,2,2,12,-2,.667,.667,.444,.000,13.0,15.3,14.1,0.0,5.5,0.0,18.2,26.0,107,112
405,201704020TOR,"6:00 PM, April 2, 2017",2017,Philadelphia 76ers,Toronto Raptors,0,Shawn Long,18:25,3,5,.600,2,3,.667,1,2,.500,3,2,5,1,1,2,1,3,9,+2,.765,.800,.600,.400,19.5,15.3,17.6,9.2,2.8,7.9,14.5,16.3,139,112
406,201704020TOR,"6:00 PM, April 2, 2017",2017,Philadelphia 76ers,Toronto Raptors,0,Tiago Splitter,6:43,3,4,.750,0,0,,0,0,,2,0,2,1,0,0,1,0,6,+4,.750,.750,.000,.000,35.7,0.0,19.3,49.1,0.0,0.0,20.0,32.5,126,127
407,201704020TOR,"6:00 PM, April 2, 2017",2017,Toronto Raptors,Philadelphia 76ers,1,Cory Joseph,31:44,4,9,.444,1,3,.333,0,2,.000,0,5,5,6,1,0,3,1,9,+15,.455,.500,.333,.222,0.0,18.9,10.2,22.7,1.6,0.0,23.3,18.0,90,114
408,201704020TOR,"6:00 PM, April 2, 2017",2017,Toronto Raptors,Philadelphia 76ers,1,DeMar DeRozan,31:05,6,11,.545,0,0,,5,5,1.000,1,0,1,9,0,0,3,1,17,+7,.644,.545,.000,.455,4.5,0.0,2.1,37.8,0.0,0.0,18.5,23.1,129,124
409,201704020TOR,"6:00 PM, April 2, 2017",2017,Toronto Raptors,Philadelphia 76ers,1,Serge Ibaka,28:03,11,17,.647,0,2,.000,2,2,1.000,1,5,6,0,1,6,0,3,24,+11,.671,.647,.118,.118,5.0,21.4,13.9,0.0,1.8,23.3,0.0,28.2,140,102
410,201704020TOR,"6:00 PM, April 2, 2017",2017,Toronto Raptors,Philadelphia 76ers,1,Jonas Valanciunas,27:35,7,9,.778,0,0,,0,0,,3,5,8,1,2,1,1,1,14,+12,.778,.778,.000,.000,15.4,21.8,18.8,5.1,3.7,4.0,10.0,16.1,147,106
411,201704020TOR,"6:00 PM, April 2, 2017",2017,Toronto Raptors,Philadelphia 76ers,1,DeMarre Carroll,22:45,4,11,.364,2,7,.286,0,0,,1,4,5,0,1,0,1,1,10,+2,.455,.455,.636,.000,6.2,21.1,14.3,0.0,2.2,0.0,8.3,23.4,93,111
412,201704020TOR,"6:00 PM, April 2, 2017",2017,Toronto Raptors,Philadelphia 76ers,0,Delon Wright,26:38,1,4,.250,0,0,,2,2,1.000,1,1,2,5,4,0,3,1,4,+1,.410,.250,.000,.500,5.3,4.5,4.9,20.4,7.6,0.0,38.1,13.1,87,105
413,201704020TOR,"6:00 PM, April 2, 2017",2017,Toronto Raptors,Philadelphia 76ers,0,Jakob Poeltl,19:57,5,6,.833,0,0,,2,4,.500,3,2,5,0,2,2,1,5,12,-3,.773,.833,.000,.667,21.2,12.0,16.3,0.0,5.1,10.9,11.4,19.5,142,103
414,201704020TOR,"6:00 PM, April 2, 2017",2017,Toronto Raptors,Philadelphia 76ers,0,Norman Powell,19:48,3,8,.375,0,2,.000,4,4,1.000,0,2,2,4,0,0,2,0,10,+1,.512,.375,.250,.500,0.0,12.1,6.6,25.0,0.0,0.0,17.0,26.3,106,120
415,201704020TOR,"6:00 PM, April 2, 2017",2017,Toronto Raptors,Philadelphia 76ers,0,Patrick Patterson,17:10,2,4,.500,2,3,.667,0,0,,0,2,2,0,0,0,0,2,6,+3,.750,.750,.750,.000,0.0,14.0,7.6,0.0,0.0,0.0,0.0,10.3,153,119
416,201704020TOR,"6:00 PM, April 2, 2017",2017,Toronto Raptors,Philadelphia 76ers,0,Fred VanVleet,12:00,3,6,.500,1,2,.500,0,0,,0,1,1,0,1,0,1,2,7,-2,.583,.583,.333,.000,0.0,10.0,5.4,0.0,4.2,0.0,14.3,25.8,98,111
417,201704020TOR,"6:00 PM, April 2, 2017",2017,Toronto Raptors,Philadelphia 76ers,0,Pascal Siakam,3:15,0,0,,0,0,,0,0,,0,0,0,0,0,0,0,2,0,-7,,,,,0.0,0.0,0.0,0.0,0.0,0.0,,0.0,0,124
418,201704020TOR,"6:00 PM, April 2, 2017",2017,Toronto Raptors,Philadelphia 76ers,0,Bruno Caboclo,0:00,0.0,0.0,0.0,0.0,0.0,0.0,0.0,0.0,0.0,0.0,0.0,0.0,0.0,0.0,0.0,0.0,0.0,0.0,0.0,0.0,0.0,0.0,0.0,0.0,0.0,0.0,0.0,0.0,0.0,0.0,0.0,0.0,0.0
419,201704020TOR,"6:00 PM, April 2, 2017",2017,Toronto Raptors,Philadelphia 76ers,0,Lucas Nogueira,0:00,0.0,0.0,0.0,0.0,0.0,0.0,0.0,0.0,0.0,0.0,0.0,0.0,0.0,0.0,0.0,0.0,0.0,0.0,0.0,0.0,0.0,0.0,0.0,0.0,0.0,0.0,0.0,0.0,0.0,0.0,0.0,0.0,0.0
420,201704030MIN,"7:00 PM, April 3, 2017",2017,Portland Trail Blazers,Minnesota Timberwolves,1,Damian Lillard,39:07,7,21,.333,3,11,.273,8,9,.889,0,4,4,6,2,0,0,2,25,-1,.501,.405,.524,.429,0.0,13.6,6.2,25.0,2.7,0.0,0.0,30.0,119,123
421,201704030MIN,"7:00 PM, April 3, 2017",2017,Portland Trail Blazers,Minnesota Timberwolves,1,Maurice Harkless,36:10,7,10,.700,3,5,.600,0,0,,2,5,7,1,1,1,0,4,17,0,.850,.850,.500,.000,6.2,18.4,11.8,4.6,1.5,1.8,0.0,13.0,171,122
422,201704030MIN,"7:00 PM, April 3, 2017",2017,Portland Trail Blazers,Minnesota Timberwolves,1,CJ McCollum,35:12,5,14,.357,0,3,.000,7,8,.875,1,4,5,4,1,1,2,1,17,0,.485,.357,.214,.571,3.2,15.2,8.6,17.5,1.5,1.8,10.2,26.1,105,123
423,201704030MIN,"7:00 PM, April 3, 2017",2017,Portland Trail Blazers,Minnesota Timberwolves,1,Noah Vonleh,26:09,4,5,.800,0,0,,4,4,1.000,1,3,4,0,2,2,1,3,12,-13,.888,.800,.000,.800,4.3,15.3,9.3,0.0,4.1,4.9,12.9,14.0,157,116
424,201704030MIN,"7:00 PM, April 3, 2017",2017,Portland Trail Blazers,Minnesota Timberwolves,1,Meyers Leonard,11:44,0,4,.000,0,2,.000,0,0,,0,2,2,2,0,0,0,3,0,-10,.000,.000,.500,.000,0.0,22.7,10.4,21.5,0.0,0.0,0.0,16.0,33,125
425,201704030MIN,"7:00 PM, April 3, 2017",2017,Portland Trail Blazers,Minnesota Timberwolves,0,Al-Farouq Aminu,34:52,7,14,.500,4,7,.571,2,2,1.000,6,1,7,5,0,3,0,1,20,+13,.672,.643,.500,.143,19.2,3.8,12.2,24.3,0.0,5.5,0.0,20.1,158,127
426,201704030MIN,"7:00 PM, April 3, 2017",2017,Portland Trail Blazers,Minnesota Timberwolves,0,Allen Crabbe,29:26,5,11,.455,1,3,.333,1,2,.500,0,2,2,2,1,0,1,0,12,+7,.505,.500,.273,.182,0.0,9.1,4.1,10.9,1.8,0.0,7.8,20.6,100,126
427,201704030MIN,"7:00 PM, April 3, 2017",2017,Portland Trail Blazers,Minnesota Timberwolves,0,Evan Turner,27:20,3,7,.429,0,1,.000,0,0,,1,3,4,4,0,2,1,4,6,-1,.429,.429,.143,.000,4.1,14.6,8.9,21.5,0.0,4.7,12.5,13.8,103,124
428,201704030MIN,"7:00 PM, April 3, 2017",2017,Portland Trail Blazers,Minnesota Timberwolves,0,Pat Connaughton,0:00,0.0,0.0,0.0,0.0,0.0,0.0,0.0,0.0,0.0,0.0,0.0,0.0,0.0,0.0,0.0,0.0,0.0,0.0,0.0,0.0,0.0,0.0,0.0,0.0,0.0,0.0,0.0,0.0,0.0,0.0,0.0,0.0,0.0
429,201704030MIN,"7:00 PM, April 3, 2017",2017,Portland Trail Blazers,Minnesota Timberwolves,0,Shabazz Napier,0:00,0.0,0.0,0.0,0.0,0.0,0.0,0.0,0.0,0.0,0.0,0.0,0.0,0.0,0.0,0.0,0.0,0.0,0.0,0.0,0.0,0.0,0.0,0.0,0.0,0.0,0.0,0.0,0.0,0.0,0.0,0.0,0.0,0.0
430,201704030MIN,"7:00 PM, April 3, 2017",2017,Portland Trail Blazers,Minnesota Timberwolves,0,Jake Layman,0:00,0.0,0.0,0.0,0.0,0.0,0.0,0.0,0.0,0.0,0.0,0.0,0.0,0.0,0.0,0.0,0.0,0.0,0.0,0.0,0.0,0.0,0.0,0.0,0.0,0.0,0.0,0.0,0.0,0.0,0.0,0.0,0.0,0.0
431,201704030MIN,"7:00 PM, April 3, 2017",2017,Minnesota Timberwolves,Portland Trail Blazers,1,Ricky Rubio,39:23,2,7,.286,0,0,,7,9,.778,0,7,7,16,0,1,5,4,11,+7,.502,.286,.000,1.286,0.0,19.8,10.8,50.6,0.0,2.3,31.3,18.1,106,122
432,201704030MIN,"7:00 PM, April 3, 2017",2017,Minnesota Timberwolves,Portland Trail Blazers,1,Gorgui Dieng,39:16,3,8,.375,0,0,,2,2,1.000,3,5,8,3,0,2,0,4,8,+7,.450,.375,.000,.250,10.2,14.2,12.4,9.8,0.0,4.5,0.0,10.1,127,123
433,201704030MIN,"7:00 PM, April 3, 2017",2017,Minnesota Timberwolves,Portland Trail Blazers,1,Karl-Anthony Towns,38:33,15,25,.600,0,0,,4,4,1.000,4,8,12,0,0,0,1,2,34,-3,.635,.600,.000,.160,13.8,23.2,18.9,0.0,0.0,0.0,3.6,32.2,133,123
434,201704030MIN,"7:00 PM, April 3, 2017",2017,Minnesota Timberwolves,Portland Trail Blazers,1,Andrew Wiggins,38:15,11,25,.440,3,5,.600,4,4,1.000,1,3,4,0,0,0,0,1,29,+10,.542,.500,.200,.160,3.5,8.8,6.4,0.0,0.0,0.0,0.0,31.3,121,128
435,201704030MIN,"7:00 PM, April 3, 2017",2017,Minnesota Timberwolves,Portland Trail Blazers,1,Brandon Rush,36:41,4,8,.500,1,3,.333,3,4,.750,3,4,7,3,1,2,2,2,12,-1,.615,.563,.375,.500,10.9,12.2,11.6,11.0,1.5,4.8,17.0,14.3,122,120
436,201704030MIN,"7:00 PM, April 3, 2017",2017,Minnesota Timberwolves,Portland Trail Blazers,0,Shabazz Muhammad,13:16,4,7,.571,0,0,,3,3,1.000,0,1,1,0,0,0,0,0,11,-2,.661,.571,.000,.429,0.0,8.4,4.6,0.0,0.0,0.0,0.0,28.0,143,128
437,201704030MIN,"7:00 PM, April 3, 2017",2017,Minnesota Timberwolves,Portland Trail Blazers,0,Omri Casspi,11:54,0,1,.000,0,1,.000,1,2,.500,0,1,1,2,0,0,0,1,1,+1,.266,.000,1.000,2.000,0.0,9.4,5.1,19.7,0.0,0.0,0.0,7.1,103,128
438,201704030MIN,"7:00 PM, April 3, 2017",2017,Minnesota Timberwolves,Portland Trail Blazers,0,Tyus Jones,10:15,2,2,1.000,0,0,,0,0,,0,1,1,1,1,0,2,1,4,-8,1.000,1.000,.000,.000,0.0,10.9,5.9,14.8,5.2,0.0,50.0,17.5,85,115
439,201704030MIN,"7:00 PM, April 3, 2017",2017,Minnesota Timberwolves,Portland Trail Blazers,0,Adreian Payne,6:17,0,0,,0,0,,0,0,,1,2,3,0,1,0,1,1,0,-3,,,,,21.2,35.5,29.0,0.0,8.5,0.0,100.0,7.1,52,99
440,201704030MIN,"7:00 PM, April 3, 2017",2017,Minnesota Timberwolves,Portland Trail Blazers,0,Kris Dunn,6:10,0,1,.000,0,0,,0,0,,0,0,0,1,0,0,0,2,0,-3,.000,.000,.000,.000,0.0,0.0,0.0,19.0,0.0,0.0,0.0,7.3,57,130
441,201704030MIN,"7:00 PM, April 3, 2017",2017,Minnesota Timberwolves,Portland Trail Blazers,0,Cole Aldrich,0:00,0.0,0.0,0.0,0.0,0.0,0.0,0.0,0.0,0.0,0.0,0.0,0.0,0.0,0.0,0.0,0.0,0.0,0.0,0.0,0.0,0.0,0.0,0.0,0.0,0.0,0.0,0.0,0.0,0.0,0.0,0.0,0.0,0.0
442,201704030MIN,"7:00 PM, April 3, 2017",2017,Minnesota Timberwolves,Portland Trail Blazers,0,Jordan Hill,0:00,0.0,0.0,0.0,0.0,0.0,0.0,0.0,0.0,0.0,0.0,0.0,0.0,0.0,0.0,0.0,0.0,0.0,0.0,0.0,0.0,0.0,0.0,0.0,0.0,0.0,0.0,0.0,0.0,0.0,0.0,0.0,0.0,0.0
443,201704040CLE,"7:00 PM, April 4, 2017",2017,Orlando Magic,Cleveland Cavaliers,1,Terrence Ross,32:36,5,14,.357,2,8,.250,0,0,,0,1,1,3,2,0,1,1,12,-15,.429,.429,.571,.000,0.0,4.0,1.7,17.2,3.0,0.0,6.7,19.8,89,125
444,201704040CLE,"7:00 PM, April 4, 2017",2017,Orlando Magic,Cleveland Cavaliers,1,Aaron Gordon,32:09,5,14,.357,2,4,.500,0,0,,2,3,5,0,0,0,4,2,12,-26,.429,.429,.286,.000,6.2,12.1,8.8,0.0,0.0,0.0,22.2,24.1,69,131
445,201704040CLE,"7:00 PM, April 4, 2017",2017,Orlando Magic,Cleveland Cavaliers,1,Evan Fournier,29:02,5,12,.417,4,8,.500,7,8,.875,0,0,0,1,2,0,1,4,21,-27,.677,.583,.667,.667,0.0,0.0,0.0,6.7,3.4,0.0,6.1,24.5,130,124
446,201704040CLE,"7:00 PM, April 4, 2017",2017,Orlando Magic,Cleveland Cavaliers,1,Nikola Vucevic,23:58,3,9,.333,0,0,,0,0,,1,9,10,2,1,1,1,2,6,-22,.333,.333,.000,.000,4.2,48.7,23.6,14.8,2.1,4.4,10.0,18.0,76,119
447,201704040CLE,"7:00 PM, April 4, 2017",2017,Orlando Magic,Cleveland Cavaliers,1,Elfrid Payton,22:40,5,9,.556,0,1,.000,2,2,1.000,2,2,4,6,0,0,1,0,12,-24,.607,.556,.111,.222,8.8,11.4,10.0,56.7,0.0,0.0,9.2,20.7,133,131
448,201704040CLE,"7:00 PM, April 4, 2017",2017,Orlando Magic,Cleveland Cavaliers,0,C.J. Watson,25:20,3,6,.500,1,3,.333,2,2,1.000,2,1,3,6,0,0,2,4,9,+4,.654,.583,.500,.333,7.9,5.1,6.7,41.6,0.0,0.0,22.5,15.1,126,132
449,201704040CLE,"7:00 PM, April 4, 2017",2017,Orlando Magic,Cleveland Cavaliers,0,Mario Hezonja,22:09,3,8,.375,1,3,.333,6,6,1.000,0,2,2,1,1,1,2,1,13,+1,.611,.438,.375,.750,0.0,11.7,5.1,8.2,2.2,4.7,15.8,24.6,109,122
450,201704040CLE,"7:00 PM, April 4, 2017",2017,Orlando Magic,Cleveland Cavaliers,0,Jodie Meeks,20:33,2,7,.286,1,4,.250,6,6,1.000,1,5,6,3,2,0,2,1,11,+3,.571,.357,.571,.857,4.9,31.6,16.5,24.7,4.8,0.0,17.2,24.4,112,118
451,201704040CLE,"7:00 PM, April 4, 2017",2017,Orlando Magic,Cleveland Cavaliers,0,Bismack Biyombo,18:42,1,3,.333,0,0,,2,2,1.000,2,8,10,1,0,1,0,5,4,+9,.515,.333,.000,.667,10.7,55.5,30.2,8.4,0.0,5.6,0.0,8.9,138,121
452,201704040CLE,"7:00 PM, April 4, 2017",2017,Orlando Magic,Cleveland Cavaliers,0,Damjan Rudez,4:17,1,2,.500,0,1,.000,0,0,,0,0,0,0,0,0,0,1,2,-1,.000,.000,.000,.000,23.3,0.0,13.2,0.0,0.0,0.0,0.0,10.1,62,133
453,201704040CLE,"7:00 PM, April 4, 2017",2017,Orlando Magic,Cleveland Cavaliers,0,Marcus Georges-Hunt,4:17,0,1,.000,0,1,.000,0,0,,0,1,1,0,0,0,0,0,0,-1,.000,.000,1.000,.000,0.0,30.3,13.2,0.0,0.0,0.0,0.0,10.1,0,129
454,201704040CLE,"7:00 PM, April 4, 2017",2017,Orlando Magic,Cleveland Cavaliers,0,Patricio Garino,4:17,0,1,.000,0,0,,0,0,,1,0,1,0,0,0,0,0,0,-1,.500,.500,.500,.000,0.0,0.0,0.0,0.0,0.0,0.0,0.0,20.1,96,132
455,201704040CLE,"7:00 PM, April 4, 2017",2017,Orlando Magic,Cleveland Cavaliers,0,D.J. Augustin,0:00,0.0,0.0,0.0,0.0,0.0,0.0,0.0,0.0,0.0,0.0,0.0,0.0,0.0,0.0,0.0,0.0,0.0,0.0,0.0,0.0,0.0,0.0,0.0,0.0,0.0,0.0,0.0,0.0,0.0,0.0,0.0,0.0,0.0
456,201704040CLE,"7:00 PM, April 4, 2017",2017,Cleveland Cavaliers,Orlando Magic,1,LeBron James,37:06,7,14,.500,0,3,.000,4,6,.667,1,10,11,11,2,1,6,2,18,+17,.541,.500,.214,.429,3.5,27.0,16.7,40.7,2.7,2.4,26.5,28.4,105,98
457,201704040CLE,"7:00 PM, April 4, 2017",2017,Cleveland Cavaliers,Orlando Magic,1,J.R. Smith,31:27,7,11,.636,5,8,.625,0,0,,0,5,5,3,0,0,1,1,19,+33,.864,.864,.727,.000,0.0,15.9,9.0,13.7,0.0,0.0,8.3,17.7,147,110
458,201704040CLE,"7:00 PM, April 4, 2017",2017,Cleveland Cavaliers,Orlando Magic,1,Kyrie Irving,30:28,10,15,.667,3,5,.600,1,1,1.000,1,3,4,8,1,0,0,3,24,+26,.777,.767,.333,.067,4.3,9.8,7.4,44.6,1.6,0.0,0.0,23.6,167,109
459,201704040CLE,"7:00 PM, April 4, 2017",2017,Cleveland Cavaliers,Orlando Magic,1,Kevin Love,28:26,9,18,.500,5,9,.556,5,6,.833,2,9,11,2,2,1,1,2,28,+25,.678,.639,.500,.333,9.1,31.7,21.8,11.7,3.5,3.2,4.6,35.4,131,94
460,201704040CLE,"7:00 PM, April 4, 2017",2017,Cleveland Cavaliers,Orlando Magic,1,Tristan Thompson,28:10,1,3,.333,0,0,,0,0,,1,2,3,1,0,1,0,2,2,+27,.333,.333,.000,.000,4.6,7.1,6.0,4.0,0.0,3.2,0.0,5.0,105,111
461,201704040CLE,"7:00 PM, April 4, 2017",2017,Cleveland Cavaliers,Orlando Magic,0,Deron Williams,20:11,2,6,.333,0,1,.000,4,4,1.000,0,1,1,3,0,0,1,1,8,-8,.515,.333,.167,.667,0.0,5.0,2.8,18.2,0.0,0.0,11.4,20.2,111,114
462,201704040CLE,"7:00 PM, April 4, 2017",2017,Cleveland Cavaliers,Orlando Magic,0,Iman Shumpert,19:00,2,2,1.000,1,1,1.000,2,2,1.000,0,0,0,1,1,0,2,2,7,-3,1.215,1.250,.500,1.000,0.0,0.0,0.0,6.5,2.6,0.0,41.0,11.9,128,110
463,201704040CLE,"7:00 PM, April 4, 2017",2017,Cleveland Cavaliers,Orlando Magic,0,Richard Jefferson,14:47,2,4,.500,1,2,.500,0,2,.000,0,2,2,0,0,0,0,3,5,-5,.512,.625,.500,.500,0.0,13.5,7.6,0.0,0.0,0.0,0.0,15.3,91,111
464,201704040CLE,"7:00 PM, April 4, 2017",2017,Cleveland Cavaliers,Orlando Magic,0,Kyle Korver,11:53,4,6,.667,3,5,.600,0,0,,0,1,1,1,0,0,1,0,11,-2,.917,.917,.833,.000,0.0,8.4,4.8,14.5,0.0,0.0,14.3,27.4,132,113
465,201704040CLE,"7:00 PM, April 4, 2017",2017,Cleveland Cavaliers,Orlando Magic,0,Channing Frye,9:58,0,2,.000,0,2,.000,0,0,,0,3,3,0,3,0,0,1,0,-12,.000,.000,1.000,.000,0.0,30.1,17.0,0.0,14.9,0.0,0.0,9.3,0,70
466,201704040CLE,"7:00 PM, April 4, 2017",2017,Cleveland Cavaliers,Orlando Magic,0,DeAndre Liggins,4:17,0,1,.000,0,0,,0,0,,0,1,1,0,0,0,0,1,0,+1,,,,,0.0,0.0,0.0,0.0,0.0,0.0,,0.0,0,116
467,201704040CLE,"7:00 PM, April 4, 2017",2017,Cleveland Cavaliers,Orlando Magic,0,Derrick Williams,4:17,0,0,,0,0,,0,0,,0,0,0,0,0,0,0,0,0,+1,.000,.000,.000,.000,0.0,23.3,13.2,0.0,0.0,0.0,0.0,10.9,0,108
468,201704040CLE,"7:00 PM, April 4, 2017",2017,Cleveland Cavaliers,Orlando Magic,0,James Jones,0:00,0.0,0.0,0.0,0.0,0.0,0.0,0.0,0.0,0.0,0.0,0.0,0.0,0.0,0.0,0.0,0.0,0.0,0.0,0.0,0.0,0.0,0.0,0.0,0.0,0.0,0.0,0.0,0.0,0.0,0.0,0.0,0.0,0.0
469,201704040GSW,"10:30 PM, April 4, 2017",2017,Minnesota Timberwolves,Golden State Warriors,1,Ricky Rubio,30:08,6,17,.353,0,6,.000,3,3,1.000,2,3,5,5,1,0,2,3,15,-17,.409,.353,.353,.176,6.2,12.3,8.8,25.3,1.6,0.0,9.8,26.9,99,126
470,201704040GSW,"10:30 PM, April 4, 2017",2017,Minnesota Timberwolves,Golden State Warriors,1,Andrew Wiggins,29:32,9,20,.450,1,4,.250,5,7,.714,1,3,4,2,3,0,4,2,24,-11,.520,.475,.200,.350,3.2,12.5,7.2,12.3,5.0,0.0,14.8,36.5,99,118
471,201704040GSW,"10:30 PM, April 4, 2017",2017,Minnesota Timberwolves,Golden State Warriors,1,Gorgui Dieng,28:09,2,5,.400,0,1,.000,2,2,1.000,2,7,9,4,0,0,0,0,6,-16,.510,.400,.200,.400,6.7,30.6,17.1,18.1,0.0,0.0,0.0,8.3,143,127
472,201704040GSW,"10:30 PM, April 4, 2017",2017,Minnesota Timberwolves,Golden State Warriors,1,Karl-Anthony Towns,27:39,8,10,.800,1,1,1.000,4,5,.800,2,4,6,4,2,2,3,2,21,-16,.861,.850,.100,.500,6.8,17.8,11.6,25.6,3.6,6.7,19.7,21.9,141,115
473,201704040GSW,"10:30 PM, April 4, 2017",2017,Minnesota Timberwolves,Golden State Warriors,1,Brandon Rush,15:39,0,1,.000,0,1,.000,0,0,,0,2,2,0,0,0,0,1,0,-8,.000,.000,1.000,.000,0.0,15.7,6.8,0.0,0.0,0.0,0.0,2.5,0,129
474,201704040GSW,"10:30 PM, April 4, 2017",2017,Minnesota Timberwolves,Golden State Warriors,0,Shabazz Muhammad,32:21,8,18,.444,1,2,.500,7,9,.778,8,3,11,1,0,0,0,1,24,-6,.546,.472,.111,.500,23.3,11.4,18.1,5.1,0.0,0.0,0.0,27.1,136,130
475,201704040GSW,"10:30 PM, April 4, 2017",2017,Minnesota Timberwolves,Golden State Warriors,0,Kris Dunn,20:24,0,4,.000,0,0,,0,0,,0,1,1,1,2,0,2,5,0,+1,.000,.000,.000,.000,0.0,6.0,2.6,5.7,4.8,0.0,33.3,11.7,10,119
476,201704040GSW,"10:30 PM, April 4, 2017",2017,Minnesota Timberwolves,Golden State Warriors,0,Tyus Jones,16:00,0,4,.000,0,1,.000,0,0,,0,2,2,3,0,0,0,2,0,-1,.000,.000,.250,.000,0.0,15.4,6.7,22.0,0.0,0.0,0.0,10.0,44,129
477,201704040GSW,"10:30 PM, April 4, 2017",2017,Minnesota Timberwolves,Golden State Warriors,0,Adreian Payne,14:22,3,8,.375,1,3,.333,0,0,,1,4,5,1,1,1,0,2,7,+7,.438,.438,.375,.000,6.6,34.3,18.6,10.8,3.4,6.4,0.0,22.2,111,113
478,201704040GSW,"10:30 PM, April 4, 2017",2017,Minnesota Timberwolves,Golden State Warriors,0,Omri Casspi,13:46,3,3,1.000,0,0,,0,0,,1,2,3,1,0,0,1,1,6,-7,1.000,1.000,.000,.000,6.8,17.9,11.6,11.4,0.0,0.0,25.0,11.6,142,129
479,201704040GSW,"10:30 PM, April 4, 2017",2017,Minnesota Timberwolves,Golden State Warriors,0,Cole Aldrich,6:15,1,4,.250,0,0,,0,0,,1,0,1,0,0,0,0,0,2,-2,.250,.250,.000,.000,15.1,0.0,8.5,0.0,0.0,0.0,0.0,25.5,75,132
480,201704040GSW,"10:30 PM, April 4, 2017",2017,Minnesota Timberwolves,Golden State Warriors,0,Jordan Hill,5:45,1,2,.500,0,0,,0,0,,1,0,1,0,0,0,1,0,2,+6,.500,.500,.000,.000,16.4,0.0,9.3,0.0,0.0,0.0,33.3,20.8,78,132
481,201704040GSW,"10:30 PM, April 4, 2017",2017,Golden State Warriors,Minnesota Timberwolves,1,Klay Thompson,33:21,13,24,.542,7,14,.500,8,9,.889,0,2,2,3,2,1,1,2,41,+19,.733,.688,.583,.375,0.0,5.6,3.2,17.1,2.9,1.9,3.5,38.8,140,111
482,201704040GSW,"10:30 PM, April 4, 2017",2017,Golden State Warriors,Minnesota Timberwolves,1,Stephen Curry,29:53,7,18,.389,3,8,.375,2,4,.500,0,3,3,9,3,2,3,2,19,+13,.481,.472,.444,.222,0.0,9.4,5.4,44.1,4.9,4.2,13.2,34.0,102,104
483,201704040GSW,"10:30 PM, April 4, 2017",2017,Golden State Warriors,Minnesota Timberwolves,1,Draymond Green,28:06,2,6,.333,0,2,.000,2,2,1.000,0,1,1,5,1,1,2,1,6,+8,.436,.333,.333,.333,0.0,3.3,1.9,21.0,1.7,2.2,22.5,14.1,96,114
484,201704040GSW,"10:30 PM, April 4, 2017",2017,Golden State Warriors,Minnesota Timberwolves,1,Matt Barnes,25:50,5,6,.833,2,3,.667,0,0,,0,6,6,4,1,0,0,3,12,+9,1.000,1.000,.500,.000,0.0,21.9,12.4,21.4,1.9,0.0,0.0,10.4,199,106
485,201704040GSW,"10:30 PM, April 4, 2017",2017,Golden State Warriors,Minnesota Timberwolves,1,Zaza Pachulia,19:14,3,5,.600,0,0,,0,0,,1,6,7,0,0,0,0,1,6,+7,.600,.600,.000,.000,6.4,29.4,19.4,0.0,0.0,0.0,0.0,11.6,125,107
486,201704040GSW,"10:30 PM, April 4, 2017",2017,Golden State Warriors,Minnesota Timberwolves,0,Andre Iguodala,23:00,4,4,1.000,1,1,1.000,2,2,1.000,0,2,2,3,0,0,1,3,11,+14,1.127,1.125,.250,.500,0.0,8.2,4.6,17.6,0.0,0.0,17.0,11.4,183,117
487,201704040GSW,"10:30 PM, April 4, 2017",2017,Golden State Warriors,Minnesota Timberwolves,0,Shaun Livingston,18:52,0,0,,0,0,,4,4,1.000,0,2,2,2,0,1,1,3,4,+5,1.136,,,,0.0,10.0,5.7,11.6,0.0,3.3,36.2,6.5,165,114
488,201704040GSW,"10:30 PM, April 4, 2017",2017,Golden State Warriors,Minnesota Timberwolves,0,Ian Clark,18:28,2,8,.250,1,3,.333,0,0,,1,2,3,1,1,0,1,1,5,+3,.313,.313,.375,.000,6.7,10.2,8.7,6.7,2.7,0.0,11.1,21.7,71,110
489,201704040GSW,"10:30 PM, April 4, 2017",2017,Golden State Warriors,Minnesota Timberwolves,0,David West,14:56,3,4,.750,0,0,,1,1,1.000,1,3,4,6,0,1,2,0,7,+6,.788,.750,.000,.250,8.2,18.9,14.3,56.1,0.0,4.2,31.1,19.2,138,109
490,201704040GSW,"10:30 PM, April 4, 2017",2017,Golden State Warriors,Minnesota Timberwolves,0,Patrick McCaw,8:49,1,1,1.000,0,0,,0,0,,0,1,1,0,1,0,1,1,2,-9,1.000,1.000,.000,.000,0.0,10.7,6.0,0.0,5.6,0.0,50.0,10.1,70,104
491,201704040GSW,"10:30 PM, April 4, 2017",2017,Golden State Warriors,Minnesota Timberwolves,0,JaVale McGee,8:24,3,3,1.000,0,0,,0,0,,1,1,2,0,0,1,0,2,6,+2,1.000,1.000,.000,.000,14.7,11.2,12.7,0.0,0.0,7.4,0.0,15.9,206,111
492,201704040GSW,"10:30 PM, April 4, 2017",2017,Golden State Warriors,Minnesota Timberwolves,0,James Michael McAdoo,6:50,0,3,.000,0,1,.000,0,2,.000,2,2,4,0,0,0,0,0,0,-5,.000,.000,.333,.667,36.0,27.5,31.2,0.0,0.0,0.0,0.0,25.3,46,108
493,201704040GSW,"10:30 PM, April 4, 2017",2017,Golden State Warriors,Minnesota Timberwolves,0,Kevon Looney,4:17,1,2,.500,0,0,,0,0,,2,1,3,0,0,0,1,0,2,-2,.500,.500,.000,.000,57.5,22.0,37.4,0.0,0.0,0.0,33.3,31.3,98,110
494,201704040IND,"7:00 PM, April 4, 2017",2017,Toronto Raptors,Indiana Pacers,1,DeMar DeRozan,40:19,9,21,.429,0,2,.000,9,10,.900,1,2,3,2,3,0,2,3,27,-21,.531,.429,.095,.476,3.1,5.4,4.3,10.2,3.9,0.0,7.3,33.5,107,116
495,201704040IND,"7:00 PM, April 4, 2017",2017,Toronto Raptors,Indiana Pacers,1,Cory Joseph,31:30,5,7,.714,0,2,.000,0,0,,0,4,4,2,1,1,3,3,10,-15,.714,.714,.286,.000,0.0,13.9,7.3,11.6,1.6,2.4,30.0,15.7,101,116
496,201704040IND,"7:00 PM, April 4, 2017",2017,Toronto Raptors,Indiana Pacers,1,Serge Ibaka,30:38,3,13,.231,0,6,.000,2,2,1.000,0,10,10,0,0,0,3,3,8,-13,.288,.231,.462,.154,0.0,35.6,18.9,0.0,0.0,0.0,17.8,27.2,50,116
497,201704040IND,"7:00 PM, April 4, 2017",2017,Toronto Raptors,Indiana Pacers,1,Jonas Valanciunas,28:04,4,6,.667,0,0,,2,2,1.000,1,9,10,2,0,1,1,3,10,-3,.727,.667,.000,.333,4.4,35.0,20.6,12.6,0.0,2.7,12.7,13.8,137,113
498,201704040IND,"7:00 PM, April 4, 2017",2017,Toronto Raptors,Indiana Pacers,1,DeMarre Carroll,27:11,3,5,.600,3,5,.600,2,2,1.000,0,1,1,0,1,0,2,2,11,-14,.935,.900,1.000,.400,0.0,4.0,2.1,0.0,1.9,0.0,25.4,14.3,132,121
499,201704040IND,"7:00 PM, April 4, 2017",2017,Toronto Raptors,Indiana Pacers,0,P.J. Tucker,26:29,4,10,.400,1,3,.333,0,0,,2,3,5,1,1,0,1,4,9,-18,.450,.450,.300,.000,9.3,12.4,10.9,6.8,2.0,0.0,9.1,20.5,95,118
500,201704040IND,"7:00 PM, April 4, 2017",2017,Toronto Raptors,Indiana Pacers,0,Patrick Patterson,19:41,1,6,.167,0,4,.000,0,0,,1,1,2,0,0,0,0,1,2,-1,.167,.167,.667,.000,6.3,5.5,5.9,0.0,0.0,0.0,0.0,15.0,48,125
501,201704040IND,"7:00 PM, April 4, 2017",2017,Toronto Raptors,Indiana Pacers,0,Delon Wright,16:30,2,3,.667,1,1,1.000,0,0,,0,1,1,4,0,1,0,0,5,-3,.833,.833,.333,.000,0.0,6.6,3.5,41.3,0.0,4.5,0.0,9.0,182,120
502,201704040IND,"7:00 PM, April 4, 2017",2017,Toronto Raptors,Indiana Pacers,0,Jakob Poeltl,11:51,3,3,1.000,0,0,,2,3,.667,1,2,3,0,1,2,0,0,8,-5,.926,1.000,.000,1.000,10.4,18.4,14.6,0.0,4.4,12.7,0.0,18.0,191,100
503,201704040IND,"7:00 PM, April 4, 2017",2017,Toronto Raptors,Indiana Pacers,0,Norman Powell,7:41,0,2,.000,0,0,,0,0,,0,1,1,0,0,0,1,0,0,+3,.000,.000,.000,.000,0.0,14.2,7.5,0.0,0.0,0.0,33.3,19.3,0,122
504,201704040IND,"7:00 PM, April 4, 2017",2017,Toronto Raptors,Indiana Pacers,0,Lucas Nogueira,0:03,0,0,,0,0,,0,0,,0,0,0,0,0,0,0,0,0,0,,,,,0.0,0.0,0.0,0.0,0.0,0.0,,0.0,0,126
505,201704040IND,"7:00 PM, April 4, 2017",2017,Toronto Raptors,Indiana Pacers,0,Fred VanVleet,0:03,0,0,,0,0,,0,0,,0,0,0,0,0,0,0,0,0,0,,,,,0.0,0.0,0.0,0.0,0.0,0.0,,0.0,0,126
506,201704040IND,"7:00 PM, April 4, 2017",2017,Indiana Pacers,Toronto Raptors,1,Paul George,39:39,12,25,.480,5,10,.500,6,6,1.000,2,8,10,3,2,0,3,2,35,+19,.633,.580,.400,.240,5.5,24.8,14.6,14.8,2.6,0.0,9.8,34.4,124,96
507,201704040IND,"7:00 PM, April 4, 2017",2017,Indiana Pacers,Toronto Raptors,1,Jeff Teague,36:14,5,13,.385,2,5,.400,8,8,1.000,0,2,2,6,0,0,1,1,20,+21,.605,.462,.385,.615,0.0,6.8,3.2,24.6,0.0,0.0,5.7,21.5,134,105
508,201704040IND,"7:00 PM, April 4, 2017",2017,Indiana Pacers,Toronto Raptors,1,Myles Turner,36:07,2,9,.222,1,3,.333,2,2,1.000,2,4,6,0,0,0,1,3,7,+23,.354,.278,.333,.222,6.0,13.6,9.6,0.0,0.0,0.0,9.2,13.4,82,103
509,201704040IND,"7:00 PM, April 4, 2017",2017,Indiana Pacers,Toronto Raptors,1,Thaddeus Young,32:56,7,15,.467,0,0,,1,1,1.000,6,5,11,0,2,0,1,0,15,+19,.486,.467,.000,.067,19.9,18.7,19.3,0.0,3.2,0.0,6.1,22.2,112,96
510,201704040IND,"7:00 PM, April 4, 2017",2017,Indiana Pacers,Toronto Raptors,1,Monta Ellis,22:54,4,8,.500,1,2,.500,1,1,1.000,0,4,4,1,2,2,1,2,10,+8,.592,.563,.250,.125,0.0,21.5,10.1,6.8,4.5,7.9,10.6,18.3,112,85
511,201704040IND,"7:00 PM, April 4, 2017",2017,Indiana Pacers,Toronto Raptors,0,Lance Stephenson,25:03,5,10,.500,2,2,1.000,0,0,,0,2,2,3,1,0,1,2,12,+10,.600,.600,.200,.000,0.0,9.8,4.6,19.5,2.1,0.0,9.1,19.5,120,100
512,201704040IND,"7:00 PM, April 4, 2017",2017,Indiana Pacers,Toronto Raptors,0,C.J. Miles,15:41,1,4,.250,0,2,.000,0,0,,0,4,4,1,0,0,0,1,2,+1,.250,.250,.500,.000,0.0,31.4,14.7,8.5,0.0,0.0,0.0,11.3,69,100
513,201704040IND,"7:00 PM, April 4, 2017",2017,Indiana Pacers,Toronto Raptors,0,Aaron Brooks,11:46,1,2,.500,1,1,1.000,0,0,,0,1,1,2,0,0,0,3,3,-3,.750,.750,.500,.000,0.0,10.5,4.9,23.4,0.0,0.0,0.0,7.6,174,104
514,201704040IND,"7:00 PM, April 4, 2017",2017,Indiana Pacers,Toronto Raptors,0,Lavoy Allen,10:15,0,1,.000,0,0,,0,0,,0,2,2,0,0,1,1,1,0,-3,.000,.000,.000,.000,0.0,24.0,11.3,0.0,0.0,8.8,50.0,8.7,0,94
515,201704040IND,"7:00 PM, April 4, 2017",2017,Indiana Pacers,Toronto Raptors,0,Kevin Seraphin,9:19,2,2,1.000,0,0,,0,0,,0,1,1,0,0,1,2,2,4,-5,1.000,1.000,.000,.000,0.0,13.2,6.2,0.0,0.0,9.7,50.0,19.1,81,95
516,201704040IND,"7:00 PM, April 4, 2017",2017,Indiana Pacers,Toronto Raptors,0,Rakeem Christmas,0:03,0,0,,0,0,,0,0,,0,0,0,0,0,0,0,0,0,,,,,,0.0,0.0,0.0,0.0,0.0,0.0,,0.0,0,106
517,201704040IND,"7:00 PM, April 4, 2017",2017,Indiana Pacers,Toronto Raptors,0,Joe Young,0:03,0,0,,0,0,,0,0,,0,0,0,0,0,0,0,0,0,0,,,,,0.0,0.0,0.0,0.0,0.0,0.0,,0.0,0,106
518,201704040NOP,"8:00 PM, April 4, 2017",2017,Denver Nuggets,New Orleans Pelicans,1,Danilo Gallinari,41:32,9,15,.600,5,10,.500,5,6,.833,1,4,5,3,0,0,0,1,28,+7,.794,.767,.667,.400,2.9,10.3,6.8,8.1,0.0,0.0,0.0,17.2,175,133
519,201704040NOP,"8:00 PM, April 4, 2017",2017,Denver Nuggets,New Orleans Pelicans,1,Gary Harris,40:46,10,12,.833,2,2,1.000,1,2,.500,3,5,8,5,2,0,3,3,23,-1,.893,.917,.167,.167,8.8,13.1,11.1,14.3,2.3,0.0,18.9,15.8,149,127
520,201704040NOP,"8:00 PM, April 4, 2017",2017,Denver Nuggets,New Orleans Pelicans,1,Nikola Jokic,33:30,10,18,.556,0,2,.000,1,2,.500,4,8,12,4,0,0,1,2,21,-8,.556,.556,.111,.111,14.3,25.5,20.2,14.8,0.0,0.0,5.0,24.1,131,130
521,201704040NOP,"8:00 PM, April 4, 2017",2017,Denver Nuggets,New Orleans Pelicans,1,Jamal Murray,33:19,7,15,.467,2,7,.286,0,0,,0,5,5,5,1,0,3,1,16,+16,.533,.533,.467,.000,0.0,16.0,8.5,16.8,1.4,0.0,16.7,21.9,107,129
522,201704040NOP,"8:00 PM, April 4, 2017",2017,Denver Nuggets,New Orleans Pelicans,1,Kenneth Faried,9:59,0,1,.000,0,0,,0,0,,0,2,2,2,0,1,0,3,0,-2,.000,.000,.000,.000,0.0,21.4,11.3,18.1,0.0,7.1,0.0,4.1,108,124
523,201704040NOP,"8:00 PM, April 4, 2017",2017,Denver Nuggets,New Orleans Pelicans,0,Emmanuel Mudiay,28:40,5,15,.333,2,4,.500,3,5,.600,0,0,0,7,0,0,1,2,15,0,.436,.400,.267,.333,0.0,0.0,0.0,26.3,0.0,0.0,5.5,25.8,115,135
524,201704040NOP,"8:00 PM, April 4, 2017",2017,Denver Nuggets,New Orleans Pelicans,0,Mason Plumlee,26:48,6,12,.500,0,0,,1,1,1.000,5,6,11,3,0,1,1,3,13,+11,.523,.500,.000,.083,22.4,23.9,23.2,12.7,0.0,2.6,7.4,20.4,131,128
525,201704040NOP,"8:00 PM, April 4, 2017",2017,Denver Nuggets,New Orleans Pelicans,0,Wilson Chandler,25:26,6,11,.545,2,5,.400,4,5,.800,2,5,7,2,0,0,1,5,18,-8,.682,.636,.455,.455,9.4,21.0,15.5,9.1,0.0,0.0,7.0,22.7,145,131
526,201704040NOP,"8:00 PM, April 4, 2017",2017,Denver Nuggets,New Orleans Pelicans,0,Jameer Nelson,0:00,0.0,0.0,0.0,0.0,0.0,0.0,0.0,0.0,0.0,0.0,0.0,0.0,0.0,0.0,0.0,0.0,0.0,0.0,0.0,0.0,0.0,0.0,0.0,0.0,0.0,0.0,0.0,0.0,0.0,0.0,0.0,0.0,0.0
527,201704040NOP,"8:00 PM, April 4, 2017",2017,Denver Nuggets,New Orleans Pelicans,0,Juan Hernangomez,0:00,0.0,0.0,0.0,0.0,0.0,0.0,0.0,0.0,0.0,0.0,0.0,0.0,0.0,0.0,0.0,0.0,0.0,0.0,0.0,0.0,0.0,0.0,0.0,0.0,0.0,0.0,0.0,0.0,0.0,0.0,0.0,0.0,0.0
528,201704040NOP,"8:00 PM, April 4, 2017",2017,Denver Nuggets,New Orleans Pelicans,0,Mike Miller,0:00,0.0,0.0,0.0,0.0,0.0,0.0,0.0,0.0,0.0,0.0,0.0,0.0,0.0,0.0,0.0,0.0,0.0,0.0,0.0,0.0,0.0,0.0,0.0,0.0,0.0,0.0,0.0,0.0,0.0,0.0,0.0,0.0,0.0
529,201704040NOP,"8:00 PM, April 4, 2017",2017,Denver Nuggets,New Orleans Pelicans,0,Malik Beasley,0:00,0.0,0.0,0.0,0.0,0.0,0.0,0.0,0.0,0.0,0.0,0.0,0.0,0.0,0.0,0.0,0.0,0.0,0.0,0.0,0.0,0.0,0.0,0.0,0.0,0.0,0.0,0.0,0.0,0.0,0.0,0.0,0.0,0.0
530,201704040NOP,"8:00 PM, April 4, 2017",2017,Denver Nuggets,New Orleans Pelicans,0,Roy Hibbert,0:00,0.0,0.0,0.0,0.0,0.0,0.0,0.0,0.0,0.0,0.0,0.0,0.0,0.0,0.0,0.0,0.0,0.0,0.0,0.0,0.0,0.0,0.0,0.0,0.0,0.0,0.0,0.0,0.0,0.0,0.0,0.0,0.0,0.0
531,201704040NOP,"8:00 PM, April 4, 2017",2017,New Orleans Pelicans,Denver Nuggets,1,Solomon Hill,41:28,5,11,.455,5,7,.714,0,0,,2,2,4,0,1,1,0,4,15,0,.682,.682,.636,.000,5.1,5.8,5.4,0.0,1.2,1.7,0.0,11.1,140,136
532,201704040NOP,"8:00 PM, April 4, 2017",2017,New Orleans Pelicans,Denver Nuggets,1,Anthony Davis,40:46,18,31,.581,2,5,.400,3,3,1.000,2,3,5,0,1,4,0,3,41,+9,.634,.613,.161,.097,5.2,8.8,6.9,0.0,1.2,6.8,0.0,33.2,129,132
533,201704040NOP,"8:00 PM, April 4, 2017",2017,New Orleans Pelicans,Denver Nuggets,1,Jrue Holiday,39:27,6,13,.462,2,6,.333,4,4,1.000,0,4,4,13,1,1,3,0,18,+7,.610,.538,.462,.308,0.0,12.2,5.7,36.2,1.2,1.8,16.9,18.9,128,134
534,201704040NOP,"8:00 PM, April 4, 2017",2017,New Orleans Pelicans,Denver Nuggets,1,DeMarcus Cousins,35:59,10,22,.455,3,8,.375,7,8,.875,5,9,14,9,1,1,2,6,30,-5,.588,.523,.364,.364,14.8,30.0,22.0,31.9,1.3,1.9,7.3,32.1,132,128
535,201704040NOP,"8:00 PM, April 4, 2017",2017,New Orleans Pelicans,Denver Nuggets,1,Tim Frazier,15:45,1,3,.333,0,0,,0,0,,0,3,3,4,1,0,0,0,2,-4,.333,.333,.000,.000,0.0,22.9,10.8,25.4,3.0,0.0,0.0,8.0,121,128
536,201704040NOP,"8:00 PM, April 4, 2017",2017,New Orleans Pelicans,Denver Nuggets,0,E'Twaun Moore,27:37,6,9,.667,1,2,.500,0,1,.000,0,3,3,3,0,1,0,1,13,0,.689,.722,.222,.111,0.0,13.0,6.1,12.9,0.0,2.5,0.0,14.3,144,136
537,201704040NOP,"8:00 PM, April 4, 2017",2017,New Orleans Pelicans,Denver Nuggets,0,Dante Cunningham,18:42,1,1,1.000,1,1,1.000,0,0,,0,0,0,0,0,0,0,0,3,-10,1.500,1.500,1.000,.000,0.0,0.0,0.0,0.0,0.0,0.0,0.0,2.2,300,142
538,201704040NOP,"8:00 PM, April 4, 2017",2017,New Orleans Pelicans,Denver Nuggets,0,Jordan Crawford,16:34,4,9,.444,0,3,.000,1,1,1.000,0,0,0,1,0,0,2,2,9,-15,.477,.444,.333,.111,0.0,0.0,0.0,7.4,0.0,0.0,17.5,29.0,82,141
539,201704040NOP,"8:00 PM, April 4, 2017",2017,New Orleans Pelicans,Denver Nuggets,0,Alexis Ajinca,3:42,0,1,.000,0,0,,0,0,,1,1,2,0,0,0,0,0,0,+3,.000,.000,.000,.000,28.8,32.4,30.5,0.0,0.0,0.0,0.0,11.3,78,132
540,201704040NOP,"8:00 PM, April 4, 2017",2017,New Orleans Pelicans,Denver Nuggets,0,Quinn Cook,0:00,0.0,0.0,0.0,0.0,0.0,0.0,0.0,0.0,0.0,0.0,0.0,0.0,0.0,0.0,0.0,0.0,0.0,0.0,0.0,0.0,0.0,0.0,0.0,0.0,0.0,0.0,0.0,0.0,0.0,0.0,0.0,0.0,0.0
541,201704040NOP,"8:00 PM, April 4, 2017",2017,New Orleans Pelicans,Denver Nuggets,0,Donatas Motiejunas,0:00,0.0,0.0,0.0,0.0,0.0,0.0,0.0,0.0,0.0,0.0,0.0,0.0,0.0,0.0,0.0,0.0,0.0,0.0,0.0,0.0,0.0,0.0,0.0,0.0,0.0,0.0,0.0,0.0,0.0,0.0,0.0,0.0,0.0
542,201704040NOP,"8:00 PM, April 4, 2017",2017,New Orleans Pelicans,Denver Nuggets,0,Cheick Diallo,0:00,0.0,0.0,0.0,0.0,0.0,0.0,0.0,0.0,0.0,0.0,0.0,0.0,0.0,0.0,0.0,0.0,0.0,0.0,0.0,0.0,0.0,0.0,0.0,0.0,0.0,0.0,0.0,0.0,0.0,0.0,0.0,0.0,0.0
543,201704040NYK,"8:00 PM, April 4, 2017",2017,Chicago Bulls,New York Knicks,1,Jimmy Butler,39:39,9,18,.500,1,3,.333,7,9,.778,1,2,3,4,1,2,3,4,26,-6,.592,.528,.167,.500,2.5,5.8,4.0,22.9,1.3,3.7,12.0,27.7,110,110
544,201704040NYK,"8:00 PM, April 4, 2017",2017,Chicago Bulls,New York Knicks,1,Nikola Mirotic,35:57,7,16,.438,2,8,.250,5,5,1.000,3,7,10,0,0,0,1,2,21,-5,.577,.500,.500,.313,8.2,22.3,14.7,0.0,0.0,0.0,5.2,23.5,116,109
545,201704040NYK,"8:00 PM, April 4, 2017",2017,Chicago Bulls,New York Knicks,1,Robin Lopez,33:06,5,12,.417,0,0,,1,1,1.000,3,1,4,1,1,2,2,0,11,-10,.442,.417,.000,.083,8.9,3.5,6.4,5.9,1.6,4.4,13.9,19.2,87,111
546,201704040NYK,"8:00 PM, April 4, 2017",2017,Chicago Bulls,New York Knicks,1,Rajon Rondo,24:54,2,6,.333,1,2,.500,0,0,,2,5,7,9,0,0,2,0,5,-21,.417,.417,.333,.000,7.9,22.9,14.8,61.6,0.0,0.0,25.0,14.1,102,109
547,201704040NYK,"8:00 PM, April 4, 2017",2017,Chicago Bulls,New York Knicks,1,Paul Zipser,17:24,0,5,.000,0,3,.000,0,0,,0,2,2,1,0,0,1,2,0,-15,.000,.000,.600,.000,0.0,13.1,6.1,8.6,0.0,0.0,16.7,15.2,9,112
548,201704040NYK,"8:00 PM, April 4, 2017",2017,Chicago Bulls,New York Knicks,0,Denzel Valentine,23:01,1,7,.143,1,5,.200,0,0,,0,4,4,1,0,1,0,1,3,-3,.214,.214,.714,.000,0.0,19.9,9.2,7.0,0.0,3.2,0.0,13.4,54,108
549,201704040NYK,"8:00 PM, April 4, 2017",2017,Chicago Bulls,New York Knicks,0,Anthony Morrow,18:55,3,7,.429,1,3,.333,8,8,1.000,0,0,0,1,2,0,0,1,15,+18,.713,.500,.429,1.143,0.0,0.0,0.0,10.4,5.5,0.0,0.0,24.5,155,106
550,201704040NYK,"8:00 PM, April 4, 2017",2017,Chicago Bulls,New York Knicks,0,Bobby Portis,17:02,4,8,.500,0,1,.000,0,0,,2,1,3,0,0,0,1,2,8,-1,.500,.500,.125,.000,11.5,6.7,9.3,0.0,0.0,0.0,11.1,23.2,93,115
551,201704040NYK,"8:00 PM, April 4, 2017",2017,Chicago Bulls,New York Knicks,0,Michael Carter-Williams,13:31,0,3,.000,0,1,.000,0,0,,0,1,1,2,1,0,1,0,0,+3,.000,.000,.333,.000,0.0,8.5,3.9,22.2,3.8,0.0,25.0,13.0,24,106
552,201704040NYK,"8:00 PM, April 4, 2017",2017,Chicago Bulls,New York Knicks,0,Joffrey Lauvergne,9:56,1,2,.500,0,0,,0,0,,0,3,3,1,1,0,2,1,2,-2,.500,.500,.000,.000,0.0,34.5,15.9,17.8,5.2,0.0,50.0,17.7,53,92
553,201704040NYK,"8:00 PM, April 4, 2017",2017,Chicago Bulls,New York Knicks,0,Jerian Grant,6:36,0,1,.000,0,1,.000,0,0,,0,0,0,2,1,0,1,2,0,-3,.000,.000,1.000,.000,0.0,0.0,0.0,45.5,7.8,0.0,50.0,13.3,40,99
554,201704040NYK,"8:00 PM, April 4, 2017",2017,Chicago Bulls,New York Knicks,0,Cristiano Felicio,0:00,0.0,0.0,0.0,0.0,0.0,0.0,0.0,0.0,0.0,0.0,0.0,0.0,0.0,0.0,0.0,0.0,0.0,0.0,0.0,0.0,0.0,0.0,0.0,0.0,0.0,0.0,0.0,0.0,0.0,0.0,0.0,0.0,0.0
555,201704040NYK,"8:00 PM, April 4, 2017",2017,Chicago Bulls,New York Knicks,0,Isaiah Canaan,0:00,0.0,0.0,0.0,0.0,0.0,0.0,0.0,0.0,0.0,0.0,0.0,0.0,0.0,0.0,0.0,0.0,0.0,0.0,0.0,0.0,0.0,0.0,0.0,0.0,0.0,0.0,0.0,0.0,0.0,0.0,0.0,0.0,0.0
556,201704040NYK,"8:00 PM, April 4, 2017",2017,New York Knicks,Chicago Bulls,1,Carmelo Anthony,37:19,9,25,.360,2,8,.250,3,4,.750,1,7,8,2,0,0,3,4,23,+2,.430,.400,.320,.160,3.1,18.4,11.3,8.5,0.0,0.0,10.1,34.8,93,101
557,201704040NYK,"8:00 PM, April 4, 2017",2017,New York Knicks,Chicago Bulls,1,Ron Baker,37:18,4,7,.571,1,2,.500,0,1,.000,0,3,3,6,1,1,4,3,9,+2,.605,.643,.286,.143,0.0,7.9,4.2,21.0,1.4,2.2,35.0,13.4,92,100
558,201704040NYK,"8:00 PM, April 4, 2017",2017,New York Knicks,Chicago Bulls,1,Courtney Lee,33:09,6,12,.500,0,2,.000,2,2,1.000,2,2,4,3,0,0,2,5,14,+5,.543,.500,.167,.167,6.9,5.9,6.4,13.0,0.0,0.0,13.4,19.6,113,105
559,201704040NYK,"8:00 PM, April 4, 2017",2017,New York Knicks,Chicago Bulls,1,Maurice Ndour,32:58,5,10,.500,0,1,.000,3,5,.600,4,8,12,1,2,1,1,2,13,+12,.533,.500,.100,.500,13.9,23.8,19.2,4.2,3.1,2.5,7.6,17.5,119,90
560,201704040NYK,"8:00 PM, April 4, 2017",2017,New York Knicks,Chicago Bulls,1,Willy Hernangomez,21:22,4,11,.364,0,0,,0,0,,4,5,9,3,0,0,1,4,8,+14,.364,.364,.000,.000,21.4,22.9,22.2,20.4,0.0,0.0,8.3,24.5,100,99
561,201704040NYK,"8:00 PM, April 4, 2017",2017,New York Knicks,Chicago Bulls,0,Kyle O'Quinn,26:38,4,6,.667,0,0,,0,0,,5,8,13,5,0,5,2,2,8,-5,.667,.667,.000,.000,21.5,29.4,25.7,25.9,0.0,15.5,25.0,13.1,129,86
562,201704040NYK,"8:00 PM, April 4, 2017",2017,New York Knicks,Chicago Bulls,0,Justin Holiday,21:27,5,8,.625,2,5,.400,0,0,,0,4,4,3,0,0,0,0,12,+7,.750,.750,.625,.000,0.0,18.3,9.8,21.8,0.0,0.0,0.0,16.3,165,101
563,201704040NYK,"8:00 PM, April 4, 2017",2017,New York Knicks,Chicago Bulls,0,Mindaugas Kuzminskas,19:07,5,7,.714,1,3,.333,0,2,.000,0,0,0,2,1,0,1,0,11,+1,.698,.786,.429,.286,0.0,0.0,0.0,17.1,2.7,0.0,11.3,20.3,123,101
564,201704040NYK,"8:00 PM, April 4, 2017",2017,New York Knicks,Chicago Bulls,0,Chasson Randle,5:51,0,2,.000,0,2,.000,2,2,1.000,0,1,1,0,0,1,0,1,2,+8,.347,.000,1.000,1.000,0.0,16.7,9.0,0.0,0.0,14.1,0.0,21.5,96,91
565,201704040NYK,"8:00 PM, April 4, 2017",2017,New York Knicks,Chicago Bulls,0,Sasha Vujacic,4:51,0,1,.000,0,0,,0,0,,0,0,0,1,0,0,0,1,0,-1,.000,.000,.000,.000,0.0,0.0,0.0,23.6,0.0,0.0,0.0,9.0,61,107
566,201704040NYK,"8:00 PM, April 4, 2017",2017,New York Knicks,Chicago Bulls,0,Marshall Plumlee,0:00,0.0,0.0,0.0,0.0,0.0,0.0,0.0,0.0,0.0,0.0,0.0,0.0,0.0,0.0,0.0,0.0,0.0,0.0,0.0,0.0,0.0,0.0,0.0,0.0,0.0,0.0,0.0,0.0,0.0,0.0,0.0,0.0,0.0
567,201704040OKC,"8:00 PM, April 4, 2017",2017,Milwaukee Bucks,Oklahoma City Thunder,1,Giannis Antetokounmpo,24:26,3,10,.300,0,1,.000,5,8,.625,4,6,10,4,0,3,4,2,11,-24,.407,.300,.100,.800,15.1,30.2,21.6,34.0,0.0,10.5,22.8,33.3,80,113
568,201704040OKC,"8:00 PM, April 4, 2017",2017,Milwaukee Bucks,Oklahoma City Thunder,1,Thon Maker,24:21,2,8,.250,0,2,.000,3,5,.600,2,5,7,0,1,0,1,3,7,-12,.343,.250,.250,.625,7.6,25.3,15.2,0.0,2.1,0.0,8.9,21.3,74,116
569,201704040OKC,"8:00 PM, April 4, 2017",2017,Milwaukee Bucks,Oklahoma City Thunder,1,Tony Snell,23:58,1,4,.250,0,2,.000,0,0,,0,2,2,1,3,0,0,2,2,-19,.250,.250,.500,.000,0.0,10.3,4.4,7.4,6.5,0.0,0.0,7.7,61,111
570,201704040OKC,"8:00 PM, April 4, 2017",2017,Milwaukee Bucks,Oklahoma City Thunder,1,Khris Middleton,23:46,4,11,.364,1,3,.333,0,0,,0,2,2,2,1,0,1,1,9,-16,.409,.409,.273,.000,0.0,10.4,4.4,19.3,2.2,0.0,8.3,23.4,80,121
571,201704040OKC,"8:00 PM, April 4, 2017",2017,Milwaukee Bucks,Oklahoma City Thunder,1,Matthew Dellavedova,17:25,1,3,.333,0,0,,0,0,,0,1,1,2,1,0,0,2,2,-15,.333,.333,.000,.000,0.0,7.1,3.0,21.0,3.0,0.0,0.0,8.0,88,120
572,201704040OKC,"8:00 PM, April 4, 2017",2017,Milwaukee Bucks,Oklahoma City Thunder,0,Gary Payton,29:56,2,8,.250,0,2,.000,2,3,.667,0,2,2,3,2,1,2,1,6,-21,.322,.250,.250,.375,0.0,8.2,3.5,18.7,3.5,2.9,17.7,17.5,64,117
573,201704040OKC,"8:00 PM, April 4, 2017",2017,Milwaukee Bucks,Oklahoma City Thunder,0,Mirza Teletovic,24:18,2,9,.222,1,3,.333,0,0,,0,3,3,0,0,0,0,1,5,-10,.278,.278,.333,.000,0.0,15.2,6.5,0.0,0.0,0.0,0.0,17.2,58,124
574,201704040OKC,"8:00 PM, April 4, 2017",2017,Milwaukee Bucks,Oklahoma City Thunder,0,Spencer Hawes,19:26,3,6,.500,1,3,.333,3,4,.750,1,4,5,1,0,0,0,3,10,-10,.644,.583,.500,.667,4.8,25.3,13.6,11.4,0.0,0.0,0.0,18.5,137,121
575,201704040OKC,"8:00 PM, April 4, 2017",2017,Milwaukee Bucks,Oklahoma City Thunder,0,Greg Monroe,16:13,4,6,.667,0,0,,0,0,,3,2,5,0,0,0,3,3,8,-10,.667,.667,.000,.000,17.1,15.2,16.3,0.0,0.0,0.0,33.3,25.8,87,124
576,201704040OKC,"8:00 PM, April 4, 2017",2017,Milwaukee Bucks,Oklahoma City Thunder,0,Jason Terry,12:41,0,1,.000,0,0,,0,0,,0,0,0,1,0,0,0,0,0,-6,.000,.000,.000,.000,0.0,0.0,0.0,13.1,0.0,0.0,0.0,3.7,38,128
577,201704040OKC,"8:00 PM, April 4, 2017",2017,Milwaukee Bucks,Oklahoma City Thunder,0,Rashad Vaughn,12:00,2,7,.286,0,2,.000,1,2,.500,0,0,0,1,1,0,0,0,5,-1,.317,.286,.286,.286,0.0,0.0,0.0,19.0,4.3,0.0,0.0,30.5,71,119
578,201704040OKC,"8:00 PM, April 4, 2017",2017,Milwaukee Bucks,Oklahoma City Thunder,0,Michael Beasley,11:30,5,8,.625,0,0,,4,4,1.000,0,1,1,1,0,1,0,1,14,-11,.717,.625,.000,.500,0.0,10.7,4.6,51.3,0.0,7.5,0.0,39.4,146,120
579,201704040OKC,"8:00 PM, April 4, 2017",2017,Oklahoma City Thunder,Milwaukee Bucks,1,Andre Roberson,27:33,2,6,.333,0,3,.000,0,0,,0,5,5,4,2,3,1,1,4,+24,.333,.333,.500,.000,0.0,16.8,9.6,19.1,3.8,8.3,14.3,11.3,86,77
580,201704040OKC,"8:00 PM, April 4, 2017",2017,Oklahoma City Thunder,Milwaukee Bucks,1,Russell Westbrook,27:05,4,12,.333,2,4,.500,2,2,1.000,3,10,13,13,2,0,3,2,12,+19,.466,.417,.333,.167,13.6,34.1,25.3,70.0,3.8,0.0,18.9,26.1,117,77
581,201704040OKC,"8:00 PM, April 4, 2017",2017,Oklahoma City Thunder,Milwaukee Bucks,1,Victor Oladipo,25:05,2,7,.286,1,5,.200,3,4,.750,0,2,2,4,1,0,2,1,8,+24,.457,.357,.714,.571,0.0,7.4,4.2,21.2,2.1,0.0,18.6,19.1,95,90
582,201704040OKC,"8:00 PM, April 4, 2017",2017,Oklahoma City Thunder,Milwaukee Bucks,1,Steven Adams,23:36,4,7,.571,0,0,,1,2,.500,4,1,5,1,0,0,1,2,9,+21,.571,.571,.000,.286,20.9,3.9,11.2,6.4,0.0,0.0,11.3,16.7,122,95
583,201704040OKC,"8:00 PM, April 4, 2017",2017,Oklahoma City Thunder,Milwaukee Bucks,1,Taj Gibson,20:02,5,7,.714,0,0,,2,2,1.000,0,3,3,0,1,1,0,0,12,+19,.761,.714,.000,.286,0.0,13.8,7.9,0.0,2.6,3.8,0.0,17.5,154,84
584,201704040OKC,"8:00 PM, April 4, 2017",2017,Oklahoma City Thunder,Milwaukee Bucks,0,Doug McDermott,22:26,4,9,.444,0,3,.000,1,2,.500,0,1,1,2,0,1,0,0,9,+10,.455,.444,.333,.222,0.0,4.1,2.4,13.6,0.0,3.4,0.0,19.6,105,93
585,201704040OKC,"8:00 PM, April 4, 2017",2017,Oklahoma City Thunder,Milwaukee Bucks,0,Semaj Christon,20:55,4,6,.667,0,1,.000,2,2,1.000,1,6,7,3,0,1,1,0,10,+12,.727,.667,.167,.333,5.9,26.5,17.7,22.3,0.0,3.6,12.7,16.7,140,85
586,201704040OKC,"8:00 PM, April 4, 2017",2017,Oklahoma City Thunder,Milwaukee Bucks,0,Domantas Sabonis,16:05,3,6,.500,2,2,1.000,3,4,.750,0,5,5,1,0,1,1,3,11,+18,.709,.667,.333,.667,0.0,28.7,16.4,9.6,0.0,4.7,11.4,24.2,127,82
587,201704040OKC,"8:00 PM, April 4, 2017",2017,Oklahoma City Thunder,Milwaukee Bucks,0,Enes Kanter,14:45,6,8,.750,0,0,,5,5,1.000,2,3,5,0,3,0,2,3,17,+15,.833,.750,.000,.625,16.7,18.8,17.9,0.0,10.5,0.0,16.4,36.8,140,68
588,201704040OKC,"8:00 PM, April 4, 2017",2017,Oklahoma City Thunder,Milwaukee Bucks,0,Jerami Grant,11:53,2,5,.400,0,3,.000,0,0,,0,1,1,0,0,0,1,4,4,-6,.400,.400,.600,.000,0.0,7.8,4.4,0.0,0.0,0.0,16.7,22.4,66,93
589,201704040OKC,"8:00 PM, April 4, 2017",2017,Oklahoma City Thunder,Milwaukee Bucks,0,Alex Abrines,11:44,4,6,.667,4,6,.667,0,0,,0,1,1,0,0,0,1,0,12,+10,1.000,1.000,1.000,.000,0.0,7.9,4.5,0.0,0.0,0.0,14.3,26.5,134,94
590,201704040OKC,"8:00 PM, April 4, 2017",2017,Oklahoma City Thunder,Milwaukee Bucks,0,Nick Collison,9:39,0,3,.000,0,0,,0,0,,1,3,4,0,0,0,0,2,0,-5,.000,.000,.000,.000,12.8,28.7,21.9,0.0,0.0,0.0,0.0,13.8,29,86
591,201704040OKC,"8:00 PM, April 4, 2017",2017,Oklahoma City Thunder,Milwaukee Bucks,0,Norris Cole,9:12,0,2,.000,0,1,.000,2,2,1.000,0,1,1,1,0,0,0,2,2,-6,.347,.000,.500,1.000,0.0,10.0,5.7,13.0,0.0,0.0,0.0,13.9,101,93
592,201704040PHI,"7:00 PM, April 4, 2017",2017,Brooklyn Nets,Philadelphia 76ers,1,Brook Lopez,23:04,4,5,.800,2,2,1.000,6,6,1.000,0,4,4,1,0,3,1,1,16,+21,.707,.700,.200,.300,0.0,21.2,14.5,41.0,4.0,0.0,30.6,31.9,109,108
593,201704040PHI,"7:00 PM, April 4, 2017",2017,Brooklyn Nets,Philadelphia 76ers,1,Jeremy Lin,23:04,6,10,.600,2,2,1.000,2,3,.667,0,5,5,7,2,0,5,3,16,+21,1.047,1.000,.400,1.200,0.0,17.0,11.6,5.2,0.0,10.6,11.6,16.9,179,113
594,201704040PHI,"7:00 PM, April 4, 2017",2017,Brooklyn Nets,Philadelphia 76ers,1,Rondae Hollis-Jefferson,21:03,5,6,.833,0,1,.000,2,4,.500,1,2,3,2,0,0,1,1,12,+21,.773,.833,.167,.667,9.9,9.3,9.5,12.5,0.0,0.0,11.4,18.8,142,122
595,201704040PHI,"7:00 PM, April 4, 2017",2017,Brooklyn Nets,Philadelphia 76ers,1,Caris LeVert,19:26,3,5,.600,1,3,.333,0,0,,0,4,4,7,1,1,2,1,7,+26,.700,.700,.600,.000,0.0,20.2,13.7,42.6,2.4,4.2,28.6,16.2,131,110
596,201704040PHI,"7:00 PM, April 4, 2017",2017,Brooklyn Nets,Philadelphia 76ers,1,Randy Foye,19:03,2,5,.400,2,5,.400,6,6,1.000,0,3,3,2,2,0,1,2,12,+14,.785,.600,1.000,1.200,0.0,15.4,10.5,11.7,4.9,0.0,11.6,20.4,144,108
597,201704040PHI,"7:00 PM, April 4, 2017",2017,Brooklyn Nets,Philadelphia 76ers,0,Spencer Dinwiddie,24:56,4,5,.800,1,2,.500,4,4,1.000,0,2,2,7,2,0,2,0,13,+2,.962,.900,.400,.800,0.0,7.9,5.3,33.4,3.7,0.0,22.8,15.8,164,114
598,201704040PHI,"7:00 PM, April 4, 2017",2017,Brooklyn Nets,Philadelphia 76ers,0,K.J. McDaniels,23:12,5,9,.556,3,5,.600,1,2,.500,0,2,2,1,0,1,1,2,14,-6,.709,.722,.556,.222,0.0,8.4,5.7,5.5,0.0,3.5,9.2,21.1,114,120
599,201704040PHI,"7:00 PM, April 4, 2017",2017,Brooklyn Nets,Philadelphia 76ers,0,Archie Goodwin,22:26,5,6,.833,0,1,.000,4,4,1.000,0,2,2,2,1,0,1,0,14,-5,.902,.833,.167,.667,0.0,8.7,5.9,11.5,2.1,0.0,11.4,17.6,162,118
600,201704040PHI,"7:00 PM, April 4, 2017",2017,Brooklyn Nets,Philadelphia 76ers,0,Trevor Booker,17:38,4,7,.571,0,1,.000,0,0,,0,5,5,2,0,0,0,1,8,+12,.571,.571,.143,.000,0.0,27.8,18.9,14.7,0.0,0.0,0.0,17.9,118,115
601,201704040PHI,"7:00 PM, April 4, 2017",2017,Brooklyn Nets,Philadelphia 76ers,0,Quincy Acy,12:56,2,5,.400,1,3,.333,0,0,,0,3,3,0,0,0,2,1,5,+13,.500,.500,.600,.000,0.0,22.7,15.5,0.0,0.0,0.0,28.6,24.4,60,117
602,201704040PHI,"7:00 PM, April 4, 2017",2017,Brooklyn Nets,Philadelphia 76ers,0,Justin Hamilton,12:00,3,6,.500,1,2,.500,2,2,1.000,0,0,0,2,0,0,0,2,9,-11,.654,.583,.333,.333,0.0,0.0,0.0,22.2,0.0,0.0,0.0,25.8,136,125
603,201704040PHI,"7:00 PM, April 4, 2017",2017,Brooklyn Nets,Philadelphia 76ers,0,Sean Kilpatrick,11:53,4,5,.800,3,4,.750,2,2,1.000,0,3,3,3,1,0,1,0,13,+17,1.105,1.100,.800,.400,0.0,24.7,16.8,38.1,3.9,0.0,14.5,26.1,176,108
604,201704040PHI,"7:00 PM, April 4, 2017",2017,Brooklyn Nets,Philadelphia 76ers,0,Andrew Nicholson,9:19,1,1,1.000,0,0,,0,0,,0,0,0,0,0,0,0,4,2,-10,1.000,1.000,.000,.000,0.0,0.0,0.0,0.0,0.0,0.0,0.0,4.8,200,123
605,201704040PHI,"7:00 PM, April 4, 2017",2017,Philadelphia 76ers,Brooklyn Nets,1,Timothe Luwawu-Cabarrot,37:46,6,15,.400,3,11,.273,4,4,1.000,0,3,3,3,3,0,0,3,19,-13,.567,.500,.733,.267,0.0,16.6,5.3,10.8,3.7,0.0,0.0,17.8,127,133
606,201704040PHI,"7:00 PM, April 4, 2017",2017,Philadelphia 76ers,Brooklyn Nets,1,T.J. McConnell,33:59,5,12,.417,1,2,.500,2,2,1.000,0,2,2,7,1,1,1,0,13,-20,.505,.458,.167,.167,0.0,12.3,3.9,27.5,1.4,3.2,7.2,16.4,117,135
607,201704040PHI,"7:00 PM, April 4, 2017",2017,Philadelphia 76ers,Brooklyn Nets,1,Justin Anderson,30:27,4,7,.571,3,5,.600,2,3,.667,1,1,2,3,0,0,1,1,13,-5,.781,.786,.714,.429,3.2,6.9,4.4,12.9,0.0,0.0,10.7,12.3,143,142
608,201704040PHI,"7:00 PM, April 4, 2017",2017,Philadelphia 76ers,Brooklyn Nets,1,Richaun Holmes,24:04,7,11,.636,2,3,.667,0,0,,1,5,6,4,1,3,2,2,16,-18,.727,.727,.273,.000,4.1,43.4,16.6,27.5,1.9,13.6,15.4,21.6,125,124
609,201704040PHI,"7:00 PM, April 4, 2017",2017,Philadelphia 76ers,Brooklyn Nets,1,Dario Saric,19:09,4,9,.444,1,5,.200,1,2,.500,1,2,3,2,1,0,2,1,10,-16,.506,.500,.556,.222,5.1,21.8,10.4,15.2,2.4,0.0,16.8,24.8,93,136
610,201704040PHI,"7:00 PM, April 4, 2017",2017,Philadelphia 76ers,Brooklyn Nets,0,Alex Poythress,27:54,4,10,.400,1,2,.500,1,3,.333,5,2,7,3,1,0,0,4,10,-5,.442,.450,.200,.300,17.6,15.0,16.7,14.3,1.7,0.0,0.0,16.2,120,138
611,201704040PHI,"7:00 PM, April 4, 2017",2017,Philadelphia 76ers,Brooklyn Nets,0,Nik Stauskas,24:11,1,9,.111,0,5,.000,2,2,1.000,0,4,4,6,0,0,4,5,4,-12,.202,.111,.556,.222,0.0,34.5,11.0,29.0,0.0,0.0,28.8,23.0,56,141
612,201704040PHI,"7:00 PM, April 4, 2017",2017,Philadelphia 76ers,Brooklyn Nets,0,Gerald Henderson,17:37,3,10,.300,1,4,.250,2,3,.667,0,2,2,1,0,0,0,1,9,-19,.398,.350,.400,.300,0.0,23.7,7.6,7.8,0.0,0.0,0.0,25.7,92,141
613,201704040PHI,"7:00 PM, April 4, 2017",2017,Philadelphia 76ers,Brooklyn Nets,0,Shawn Long,17:23,8,11,.727,0,0,,2,4,.500,5,1,6,2,0,0,1,4,18,-7,.705,.727,.000,.364,28.2,12.0,23.0,26.4,0.0,0.0,7.3,31.7,140,141
614,201704040PHI,"7:00 PM, April 4, 2017",2017,Philadelphia 76ers,Brooklyn Nets,0,Tiago Splitter,7:30,1,3,.333,0,1,.000,4,4,1.000,1,0,1,1,0,0,0,1,6,0,.630,.333,.333,1.333,13.1,0.0,8.9,17.5,0.0,0.0,0.0,25.4,155,142
615,201704040SAC,"10:30 PM, April 4, 2017",2017,Dallas Mavericks,Sacramento Kings,1,Dwight Powell,33:42,4,11,.364,2,8,.250,1,2,.500,0,7,7,1,0,1,2,2,11,-15,.463,.455,.727,.182,0.0,23.7,11.1,5.4,0.0,2.4,14.4,19.4,79,107
616,201704040SAC,"10:30 PM, April 4, 2017",2017,Dallas Mavericks,Sacramento Kings,1,Nicolas Brussino,33:12,4,12,.333,2,8,.250,3,4,.750,3,4,7,5,2,0,4,1,13,-11,.472,.417,.667,.333,9.0,13.8,11.2,27.6,3.1,0.0,22.5,25.1,91,105
617,201704040SAC,"10:30 PM, April 4, 2017",2017,Dallas Mavericks,Sacramento Kings,1,Harrison Barnes,28:06,4,10,.400,1,2,.500,2,2,1.000,0,2,2,1,0,0,0,0,11,+3,.506,.450,.200,.200,0.0,8.1,3.8,6.8,0.0,0.0,0.0,18.2,105,114
618,201704040SAC,"10:30 PM, April 4, 2017",2017,Dallas Mavericks,Sacramento Kings,1,Yogi Ferrell,24:36,3,9,.333,1,6,.167,0,0,,0,0,0,5,0,1,3,1,7,0,.389,.389,.667,.000,0.0,0.0,0.0,37.3,0.0,3.3,25.0,22.9,75,114
619,201704040SAC,"10:30 PM, April 4, 2017",2017,Dallas Mavericks,Sacramento Kings,1,Nerlens Noel,20:42,3,4,.750,0,0,,3,4,.750,2,8,10,2,2,2,1,1,9,-5,.781,.750,.000,1.000,9.7,44.2,25.8,18.5,5.0,7.9,14.8,15.3,146,86
620,201704040SAC,"10:30 PM, April 4, 2017",2017,Dallas Mavericks,Sacramento Kings,0,A.J. Hammons,26:23,3,6,.500,1,3,.333,2,2,1.000,1,5,6,0,1,3,2,4,9,-6,.654,.583,.500,.333,3.8,21.7,12.1,0.0,2.0,9.3,22.5,15.8,99,99
621,201704040SAC,"10:30 PM, April 4, 2017",2017,Dallas Mavericks,Sacramento Kings,0,Dorian Finney-Smith,22:54,3,8,.375,1,4,.250,0,0,,1,0,1,0,3,2,1,1,7,-7,.438,.438,.500,.000,4.4,0.0,2.3,0.0,6.8,7.1,11.1,18.5,79,96
622,201704040SAC,"10:30 PM, April 4, 2017",2017,Dallas Mavericks,Sacramento Kings,0,Jarrod Uthoff,20:49,2,8,.250,0,3,.000,0,0,,1,1,2,1,1,0,1,1,4,-14,.250,.250,.375,.000,4.8,5.5,5.1,8.4,2.5,0.0,11.1,20.3,57,109
623,201704040SAC,"10:30 PM, April 4, 2017",2017,Dallas Mavericks,Sacramento Kings,0,J.J. Barea,14:48,3,7,.429,3,6,.500,0,0,,0,4,4,4,0,0,2,0,9,0,.643,.643,.857,.000,0.0,30.9,14.4,58.3,0.0,0.0,22.2,28.6,108,107
624,201704040SAC,"10:30 PM, April 4, 2017",2017,Dallas Mavericks,Sacramento Kings,0,Devin Harris,14:48,3,5,.600,1,3,.333,0,0,,0,0,0,2,0,0,0,2,7,0,.700,.700,.600,.000,0.0,0.0,0.0,29.1,0.0,0.0,0.0,15.9,144,117
625,201704040SAC,"10:30 PM, April 4, 2017",2017,Dallas Mavericks,Sacramento Kings,0,Dirk Nowitzki,0:00,0.0,0.0,0.0,0.0,0.0,0.0,0.0,0.0,0.0,0.0,0.0,0.0,0.0,0.0,0.0,0.0,0.0,0.0,0.0,0.0,0.0,0.0,0.0,0.0,0.0,0.0,0.0,0.0,0.0,0.0,0.0,0.0,0.0
626,201704040SAC,"10:30 PM, April 4, 2017",2017,Dallas Mavericks,Sacramento Kings,0,Salah Mejri,0:00,0.0,0.0,0.0,0.0,0.0,0.0,0.0,0.0,0.0,0.0,0.0,0.0,0.0,0.0,0.0,0.0,0.0,0.0,0.0,0.0,0.0,0.0,0.0,0.0,0.0,0.0,0.0,0.0,0.0,0.0,0.0,0.0,0.0
627,201704040SAC,"10:30 PM, April 4, 2017",2017,Dallas Mavericks,Sacramento Kings,0,Wesley Matthews,0:00,0.0,0.0,0.0,0.0,0.0,0.0,0.0,0.0,0.0,0.0,0.0,0.0,0.0,0.0,0.0,0.0,0.0,0.0,0.0,0.0,0.0,0.0,0.0,0.0,0.0,0.0,0.0,0.0,0.0,0.0,0.0,0.0,0.0
628,201704040SAC,"10:30 PM, April 4, 2017",2017,Sacramento Kings,Dallas Mavericks,1,Langston Galloway,37:18,5,10,.500,2,4,.500,3,4,.750,1,6,7,1,0,0,4,0,15,+17,.638,.600,.400,.400,3.1,16.1,10.0,4.4,0.0,0.0,25.4,19.0,99,100
629,201704040SAC,"10:30 PM, April 4, 2017",2017,Sacramento Kings,Dallas Mavericks,1,Skal Labissiere,33:57,3,7,.429,1,1,1.000,4,4,1.000,3,5,8,1,2,0,3,2,11,+1,.628,.500,.143,.571,10.1,14.7,12.6,4.5,3.0,0.0,25.5,15.6,109,93
630,201704040SAC,"10:30 PM, April 4, 2017",2017,Sacramento Kings,Dallas Mavericks,1,Willie Cauley-Stein,33:49,6,12,.500,0,0,,0,0,,4,12,16,1,3,0,0,2,12,+17,.500,.500,.000,.000,13.5,35.5,25.2,5.2,4.6,0.0,0.0,16.0,122,84
631,201704040SAC,"10:30 PM, April 4, 2017",2017,Sacramento Kings,Dallas Mavericks,1,Buddy Hield,30:04,5,14,.357,4,7,.571,2,2,1.000,1,3,4,3,0,0,2,0,16,+8,.538,.500,.500,.143,3.8,10.0,7.1,17.1,0.0,0.0,11.8,25.3,110,102
632,201704040SAC,"10:30 PM, April 4, 2017",2017,Sacramento Kings,Dallas Mavericks,1,Tyreke Evans,28:21,2,9,.222,0,2,.000,2,2,1.000,1,3,4,5,1,0,1,1,6,+3,.304,.222,.222,.222,4.0,10.6,7.5,26.0,1.8,0.0,9.2,17.3,90,97
633,201704040SAC,"10:30 PM, April 4, 2017",2017,Sacramento Kings,Dallas Mavericks,0,Georgios Papagiannis,28:11,6,10,.600,0,0,,1,2,.500,1,3,4,1,0,1,4,3,13,+4,.597,.600,.000,.200,4.1,10.6,7.6,6.6,0.0,4.6,26.9,23.8,89,98
634,201704040SAC,"10:30 PM, April 4, 2017",2017,Sacramento Kings,Dallas Mavericks,0,Ben McLemore,26:27,8,13,.615,5,5,1.000,1,2,.500,0,3,3,0,2,0,1,1,22,+11,.793,.808,.385,.154,0.0,11.3,6.0,0.0,3.9,0.0,6.7,25.4,141,92
635,201704040SAC,"10:30 PM, April 4, 2017",2017,Sacramento Kings,Dallas Mavericks,0,Garrett Temple,21:53,1,6,.167,0,3,.000,1,1,1.000,0,5,5,5,3,1,3,1,3,-6,.233,.167,.500,.167,0.0,22.8,12.2,32.4,7.1,5.9,31.8,19.4,63,78
636,201704040SAC,"10:30 PM, April 4, 2017",2017,Sacramento Kings,Dallas Mavericks,0,Kosta Koufos,0:00,0.0,0.0,0.0,0.0,0.0,0.0,0.0,0.0,0.0,0.0,0.0,0.0,0.0,0.0,0.0,0.0,0.0,0.0,0.0,0.0,0.0,0.0,0.0,0.0,0.0,0.0,0.0,0.0,0.0,0.0,0.0,0.0,0.0
637,201704040SAC,"10:30 PM, April 4, 2017",2017,Sacramento Kings,Dallas Mavericks,0,Arron Afflalo,0:00,0.0,0.0,0.0,0.0,0.0,0.0,0.0,0.0,0.0,0.0,0.0,0.0,0.0,0.0,0.0,0.0,0.0,0.0,0.0,0.0,0.0,0.0,0.0,0.0,0.0,0.0,0.0,0.0,0.0,0.0,0.0,0.0,0.0
638,201704040SAC,"10:30 PM, April 4, 2017",2017,Sacramento Kings,Dallas Mavericks,0,Ty Lawson,0:00,0.0,0.0,0.0,0.0,0.0,0.0,0.0,0.0,0.0,0.0,0.0,0.0,0.0,0.0,0.0,0.0,0.0,0.0,0.0,0.0,0.0,0.0,0.0,0.0,0.0,0.0,0.0,0.0,0.0,0.0,0.0,0.0,0.0
639,201704040SAC,"10:30 PM, April 4, 2017",2017,Sacramento Kings,Dallas Mavericks,0,Darren Collison,0:00,0.0,0.0,0.0,0.0,0.0,0.0,0.0,0.0,0.0,0.0,0.0,0.0,0.0,0.0,0.0,0.0,0.0,0.0,0.0,0.0,0.0,0.0,0.0,0.0,0.0,0.0,0.0,0.0,0.0,0.0,0.0,0.0,0.0
640,201704040SAC,"10:30 PM, April 4, 2017",2017,Sacramento Kings,Dallas Mavericks,0,Anthony Tolliver,0:00,0.0,0.0,0.0,0.0,0.0,0.0,0.0,0.0,0.0,0.0,0.0,0.0,0.0,0.0,0.0,0.0,0.0,0.0,0.0,0.0,0.0,0.0,0.0,0.0,0.0,0.0,0.0,0.0,0.0,0.0,0.0,0.0,0.0
641,201704040SAS,"8:30 PM, April 4, 2017",2017,Memphis Grizzlies,San Antonio Spurs,1,Mike Conley,32:55,8,17,.471,2,5,.400,1,1,1.000,0,2,2,6,2,0,5,3,19,+2,.545,.529,.294,.059,0.0,7.0,3.4,43.7,3.4,0.0,22.3,32.3,89,99
642,201704040SAS,"8:30 PM, April 4, 2017",2017,Memphis Grizzlies,San Antonio Spurs,1,Marc Gasol,30:01,5,11,.455,1,3,.333,0,0,,2,4,6,7,1,0,2,2,11,-4,.500,.500,.273,.000,7.1,15.4,11.0,47.2,1.8,0.0,15.4,20.5,105,101
643,201704040SAS,"8:30 PM, April 4, 2017",2017,Memphis Grizzlies,San Antonio Spurs,1,Vince Carter,26:39,3,4,.750,2,3,.667,0,0,,0,2,2,2,0,0,2,1,8,-2,1.000,1.000,.750,.000,0.0,8.6,4.1,13.7,0.0,0.0,33.3,10.7,112,107
644,201704040SAS,"8:30 PM, April 4, 2017",2017,Memphis Grizzlies,San Antonio Spurs,1,James Ennis,26:23,1,4,.250,0,1,.000,2,2,1.000,1,4,5,2,2,0,1,3,4,-7,.410,.250,.250,.500,4.0,17.5,10.5,12.2,4.2,0.0,17.0,10.6,91,95
645,201704040SAS,"8:30 PM, April 4, 2017",2017,Memphis Grizzlies,San Antonio Spurs,1,JaMychal Green,14:02,1,3,.333,0,0,,0,0,,0,2,2,0,0,0,0,2,2,-18,.333,.333,.000,.000,0.0,16.4,7.9,0.0,0.0,0.0,0.0,10.1,70,104
646,201704040SAS,"8:30 PM, April 4, 2017",2017,Memphis Grizzlies,San Antonio Spurs,0,Zach Randolph,35:14,7,21,.333,0,3,.000,4,6,.667,4,12,16,2,2,0,0,1,18,+8,.381,.333,.143,.286,12.0,39.2,25.1,12.3,3.1,0.0,0.0,31.8,92,92
647,201704040SAS,"8:30 PM, April 4, 2017",2017,Memphis Grizzlies,San Antonio Spurs,0,Troy Daniels,29:37,4,9,.444,2,6,.333,0,1,.000,2,4,6,2,0,0,1,2,10,-3,.530,.556,.667,.111,7.2,15.6,11.2,12.9,0.0,0.0,9.6,16.7,103,105
648,201704040SAS,"8:30 PM, April 4, 2017",2017,Memphis Grizzlies,San Antonio Spurs,0,Brandan Wright,26:46,3,6,.500,0,0,,0,0,,1,3,4,0,0,1,0,2,6,-3,.500,.500,.000,.000,4.0,12.9,8.3,0.0,0.0,3.4,0.0,10.6,105,102
649,201704040SAS,"8:30 PM, April 4, 2017",2017,Memphis Grizzlies,San Antonio Spurs,0,Wayne Selden,23:49,3,8,.375,1,4,.250,3,6,.500,0,0,0,1,2,1,2,0,10,+2,.470,.438,.500,.750,0.0,0.0,0.0,7.9,4.7,3.8,15.8,25.1,82,94
650,201704040SAS,"8:30 PM, April 4, 2017",2017,Memphis Grizzlies,San Antonio Spurs,0,Wade Baldwin,19:34,0,6,.000,0,0,,1,2,.500,2,5,7,4,0,0,2,4,1,-5,.073,.000,.000,.333,10.8,29.4,19.8,31.0,0.0,0.0,22.5,21.5,46,101
651,201704040SAS,"8:30 PM, April 4, 2017",2017,Memphis Grizzlies,San Antonio Spurs,0,Jarell Martin,0:00,0.0,0.0,0.0,0.0,0.0,0.0,0.0,0.0,0.0,0.0,0.0,0.0,0.0,0.0,0.0,0.0,0.0,0.0,0.0,0.0,0.0,0.0,0.0,0.0,0.0,0.0,0.0,0.0,0.0,0.0,0.0,0.0,0.0
652,201704040SAS,"8:30 PM, April 4, 2017",2017,Memphis Grizzlies,San Antonio Spurs,0,Deyonta Davis,0:00,0.0,0.0,0.0,0.0,0.0,0.0,0.0,0.0,0.0,0.0,0.0,0.0,0.0,0.0,0.0,0.0,0.0,0.0,0.0,0.0,0.0,0.0,0.0,0.0,0.0,0.0,0.0,0.0,0.0,0.0,0.0,0.0,0.0
653,201704040SAS,"8:30 PM, April 4, 2017",2017,Memphis Grizzlies,San Antonio Spurs,0,Andrew Harrison,0:00,0.0,0.0,0.0,0.0,0.0,0.0,0.0,0.0,0.0,0.0,0.0,0.0,0.0,0.0,0.0,0.0,0.0,0.0,0.0,0.0,0.0,0.0,0.0,0.0,0.0,0.0,0.0,0.0,0.0,0.0,0.0,0.0,0.0
654,201704040SAS,"8:30 PM, April 4, 2017",2017,San Antonio Spurs,Memphis Grizzlies,1,LaMarcus Aldridge,41:08,6,12,.500,1,2,.500,2,4,.500,1,5,6,0,1,3,1,3,15,+5,.545,.542,.167,.333,2.8,12.9,8.1,0.0,1.3,6.0,6.8,18.5,101,92
655,201704040SAS,"8:30 PM, April 4, 2017",2017,San Antonio Spurs,Memphis Grizzlies,1,Kawhi Leonard,39:40,10,24,.417,5,8,.625,7,8,.875,0,12,12,4,2,1,1,5,32,+10,.581,.521,.333,.333,0.0,32.1,16.7,24.7,2.8,2.1,3.5,37.0,117,84
656,201704040SAS,"8:30 PM, April 4, 2017",2017,San Antonio Spurs,Memphis Grizzlies,1,Tony Parker,30:31,4,8,.500,1,1,1.000,1,2,.500,0,1,1,7,2,0,3,1,10,+2,.563,.563,.125,.250,0.0,3.5,1.8,43.3,3.6,0.0,25.3,20.0,102,95
657,201704040SAS,"8:30 PM, April 4, 2017",2017,San Antonio Spurs,Memphis Grizzlies,1,Jonathon Simmons,27:28,4,8,.500,0,1,.000,0,0,,1,1,2,4,1,0,3,3,8,+5,.500,.500,.125,.000,4.2,3.9,4.0,28.3,2.0,0.0,27.3,20.6,88,98
658,201704040SAS,"8:30 PM, April 4, 2017",2017,San Antonio Spurs,Memphis Grizzlies,1,Dewayne Dedmon,15:57,1,1,1.000,0,0,,2,2,1.000,0,3,3,1,0,0,0,2,4,+10,1.064,1.000,.000,2.000,0.0,19.9,10.4,10.5,0.0,0.0,0.0,6.1,228,96
659,201704040SAS,"8:30 PM, April 4, 2017",2017,San Antonio Spurs,Memphis Grizzlies,0,Pau Gasol,31:21,5,6,.833,2,2,1.000,0,0,,3,8,11,1,0,2,1,3,12,-2,1.000,1.000,.333,.000,11.0,27.0,19.4,6.4,0.0,5.3,14.3,11.5,165,90
660,201704040SAS,"8:30 PM, April 4, 2017",2017,San Antonio Spurs,Memphis Grizzlies,0,Patty Mills,25:18,3,7,.429,2,3,.667,2,2,1.000,1,3,4,1,2,0,2,0,10,0,.635,.571,.429,.286,4.6,12.6,8.7,7.3,4.4,0.0,20.2,20.1,104,90
661,201704040SAS,"8:30 PM, April 4, 2017",2017,San Antonio Spurs,Memphis Grizzlies,0,David Lee,17:15,0,2,.000,0,0,,0,0,,1,1,2,1,0,0,1,2,0,-2,.000,.000,.000,.000,6.7,6.1,6.4,8.8,0.0,0.0,33.3,9.0,40,101
662,201704040SAS,"8:30 PM, April 4, 2017",2017,San Antonio Spurs,Memphis Grizzlies,0,Kyle Anderson,17:12,2,7,.286,0,2,.000,0,0,,1,3,4,0,0,0,2,1,4,-4,.286,.286,.286,.000,6.7,18.5,12.8,0.0,0.0,0.0,22.2,26.9,50,97
663,201704040SAS,"8:30 PM, April 4, 2017",2017,San Antonio Spurs,Memphis Grizzlies,0,Bryn Forbes,12:57,0,3,.000,0,2,.000,0,0,,0,0,0,3,0,0,0,0,0,+13,.000,.000,.667,.000,0.0,0.0,0.0,35.1,0.0,0.0,0.0,11.9,54,104
664,201704040SAS,"8:30 PM, April 4, 2017",2017,San Antonio Spurs,Memphis Grizzlies,0,Manu Ginobili,6:13,0,2,.000,0,0,,0,0,,0,1,1,0,0,0,1,0,0,-7,.000,.000,.000,.000,0.0,17.1,8.9,0.0,0.0,0.0,33.3,24.9,0,98
665,201704040SAS,"8:30 PM, April 4, 2017",2017,San Antonio Spurs,Memphis Grizzlies,0,Davis Bertans,0:00,0.0,0.0,0.0,0.0,0.0,0.0,0.0,0.0,0.0,0.0,0.0,0.0,0.0,0.0,0.0,0.0,0.0,0.0,0.0,0.0,0.0,0.0,0.0,0.0,0.0,0.0,0.0,0.0,0.0,0.0,0.0,0.0,0.0
666,201704040SAS,"8:30 PM, April 4, 2017",2017,San Antonio Spurs,Memphis Grizzlies,0,Joel Anthony,0:00,0.0,0.0,0.0,0.0,0.0,0.0,0.0,0.0,0.0,0.0,0.0,0.0,0.0,0.0,0.0,0.0,0.0,0.0,0.0,0.0,0.0,0.0,0.0,0.0,0.0,0.0,0.0,0.0,0.0,0.0,0.0,0.0,0.0
667,201704040UTA,"9:00 PM, April 4, 2017",2017,Portland Trail Blazers,Utah Jazz,1,CJ McCollum,34:11,11,22,.500,0,3,.000,3,3,1.000,3,3,6,1,0,0,2,3,25,-12,.536,.500,.136,.136,9.0,14.5,11.1,8.0,0.0,0.0,7.9,36.5,106,128
668,201704040UTA,"9:00 PM, April 4, 2017",2017,Portland Trail Blazers,Utah Jazz,1,Damian Lillard,34:04,5,20,.250,2,7,.286,4,5,.800,0,2,2,3,0,0,0,2,16,-23,.360,.300,.350,.250,0.0,9.7,3.7,16.3,0.0,0.0,0.0,32.1,82,128
669,201704040UTA,"9:00 PM, April 4, 2017",2017,Portland Trail Blazers,Utah Jazz,1,Al-Farouq Aminu,30:56,3,7,.429,1,4,.250,4,4,1.000,1,3,4,1,2,1,2,2,11,-27,.628,.500,.571,.571,3.3,16.1,8.2,5.5,3.5,3.0,18.6,17.1,110,117
670,201704040UTA,"9:00 PM, April 4, 2017",2017,Portland Trail Blazers,Utah Jazz,1,Maurice Harkless,25:56,1,4,.250,0,1,.000,0,0,,1,2,3,0,1,1,0,1,2,-15,.250,.250,.250,.000,3.9,12.8,7.3,0.0,2.1,3.6,0.0,7.6,67,120
671,201704040UTA,"9:00 PM, April 4, 2017",2017,Portland Trail Blazers,Utah Jazz,1,Noah Vonleh,21:12,0,4,.000,0,0,,2,2,1.000,0,1,1,0,0,0,1,5,2,-13,.205,.000,.000,.500,0.0,7.8,3.0,0.0,0.0,0.0,17.0,13.7,37,128
672,201704040UTA,"9:00 PM, April 4, 2017",2017,Portland Trail Blazers,Utah Jazz,0,Allen Crabbe,26:29,4,7,.571,0,2,.000,0,1,.000,0,2,2,1,2,2,0,1,8,-2,.538,.571,.286,.143,0.0,12.5,4.8,7.0,4.1,7.1,0.0,13.8,111,113
673,201704040UTA,"9:00 PM, April 4, 2017",2017,Portland Trail Blazers,Utah Jazz,0,Meyers Leonard,23:43,4,6,.667,1,3,.333,0,0,,1,2,3,1,1,0,0,1,9,-3,.750,.750,.500,.000,4.3,14.0,8.0,8.1,2.3,0.0,0.0,12.5,156,122
674,201704040UTA,"9:00 PM, April 4, 2017",2017,Portland Trail Blazers,Utah Jazz,0,Evan Turner,23:27,3,9,.333,0,3,.000,0,0,,0,3,3,2,2,1,1,3,6,+2,.333,.333,.333,.000,0.0,21.2,8.1,15.2,4.7,4.0,10.0,21.0,69,112
675,201704040UTA,"9:00 PM, April 4, 2017",2017,Portland Trail Blazers,Utah Jazz,0,Shabazz Napier,12:35,1,3,.333,1,2,.500,2,2,1.000,0,3,3,0,0,0,1,1,5,0,.644,.500,.667,.667,0.0,39.5,15.1,0.0,0.0,0.0,20.5,19.1,104,123
676,201704040UTA,"9:00 PM, April 4, 2017",2017,Portland Trail Blazers,Utah Jazz,0,Jake Layman,3:44,1,1,1.000,1,1,1.000,0,0,,0,0,0,0,0,0,0,1,3,-1,,,,,27.4,44.3,33.8,39.0,0.0,0.0,,0.0,219,123
677,201704040UTA,"9:00 PM, April 4, 2017",2017,Portland Trail Blazers,Utah Jazz,0,Pat Connaughton,3:44,0,0,,0,0,,0,0,,1,1,2,1,0,0,0,0,0,-1,1.500,1.500,1.000,.000,0.0,0.0,0.0,0.0,0.0,0.0,0.0,13.2,300,130
678,201704040UTA,"9:00 PM, April 4, 2017",2017,Utah Jazz,Portland Trail Blazers,1,Rudy Gobert,35:17,6,6,1.000,0,0,,8,10,.800,1,10,11,2,1,3,0,4,20,+9,.962,1.000,.000,1.667,4.7,28.9,19.7,8.8,1.6,7.2,0.0,14.7,203,90
679,201704040UTA,"9:00 PM, April 4, 2017",2017,Utah Jazz,Portland Trail Blazers,1,Gordon Hayward,34:36,12,20,.600,4,6,.667,2,2,1.000,0,4,4,2,0,1,1,0,30,+13,.718,.700,.300,.100,0.0,11.8,7.3,12.4,0.0,2.4,4.6,31.5,139,102
680,201704040UTA,"9:00 PM, April 4, 2017",2017,Utah Jazz,Portland Trail Blazers,1,Joe Ingles,33:54,1,4,.250,0,2,.000,0,0,,1,5,6,2,0,1,4,3,2,+16,.250,.250,.500,.000,4.9,15.1,11.2,7.5,0.0,2.5,50.0,11.8,50,101
681,201704040UTA,"9:00 PM, April 4, 2017",2017,Utah Jazz,Portland Trail Blazers,1,Dante Exum,24:45,4,7,.571,1,3,.333,1,2,.500,0,3,3,1,1,0,1,3,10,+13,.635,.643,.429,.286,0.0,12.4,7.7,6.2,2.2,0.0,11.3,17.9,116,99
682,201704040UTA,"9:00 PM, April 4, 2017",2017,Utah Jazz,Portland Trail Blazers,1,Boris Diaw,19:59,0,4,.000,0,1,.000,0,0,,1,7,8,5,0,0,2,0,0,+8,.000,.000,.250,.000,8.3,35.8,25.3,30.8,0.0,0.0,33.3,15.0,64,99
683,201704040UTA,"9:00 PM, April 4, 2017",2017,Utah Jazz,Portland Trail Blazers,0,Shelvin Mack,26:04,4,9,.444,2,2,1.000,2,2,1.000,1,1,2,5,0,0,3,3,12,+8,.607,.556,.222,.222,6.3,3.9,4.8,29.1,0.0,0.0,23.3,24.6,114,106
684,201704040UTA,"9:00 PM, April 4, 2017",2017,Utah Jazz,Portland Trail Blazers,0,Joe Johnson,25:06,4,11,.364,4,6,.667,1,1,1.000,0,2,2,2,1,0,1,2,13,+8,.568,.545,.545,.091,0.0,8.1,5.0,12.2,2.2,0.0,8.0,24.7,115,101
685,201704040UTA,"9:00 PM, April 4, 2017",2017,Utah Jazz,Portland Trail Blazers,0,Alec Burks,21:46,2,6,.333,1,1,1.000,0,0,,0,7,7,1,0,0,2,0,5,+4,.417,.417,.167,.000,0.0,32.8,20.3,6.4,0.0,0.0,25.0,18.3,70,99
686,201704040UTA,"9:00 PM, April 4, 2017",2017,Utah Jazz,Portland Trail Blazers,0,Jeff Withey,12:43,5,5,1.000,0,0,,0,0,,2,1,3,1,1,1,0,1,10,+10,1.000,1.000,.000,.000,26.0,8.0,14.9,18.8,4.3,6.6,0.0,19.6,208,90
687,201704040UTA,"9:00 PM, April 4, 2017",2017,Utah Jazz,Portland Trail Blazers,0,Joel Bolomboy,2:55,1,1,1.000,1,1,1.000,1,2,.500,0,0,0,0,0,0,0,0,4,+3,1.064,1.500,1.000,2.000,0.0,0.0,0.0,0.0,0.0,0.0,0.0,32.1,173,107
688,201704040UTA,"9:00 PM, April 4, 2017",2017,Utah Jazz,Portland Trail Blazers,0,Trey Lyles,2:55,0,1,.000,0,1,.000,0,0,,1,0,1,0,0,0,0,0,0,+3,.000,.000,1.000,.000,56.7,0.0,21.7,0.0,0.0,0.0,0.0,17.1,75,107
689,201704040UTA,"9:00 PM, April 4, 2017",2017,Utah Jazz,Portland Trail Blazers,0,Raul Neto,0:00,0.0,0.0,0.0,0.0,0.0,0.0,0.0,0.0,0.0,0.0,0.0,0.0,0.0,0.0,0.0,0.0,0.0,0.0,0.0,0.0,0.0,0.0,0.0,0.0,0.0,0.0,0.0,0.0,0.0,0.0,0.0,0.0,0.0
690,201704040WAS,"7:00 PM, April 4, 2017",2017,Charlotte Hornets,Washington Wizards,1,Kemba Walker,36:31,13,25,.520,6,14,.429,5,6,.833,0,5,5,4,2,1,2,3,37,+4,.669,.640,.560,.240,0.0,19.3,9.0,22.9,2.8,2.6,6.7,37.2,130,119
691,201704040WAS,"7:00 PM, April 4, 2017",2017,Charlotte Hornets,Washington Wizards,1,Nicolas Batum,32:24,6,10,.600,1,5,.200,0,0,,0,1,1,8,1,0,4,0,13,+8,.650,.650,.500,.000,0.0,4.4,2.0,38.1,1.6,0.0,28.6,19.8,112,126
692,201704040WAS,"7:00 PM, April 4, 2017",2017,Charlotte Hornets,Washington Wizards,1,Cody Zeller,31:48,4,5,.800,0,0,,2,2,1.000,3,7,10,1,0,1,1,1,10,+7,.850,.800,.000,.400,11.6,31.1,20.7,4.4,0.0,3.0,14.5,9.9,159,123
693,201704040WAS,"7:00 PM, April 4, 2017",2017,Charlotte Hornets,Washington Wizards,1,Marvin Williams,29:13,0,7,.000,0,3,.000,2,2,1.000,1,2,3,2,0,1,1,1,2,-13,.127,.000,.429,.286,4.2,9.7,6.8,8.2,0.0,3.2,11.3,13.9,51,126
694,201704040WAS,"7:00 PM, April 4, 2017",2017,Charlotte Hornets,Washington Wizards,1,Michael Kidd-Gilchrist,26:23,3,5,.600,0,0,,2,2,1.000,2,1,3,1,0,0,1,2,8,-11,.680,.600,.000,.400,9.3,5.4,7.5,5.3,0.0,0.0,14.5,12.0,134,129
695,201704040WAS,"7:00 PM, April 4, 2017",2017,Charlotte Hornets,Washington Wizards,0,Frank Kaminsky,26:44,3,7,.429,3,6,.500,3,4,.750,0,5,5,3,0,0,3,3,12,+4,.685,.643,.857,.571,0.0,26.4,12.3,15.6,0.0,0.0,25.5,20.2,110,126
696,201704040WAS,"7:00 PM, April 4, 2017",2017,Charlotte Hornets,Washington Wizards,0,Marco Belinelli,24:44,6,10,.600,2,4,.500,2,2,1.000,0,3,3,2,1,0,2,1,16,+3,.735,.700,.400,.200,0.0,17.1,8.0,13.7,2.0,0.0,15.5,23.9,126,123
697,201704040WAS,"7:00 PM, April 4, 2017",2017,Charlotte Hornets,Washington Wizards,0,Jeremy Lamb,12:29,3,6,.500,0,1,.000,3,4,.750,2,3,5,0,1,0,0,2,9,-14,.580,.500,.167,.667,19.7,33.9,26.3,0.0,4.0,0.0,0.0,28.5,133,116
698,201704040WAS,"7:00 PM, April 4, 2017",2017,Charlotte Hornets,Washington Wizards,0,Brian Roberts,11:29,1,3,.333,0,1,.000,0,0,,0,1,1,0,0,0,0,0,2,-11,.333,.333,.333,.000,0.0,12.3,5.7,0.0,0.0,0.0,0.0,12.0,72,128
699,201704040WAS,"7:00 PM, April 4, 2017",2017,Charlotte Hornets,Washington Wizards,0,Miles Plumlee,8:15,1,1,1.000,0,0,,0,0,,1,0,1,0,0,0,2,4,2,-12,1.000,1.000,.000,.000,14.9,0.0,8.0,0.0,0.0,0.0,66.7,16.7,70,129
700,201704040WAS,"7:00 PM, April 4, 2017",2017,Charlotte Hornets,Washington Wizards,0,Treveon Graham,0:00,0.0,0.0,0.0,0.0,0.0,0.0,0.0,0.0,0.0,0.0,0.0,0.0,0.0,0.0,0.0,0.0,0.0,0.0,0.0,0.0,0.0,0.0,0.0,0.0,0.0,0.0,0.0,0.0,0.0,0.0,0.0,0.0,0.0
701,201704040WAS,"7:00 PM, April 4, 2017",2017,Charlotte Hornets,Washington Wizards,0,Christian Wood,0:00,0.0,0.0,0.0,0.0,0.0,0.0,0.0,0.0,0.0,0.0,0.0,0.0,0.0,0.0,0.0,0.0,0.0,0.0,0.0,0.0,0.0,0.0,0.0,0.0,0.0,0.0,0.0,0.0,0.0,0.0,0.0,0.0,0.0
702,201704040WAS,"7:00 PM, April 4, 2017",2017,Charlotte Hornets,Washington Wizards,0,Briante Weber,0:00,0.0,0.0,0.0,0.0,0.0,0.0,0.0,0.0,0.0,0.0,0.0,0.0,0.0,0.0,0.0,0.0,0.0,0.0,0.0,0.0,0.0,0.0,0.0,0.0,0.0,0.0,0.0,0.0,0.0,0.0,0.0,0.0,0.0
703,201704040WAS,"7:00 PM, April 4, 2017",2017,Washington Wizards,Charlotte Hornets,1,John Wall,35:25,8,16,.500,3,4,.750,4,5,.800,0,1,1,13,6,0,5,3,23,-6,.632,.594,.250,.313,0.0,3.5,1.9,54.8,8.5,0.0,21.6,30.0,120,105
704,201704040WAS,"7:00 PM, April 4, 2017",2017,Washington Wizards,Charlotte Hornets,1,Bradley Beal,34:48,7,15,.467,1,4,.250,4,5,.800,1,1,2,4,3,0,1,1,19,-7,.552,.500,.267,.333,4.1,3.5,3.8,16.5,4.3,0.0,5.5,23.9,118,115
705,201704040WAS,"7:00 PM, April 4, 2017",2017,Washington Wizards,Charlotte Hornets,1,Otto Porter,25:20,3,8,.375,1,4,.250,2,2,1.000,0,4,4,4,0,0,0,0,9,+3,.507,.438,.500,.250,0.0,19.4,10.4,20.3,0.0,0.0,0.0,16.0,124,122
706,201704040WAS,"7:00 PM, April 4, 2017",2017,Washington Wizards,Charlotte Hornets,1,Marcin Gortat,24:52,4,6,.667,0,0,,0,0,,1,5,6,2,0,2,0,0,8,+10,.667,.667,.000,.000,5.7,24.7,15.9,10.9,0.0,8.6,0.0,11.0,147,115
707,201704040WAS,"7:00 PM, April 4, 2017",2017,Washington Wizards,Charlotte Hornets,1,Markieff Morris,21:32,6,9,.667,2,3,.667,0,0,,0,6,6,0,0,0,0,3,14,+7,.778,.778,.333,.000,0.0,34.3,18.3,0.0,0.0,0.0,0.0,19.1,140,118
708,201704040WAS,"7:00 PM, April 4, 2017",2017,Washington Wizards,Charlotte Hornets,0,Kelly Oubre,24:45,4,7,.571,3,5,.600,4,4,1.000,1,4,5,1,0,0,1,4,15,+6,.856,.786,.714,.571,5.7,19.9,13.3,5.5,0.0,0.0,10.2,18.0,152,121
709,201704040WAS,"7:00 PM, April 4, 2017",2017,Washington Wizards,Charlotte Hornets,0,Jason Smith,24:23,6,11,.545,5,9,.556,0,0,,0,5,5,2,0,1,1,2,17,-2,.773,.773,.818,.000,0.0,25.2,13.5,12.6,0.0,4.4,8.3,22.5,130,118
710,201704040WAS,"7:00 PM, April 4, 2017",2017,Washington Wizards,Charlotte Hornets,0,Ian Mahinmi,22:37,0,2,.000,0,0,,1,2,.500,2,2,4,1,1,0,1,5,1,-2,.174,.000,.000,1.000,12.5,10.9,11.6,4.9,2.2,0.0,25.8,7.8,78,118
711,201704040WAS,"7:00 PM, April 4, 2017",2017,Washington Wizards,Charlotte Hornets,0,Brandon Jennings,14:06,2,5,.400,1,2,.500,0,0,,0,1,1,3,0,0,1,0,5,+15,.500,.500,.400,.000,0.0,8.7,4.7,28.2,0.0,0.0,16.7,19.5,103,124
712,201704040WAS,"7:00 PM, April 4, 2017",2017,Washington Wizards,Charlotte Hornets,0,Bojan Bogdanovic,12:12,3,6,.500,1,3,.333,0,0,,1,1,2,1,0,0,2,0,7,+11,.583,.583,.500,.000,11.6,10.1,10.8,12.6,0.0,0.0,25.0,30.0,91,124
713,201704040WAS,"7:00 PM, April 4, 2017",2017,Washington Wizards,Charlotte Hornets,0,Trey Burke,0:00,0.0,0.0,0.0,0.0,0.0,0.0,0.0,0.0,0.0,0.0,0.0,0.0,0.0,0.0,0.0,0.0,0.0,0.0,0.0,0.0,0.0,0.0,0.0,0.0,0.0,0.0,0.0,0.0,0.0,0.0,0.0,0.0,0.0
714,201704040WAS,"7:00 PM, April 4, 2017",2017,Washington Wizards,Charlotte Hornets,0,Tomas Satoransky,0:00,0.0,0.0,0.0,0.0,0.0,0.0,0.0,0.0,0.0,0.0,0.0,0.0,0.0,0.0,0.0,0.0,0.0,0.0,0.0,0.0,0.0,0.0,0.0,0.0,0.0,0.0,0.0,0.0,0.0,0.0,0.0,0.0,0.0
715,201704040WAS,"7:00 PM, April 4, 2017",2017,Washington Wizards,Charlotte Hornets,0,Daniel Ochefu,0:00,0.0,0.0,0.0,0.0,0.0,0.0,0.0,0.0,0.0,0.0,0.0,0.0,0.0,0.0,0.0,0.0,0.0,0.0,0.0,0.0,0.0,0.0,0.0,0.0,0.0,0.0,0.0,0.0,0.0,0.0,0.0,0.0,0.0
716,201704050BOS,"8:00 PM, April 5, 2017",2017,Cleveland Cavaliers,Boston Celtics,1,LeBron James,38:33,14,22,.636,1,4,.250,7,7,1.000,2,8,10,6,1,2,3,3,36,+32,.718,.659,.182,.318,5.8,21.7,14.0,29.2,1.3,5.2,10.7,31.8,142,93
717,201704050BOS,"8:00 PM, April 5, 2017",2017,Cleveland Cavaliers,Boston Celtics,1,Kyrie Irving,32:26,7,18,.389,1,6,.167,4,5,.800,0,1,1,5,2,1,0,4,19,+14,.470,.417,.333,.278,0.0,3.2,1.7,22.7,3.1,3.1,0.0,27.2,117,95
718,201704050BOS,"8:00 PM, April 5, 2017",2017,Cleveland Cavaliers,Boston Celtics,1,Kevin Love,32:11,5,15,.333,1,5,.200,4,4,1.000,5,11,16,1,0,0,0,4,15,+18,.447,.367,.333,.267,17.3,35.7,26.8,4.2,0.0,0.0,0.0,22.7,119,96
719,201704050BOS,"8:00 PM, April 5, 2017",2017,Cleveland Cavaliers,Boston Celtics,1,J.R. Smith,30:47,5,10,.500,2,7,.286,0,0,,1,2,3,0,1,1,0,1,12,+19,.600,.600,.700,.000,3.6,6.8,5.3,0.0,1.6,3.2,0.0,14.2,132,98
720,201704050BOS,"8:00 PM, April 5, 2017",2017,Cleveland Cavaliers,Boston Celtics,1,Channing Frye,17:13,3,7,.429,2,6,.333,2,2,1.000,3,5,8,1,2,0,1,3,10,+6,.635,.571,.857,.286,19.5,30.3,25.1,8.0,5.9,0.0,11.3,22.5,136,85
721,201704050BOS,"8:00 PM, April 5, 2017",2017,Cleveland Cavaliers,Boston Celtics,0,Iman Shumpert,27:32,2,6,.333,1,3,.333,0,0,,1,3,4,1,0,0,2,4,5,+6,.417,.417,.500,.000,4.1,11.4,7.8,4.4,0.0,0.0,25.0,12.7,78,102
722,201704050BOS,"8:00 PM, April 5, 2017",2017,Cleveland Cavaliers,Boston Celtics,0,Kyle Korver,19:17,2,2,1.000,2,2,1.000,0,0,,0,2,2,0,0,0,0,3,6,+19,1.500,1.500,1.000,.000,0.0,10.8,5.6,0.0,0.0,0.0,0.0,4.5,300,102
723,201704050BOS,"8:00 PM, April 5, 2017",2017,Cleveland Cavaliers,Boston Celtics,0,Deron Williams,15:35,0,5,.000,0,2,.000,0,0,,0,3,3,5,0,1,1,1,0,+8,.000,.000,.400,.000,0.0,20.1,10.4,35.8,0.0,6.4,16.7,16.8,51,96
724,201704050BOS,"8:00 PM, April 5, 2017",2017,Cleveland Cavaliers,Boston Celtics,0,Richard Jefferson,10:11,3,3,1.000,1,1,1.000,0,0,,0,0,0,0,1,0,0,0,7,+5,1.167,1.167,.333,.000,0.0,0.0,0.0,0.0,5.0,0.0,0.0,12.9,233,95
725,201704050BOS,"8:00 PM, April 5, 2017",2017,Cleveland Cavaliers,Boston Celtics,0,DeAndre Liggins,4:04,1,2,.500,0,0,,0,0,,0,0,0,0,0,0,2,2,2,-3,1.000,1.000,.000,.000,0.0,51.3,26.5,0.0,0.0,0.0,0.0,10.7,200,93
726,201704050BOS,"8:00 PM, April 5, 2017",2017,Cleveland Cavaliers,Boston Celtics,0,James Jones,4:04,1,1,1.000,0,0,,0,0,,0,2,2,0,0,0,0,0,2,-3,.500,.500,.000,.000,0.0,0.0,0.0,0.0,0.0,0.0,50.0,43.0,45,102
727,201704050BOS,"8:00 PM, April 5, 2017",2017,Cleveland Cavaliers,Boston Celtics,0,Larry Sanders,4:04,0,1,.000,0,0,,0,0,,1,1,2,0,0,0,0,1,0,-3,.000,.000,.000,.000,27.4,25.7,26.5,0.0,0.0,0.0,0.0,10.7,70,98
728,201704050BOS,"8:00 PM, April 5, 2017",2017,Cleveland Cavaliers,Boston Celtics,0,Derrick Williams,4:04,0,0,,0,0,,0,0,,0,0,0,0,0,0,1,0,0,-3,,,,,0.0,0.0,0.0,0.0,0.0,0.0,100.0,10.7,0,105
729,201704050BOS,"8:00 PM, April 5, 2017",2017,Boston Celtics,Cleveland Cavaliers,1,Avery Bradley,33:37,1,8,.125,0,3,.000,2,4,.500,2,5,7,1,1,0,1,2,4,-22,.205,.125,.375,.500,6.2,16.6,11.2,4.5,1.5,0.0,9.3,14.5,55,121
730,201704050BOS,"8:00 PM, April 5, 2017",2017,Boston Celtics,Cleveland Cavaliers,1,Isaiah Thomas,32:43,9,19,.474,1,8,.125,7,8,.875,0,4,4,6,0,1,4,1,26,-10,.577,.500,.421,.421,0.0,13.6,6.6,44.5,0.0,2.6,15.1,36.8,105,124
731,201704050BOS,"8:00 PM, April 5, 2017",2017,Boston Celtics,Cleveland Cavaliers,1,Jae Crowder,29:22,5,11,.455,2,5,.400,1,2,.500,3,1,4,2,1,0,1,4,13,-15,.547,.545,.455,.182,10.7,3.8,7.3,13.2,1.7,0.0,7.8,19.9,110,125
732,201704050BOS,"8:00 PM, April 5, 2017",2017,Boston Celtics,Cleveland Cavaliers,1,Al Horford,27:47,4,6,.667,1,1,1.000,3,3,1.000,1,6,7,3,0,0,2,3,12,-13,.820,.750,.167,.500,3.8,24.1,13.6,19.9,0.0,0.0,21.5,15.2,132,122
733,201704050BOS,"8:00 PM, April 5, 2017",2017,Boston Celtics,Cleveland Cavaliers,1,Amir Johnson,13:56,4,4,1.000,0,0,,0,0,,1,2,3,1,1,0,0,2,8,-10,1.000,1.000,.000,.000,7.5,16.0,11.6,17.9,3.6,0.0,0.0,13.0,203,116
734,201704050BOS,"8:00 PM, April 5, 2017",2017,Boston Celtics,Cleveland Cavaliers,0,Marcus Smart,25:16,1,8,.125,1,4,.250,1,2,.500,0,2,2,4,0,0,1,1,4,-20,.225,.188,.500,.250,0.0,8.8,4.3,24.4,0.0,0.0,10.1,17.7,61,127
735,201704050BOS,"8:00 PM, April 5, 2017",2017,Boston Celtics,Cleveland Cavaliers,0,Jaylen Brown,19:14,1,7,.143,0,3,.000,0,0,,0,2,2,1,1,1,2,1,2,+1,.143,.143,.429,.000,0.0,11.6,5.6,8.2,2.6,4.5,22.2,21.2,29,117
736,201704050BOS,"8:00 PM, April 5, 2017",2017,Boston Celtics,Cleveland Cavaliers,0,Kelly Olynyk,15:31,5,8,.625,1,3,.333,1,2,.500,1,3,4,0,0,0,1,3,12,-9,.676,.688,.375,.250,6.7,21.6,13.9,0.0,0.0,0.0,10.1,28.9,112,123
737,201704050BOS,"8:00 PM, April 5, 2017",2017,Boston Celtics,Cleveland Cavaliers,0,Jonas Jerebko,13:41,0,1,.000,0,1,.000,1,2,.500,0,3,3,2,0,0,0,0,1,-6,.266,.000,1.000,2.000,0.0,24.5,11.8,21.3,0.0,0.0,0.0,6.2,94,122
738,201704050BOS,"8:00 PM, April 5, 2017",2017,Boston Celtics,Cleveland Cavaliers,0,Gerald Green,10:15,1,3,.333,0,2,.000,0,2,.000,0,0,0,1,0,1,0,0,2,+3,.258,.333,.667,.667,0.0,0.0,0.0,16.5,0.0,8.4,0.0,17.2,62,125
739,201704050BOS,"8:00 PM, April 5, 2017",2017,Boston Celtics,Cleveland Cavaliers,0,Terry Rozier,9:13,2,5,.400,1,3,.333,1,2,.500,0,0,0,0,0,0,0,1,6,-14,.510,.500,.600,.400,0.0,0.0,0.0,0.0,0.0,0.0,0.0,29.0,98,130
740,201704050BOS,"8:00 PM, April 5, 2017",2017,Boston Celtics,Cleveland Cavaliers,0,Jordan Mickey,4:43,0,1,.000,0,0,,1,2,.500,0,2,2,0,1,1,0,0,1,0,,,,,0.0,0.0,0.0,0.0,10.8,0.0,,0.0,0,105
741,201704050BOS,"8:00 PM, April 5, 2017",2017,Boston Celtics,Cleveland Cavaliers,0,James Young,4:43,0,0,,0,0,,0,0,,0,0,0,0,1,0,0,0,0,0,.266,.000,.000,2.000,0.0,47.3,22.9,0.0,10.8,18.2,0.0,18.1,60,78
742,201704050CHO,"7:00 PM, April 5, 2017",2017,Miami Heat,Charlotte Hornets,1,Josh Richardson,36:07,6,14,.429,4,7,.571,3,3,1.000,0,5,5,5,0,1,1,4,19,+19,.620,.571,.500,.214,0.0,18.0,8.7,20.7,0.0,2.5,6.1,22.8,130,116
743,201704050CHO,"7:00 PM, April 5, 2017",2017,Miami Heat,Charlotte Hornets,1,Goran Dragic,33:13,13,21,.619,5,9,.556,2,2,1.000,0,1,1,4,2,0,1,1,33,+15,.754,.738,.429,.095,0.0,3.9,1.9,27.2,3.3,0.0,4.4,34.7,145,113
744,201704050CHO,"7:00 PM, April 5, 2017",2017,Miami Heat,Charlotte Hornets,1,Rodney McGruder,33:12,1,9,.111,1,5,.200,0,0,,0,2,2,3,0,1,1,3,3,+19,.167,.167,.556,.000,0.0,7.8,3.8,11.3,0.0,2.7,10.0,15.2,54,117
745,201704050CHO,"7:00 PM, April 5, 2017",2017,Miami Heat,Charlotte Hornets,1,James Johnson,32:15,10,12,.833,6,7,.857,0,0,,0,4,4,3,2,0,2,0,26,+23,1.083,1.083,.583,.000,0.0,16.1,7.8,17.8,3.4,0.0,14.3,21.9,170,111
746,201704050CHO,"7:00 PM, April 5, 2017",2017,Miami Heat,Charlotte Hornets,1,Hassan Whiteside,31:23,5,9,.556,0,0,,3,3,1.000,4,16,20,0,1,3,1,3,13,+23,.630,.556,.000,.333,15.7,66.1,40.2,0.0,1.7,8.7,8.8,18.2,133,100
747,201704050CHO,"7:00 PM, April 5, 2017",2017,Miami Heat,Charlotte Hornets,0,Tyler Johnson,28:46,3,9,.333,3,5,.600,3,4,.750,1,1,2,3,0,0,0,0,12,-11,.558,.500,.556,.444,4.3,4.5,4.4,14.3,0.0,0.0,0.0,18.8,132,120
748,201704050CHO,"7:00 PM, April 5, 2017",2017,Miami Heat,Charlotte Hornets,0,Okaro White,17:28,1,3,.333,1,2,.500,0,0,,0,1,1,2,0,0,0,1,3,-9,.500,.500,.667,.000,0.0,7.4,3.6,14.8,0.0,0.0,0.0,8.7,129,120
749,201704050CHO,"7:00 PM, April 5, 2017",2017,Miami Heat,Charlotte Hornets,0,Willie Reed,14:54,0,3,.000,0,1,.000,0,0,,2,1,3,0,0,2,0,2,0,-11,.000,.000,.333,.000,16.5,8.7,12.7,0.0,0.0,12.2,0.0,10.1,60,107
750,201704050CHO,"7:00 PM, April 5, 2017",2017,Miami Heat,Charlotte Hornets,0,Wayne Ellington,12:43,1,4,.250,1,4,.250,0,0,,0,2,2,3,0,0,0,2,3,-3,.375,.375,1.000,.000,0.0,20.4,9.9,31.3,0.0,0.0,0.0,15.8,115,118
751,201704050CHO,"7:00 PM, April 5, 2017",2017,Miami Heat,Charlotte Hornets,0,Udonis Haslem,0:00,0.0,0.0,0.0,0.0,0.0,0.0,0.0,0.0,0.0,0.0,0.0,0.0,0.0,0.0,0.0,0.0,0.0,0.0,0.0,0.0,0.0,0.0,0.0,0.0,0.0,0.0,0.0,0.0,0.0,0.0,0.0,0.0,0.0
752,201704050CHO,"7:00 PM, April 5, 2017",2017,Charlotte Hornets,Miami Heat,1,Nicolas Batum,36:06,6,13,.462,0,4,.000,12,12,1.000,0,3,3,7,1,1,1,1,24,-16,.656,.462,.308,.923,0.0,10.2,5.2,34.4,1.5,3.0,5.2,27.1,138,128
753,201704050CHO,"7:00 PM, April 5, 2017",2017,Charlotte Hornets,Miami Heat,1,Marvin Williams,36:02,6,10,.600,3,6,.500,0,0,,3,9,12,0,0,1,0,1,15,-14,.750,.750,.600,.000,10.8,30.7,21.0,0.0,0.0,3.0,0.0,14.1,150,127
754,201704050CHO,"7:00 PM, April 5, 2017",2017,Charlotte Hornets,Miami Heat,1,Kemba Walker,34:11,6,17,.353,3,8,.375,3,5,.600,0,2,2,5,0,0,3,3,18,-14,.469,.441,.471,.294,0.0,7.2,3.7,26.4,0.0,0.0,13.5,33.0,88,135
755,201704050CHO,"7:00 PM, April 5, 2017",2017,Charlotte Hornets,Miami Heat,1,Cody Zeller,30:01,4,12,.333,0,0,,0,0,,0,4,4,3,0,1,0,3,8,-17,.333,.333,.000,.000,0.0,16.4,8.4,16.8,0.0,3.6,0.0,20.3,77,130
756,201704050CHO,"7:00 PM, April 5, 2017",2017,Charlotte Hornets,Miami Heat,1,Michael Kidd-Gilchrist,28:22,3,5,.600,0,0,,2,2,1.000,0,5,5,1,1,2,1,3,8,-12,.680,.600,.000,.400,0.0,21.7,11.1,5.7,1.9,7.7,14.5,12.3,117,120
757,201704050CHO,"7:00 PM, April 5, 2017",2017,Charlotte Hornets,Miami Heat,0,Jeremy Lamb,23:19,2,5,.400,0,1,.000,2,2,1.000,0,5,5,1,0,1,0,1,6,+3,.510,.400,.200,.400,0.0,26.4,13.5,6.7,0.0,4.7,0.0,12.8,110,126
758,201704050CHO,"7:00 PM, April 5, 2017",2017,Charlotte Hornets,Miami Heat,0,Frank Kaminsky,21:31,5,9,.556,1,3,.333,2,3,.667,0,1,1,1,0,0,0,1,13,+3,.630,.611,.333,.333,0.0,5.7,2.9,9.4,0.0,0.0,0.0,24.3,124,135
759,201704050CHO,"7:00 PM, April 5, 2017",2017,Charlotte Hornets,Miami Heat,0,Brian Roberts,13:49,3,5,.600,1,1,1.000,0,0,,1,1,2,0,0,1,1,1,7,+1,.700,.700,.200,.000,9.4,8.9,9.1,0.0,0.0,7.9,16.7,22.0,111,128
760,201704050CHO,"7:00 PM, April 5, 2017",2017,Charlotte Hornets,Miami Heat,0,Miles Plumlee,8:27,0,0,,0,0,,0,0,,0,1,1,0,0,0,0,1,0,+2,,,,,0.0,14.6,7.5,0.0,0.0,0.0,,0.0,0,133
761,201704050CHO,"7:00 PM, April 5, 2017",2017,Charlotte Hornets,Miami Heat,0,Marco Belinelli,8:13,0,2,.000,0,2,.000,0,0,,0,1,1,1,0,0,0,0,0,-1,.000,.000,1.000,.000,0.0,15.0,7.7,16.7,0.0,0.0,0.0,12.4,27,133
762,201704050CHO,"7:00 PM, April 5, 2017",2017,Charlotte Hornets,Miami Heat,0,Briante Weber,0:00,0.0,0.0,0.0,0.0,0.0,0.0,0.0,0.0,0.0,0.0,0.0,0.0,0.0,0.0,0.0,0.0,0.0,0.0,0.0,0.0,0.0,0.0,0.0,0.0,0.0,0.0,0.0,0.0,0.0,0.0,0.0,0.0,0.0
763,201704050CHO,"7:00 PM, April 5, 2017",2017,Charlotte Hornets,Miami Heat,0,Treveon Graham,0:00,0.0,0.0,0.0,0.0,0.0,0.0,0.0,0.0,0.0,0.0,0.0,0.0,0.0,0.0,0.0,0.0,0.0,0.0,0.0,0.0,0.0,0.0,0.0,0.0,0.0,0.0,0.0,0.0,0.0,0.0,0.0,0.0,0.0
764,201704050CHO,"7:00 PM, April 5, 2017",2017,Charlotte Hornets,Miami Heat,0,Christian Wood,0:00,0.0,0.0,0.0,0.0,0.0,0.0,0.0,0.0,0.0,0.0,0.0,0.0,0.0,0.0,0.0,0.0,0.0,0.0,0.0,0.0,0.0,0.0,0.0,0.0,0.0,0.0,0.0,0.0,0.0,0.0,0.0,0.0,0.0
765,201704050DET,"7:30 PM, April 5, 2017",2017,Toronto Raptors,Detroit Pistons,1,Kyle Lowry,41:49,9,16,.563,2,5,.400,7,7,1.000,0,5,5,10,2,0,2,2,27,+5,.708,.625,.313,.438,0.0,14.0,7.1,37.4,2.5,0.0,9.5,23.1,140,109
766,201704050DET,"7:30 PM, April 5, 2017",2017,Toronto Raptors,Detroit Pistons,1,DeMar DeRozan,34:22,5,17,.294,0,1,.000,2,3,.667,1,3,4,10,0,0,3,2,12,-2,.328,.294,.059,.176,3.5,10.2,6.9,41.1,0.0,0.0,14.1,28.5,83,115
767,201704050DET,"7:30 PM, April 5, 2017",2017,Toronto Raptors,Detroit Pistons,1,Serge Ibaka,31:47,2,9,.222,1,6,.167,2,2,1.000,1,6,7,0,0,1,1,0,7,+9,.354,.278,.667,.222,3.8,22.1,13.1,0.0,0.0,2.5,9.2,15.7,73,111
768,201704050DET,"7:30 PM, April 5, 2017",2017,Toronto Raptors,Detroit Pistons,1,Jonas Valanciunas,26:36,9,11,.818,0,0,,1,2,.500,2,3,5,2,0,0,1,4,19,+2,.800,.818,.000,.182,9.0,13.2,11.1,14.6,0.0,0.0,7.8,22.2,145,114
769,201704050DET,"7:30 PM, April 5, 2017",2017,Toronto Raptors,Detroit Pistons,1,DeMarre Carroll,12:54,1,6,.167,0,4,.000,0,0,,1,0,1,0,1,0,0,1,2,-6,.167,.167,.667,.000,9.3,0.0,4.6,0.0,4.0,0.0,0.0,21.3,48,109
770,201704050DET,"7:30 PM, April 5, 2017",2017,Toronto Raptors,Detroit Pistons,0,P.J. Tucker,28:03,3,4,.750,3,4,.750,0,0,,0,5,5,1,1,0,1,0,9,+4,1.125,1.125,1.000,.000,0.0,20.9,10.6,4.8,1.8,0.0,20.0,8.2,146,109
771,201704050DET,"7:30 PM, April 5, 2017",2017,Toronto Raptors,Detroit Pistons,0,Cory Joseph,27:06,6,14,.429,2,6,.333,1,1,1.000,1,4,5,1,1,1,2,1,15,+1,.519,.500,.429,.071,4.4,17.3,10.9,5.8,1.9,3.0,12.2,27.8,92,107
772,201704050DET,"7:30 PM, April 5, 2017",2017,Toronto Raptors,Detroit Pistons,0,Patrick Patterson,15:52,4,6,.667,2,4,.500,0,0,,0,1,1,2,1,0,1,1,10,-3,.833,.833,.667,.000,0.0,7.4,3.7,20.9,3.3,0.0,14.3,20.2,132,109
773,201704050DET,"7:30 PM, April 5, 2017",2017,Toronto Raptors,Detroit Pistons,0,Jakob Poeltl,12:53,2,4,.500,0,0,,0,0,,0,1,1,0,0,0,0,2,4,0,.500,.500,.000,.000,0.0,9.1,4.6,0.0,0.0,0.0,0.0,14.2,96,115
774,201704050DET,"7:30 PM, April 5, 2017",2017,Toronto Raptors,Detroit Pistons,0,Delon Wright,8:38,0,0,,0,0,,0,0,,1,1,2,3,1,0,0,1,0,+5,,,,,13.9,13.6,13.7,40.7,6.0,0.0,,0.0,224,101
775,201704050DET,"7:30 PM, April 5, 2017",2017,Toronto Raptors,Detroit Pistons,0,Fred VanVleet,0:00,0.0,0.0,0.0,0.0,0.0,0.0,0.0,0.0,0.0,0.0,0.0,0.0,0.0,0.0,0.0,0.0,0.0,0.0,0.0,0.0,0.0,0.0,0.0,0.0,0.0,0.0,0.0,0.0,0.0,0.0,0.0,0.0,0.0
776,201704050DET,"7:30 PM, April 5, 2017",2017,Toronto Raptors,Detroit Pistons,0,Norman Powell,0:00,0.0,0.0,0.0,0.0,0.0,0.0,0.0,0.0,0.0,0.0,0.0,0.0,0.0,0.0,0.0,0.0,0.0,0.0,0.0,0.0,0.0,0.0,0.0,0.0,0.0,0.0,0.0,0.0,0.0,0.0,0.0,0.0,0.0
777,201704050DET,"7:30 PM, April 5, 2017",2017,Toronto Raptors,Detroit Pistons,0,Lucas Nogueira,0:00,0.0,0.0,0.0,0.0,0.0,0.0,0.0,0.0,0.0,0.0,0.0,0.0,0.0,0.0,0.0,0.0,0.0,0.0,0.0,0.0,0.0,0.0,0.0,0.0,0.0,0.0,0.0,0.0,0.0,0.0,0.0,0.0,0.0
778,201704050DET,"7:30 PM, April 5, 2017",2017,Detroit Pistons,Toronto Raptors,1,Ish Smith,29:37,7,13,.538,0,0,,2,2,1.000,1,3,4,6,0,1,1,3,16,+1,.576,.538,.000,.154,4.0,12.2,8.0,31.7,0.0,2.8,6.7,23.4,129,115
779,201704050DET,"7:30 PM, April 5, 2017",2017,Detroit Pistons,Toronto Raptors,1,Andre Drummond,29:26,4,7,.571,0,0,,3,10,.300,5,9,14,0,0,0,1,3,11,+3,.482,.571,.000,1.429,19.9,36.7,28.2,0.0,0.0,0.0,8.1,19.6,106,113
780,201704050DET,"7:30 PM, April 5, 2017",2017,Detroit Pistons,Toronto Raptors,1,Reggie Bullock,22:31,3,5,.600,1,2,.500,0,0,,1,1,2,1,1,0,1,1,7,+8,.700,.700,.400,.000,5.2,5.3,5.3,6.0,2.3,0.0,16.7,12.4,124,114
781,201704050DET,"7:30 PM, April 5, 2017",2017,Detroit Pistons,Toronto Raptors,1,Marcus Morris,18:52,6,11,.545,3,4,.750,0,0,,0,1,1,1,0,0,0,4,15,-9,.682,.682,.364,.000,0.0,6.4,3.1,9.5,0.0,0.0,0.0,27.2,141,118
782,201704050DET,"7:30 PM, April 5, 2017",2017,Detroit Pistons,Toronto Raptors,1,Jon Leuer,14:23,3,5,.600,0,0,,0,0,,2,3,5,1,0,0,1,1,6,+4,.600,.600,.000,.000,16.3,25.0,20.6,10.4,0.0,0.0,16.7,19.5,117,115
783,201704050DET,"7:30 PM, April 5, 2017",2017,Detroit Pistons,Toronto Raptors,0,Tobias Harris,33:37,7,16,.438,2,7,.286,0,0,,0,2,2,1,0,1,0,2,16,-7,.500,.500,.438,.000,0.0,7.1,3.5,4.5,0.0,2.5,0.0,22.2,110,116
784,201704050DET,"7:30 PM, April 5, 2017",2017,Detroit Pistons,Toronto Raptors,0,Stanley Johnson,29:08,1,5,.200,1,4,.250,0,0,,0,3,3,3,1,1,3,1,3,+6,.300,.300,.800,.000,0.0,12.4,6.1,12.2,1.8,2.9,37.5,12.8,58,111
785,201704050DET,"7:30 PM, April 5, 2017",2017,Detroit Pistons,Toronto Raptors,0,Aron Baynes,18:34,5,5,1.000,0,0,,2,2,1.000,3,4,7,0,0,1,3,4,12,-6,1.020,1.000,.000,.400,18.9,25.9,22.3,0.0,0.0,4.5,33.8,22.3,128,111
786,201704050DET,"7:30 PM, April 5, 2017",2017,Detroit Pistons,Toronto Raptors,0,Beno Udrih,18:23,3,7,.429,0,0,,2,2,1.000,0,3,3,8,0,0,1,1,8,-4,.508,.429,.000,.286,0.0,19.6,9.7,61.1,0.0,0.0,11.3,22.5,127,116
787,201704050DET,"7:30 PM, April 5, 2017",2017,Detroit Pistons,Toronto Raptors,0,Kentavious Caldwell-Pope,17:06,1,5,.200,0,4,.000,0,0,,0,1,1,1,2,0,2,0,2,-8,.200,.200,.800,.000,0.0,7.0,3.5,7.2,6.1,0.0,28.6,19.1,40,105
788,201704050DET,"7:30 PM, April 5, 2017",2017,Detroit Pistons,Toronto Raptors,0,Darrun Hilliard,8:23,2,2,1.000,0,0,,2,2,1.000,0,3,3,0,1,0,1,1,6,-3,1.042,1.000,.000,1.000,0.0,42.9,21.2,0.0,6.2,0.0,25.8,21.6,144,98
789,201704050DET,"7:30 PM, April 5, 2017",2017,Detroit Pistons,Toronto Raptors,0,Boban Marjanovic,0:00,0.0,0.0,0.0,0.0,0.0,0.0,0.0,0.0,0.0,0.0,0.0,0.0,0.0,0.0,0.0,0.0,0.0,0.0,0.0,0.0,0.0,0.0,0.0,0.0,0.0,0.0,0.0,0.0,0.0,0.0,0.0,0.0,0.0
790,201704050DET,"7:30 PM, April 5, 2017",2017,Detroit Pistons,Toronto Raptors,0,Henry Ellenson,0:00,0.0,0.0,0.0,0.0,0.0,0.0,0.0,0.0,0.0,0.0,0.0,0.0,0.0,0.0,0.0,0.0,0.0,0.0,0.0,0.0,0.0,0.0,0.0,0.0,0.0,0.0,0.0,0.0,0.0,0.0,0.0,0.0,0.0
791,201704050HOU,"8:00 PM, April 5, 2017",2017,Denver Nuggets,Houston Rockets,1,Danilo Gallinari,38:08,8,16,.500,3,8,.375,4,4,1.000,0,5,5,3,0,0,2,1,23,+9,.648,.594,.500,.250,0.0,12.6,5.9,12.2,0.0,0.0,10.1,20.1,118,109
792,201704050HOU,"8:00 PM, April 5, 2017",2017,Denver Nuggets,Houston Rockets,1,Nikola Jokic,33:52,6,17,.353,0,5,.000,0,0,,3,16,19,9,5,1,2,3,12,+8,.353,.353,.294,.000,7.5,45.4,25.2,39.3,6.6,2.7,10.5,21.7,88,83
793,201704050HOU,"8:00 PM, April 5, 2017",2017,Denver Nuggets,Houston Rockets,1,Jameer Nelson,32:20,3,9,.333,2,6,.333,0,0,,0,2,2,5,0,0,3,4,8,-1,.444,.444,.667,.000,0.0,5.9,2.8,20.3,0.0,0.0,25.0,14.4,78,110
794,201704050HOU,"8:00 PM, April 5, 2017",2017,Denver Nuggets,Houston Rockets,1,Gary Harris,30:05,8,14,.571,1,4,.250,0,1,.000,1,2,3,1,1,0,0,3,17,-10,.589,.607,.286,.071,2.8,6.4,4.5,5.7,1.5,0.0,0.0,18.6,117,107
795,201704050HOU,"8:00 PM, April 5, 2017",2017,Denver Nuggets,Houston Rockets,1,Kenneth Faried,13:18,4,7,.571,0,0,,2,2,1.000,1,1,2,1,0,0,0,1,10,+3,.635,.571,.000,.286,6.3,7.2,6.7,13.6,0.0,0.0,0.0,22.9,135,110
796,201704050HOU,"8:00 PM, April 5, 2017",2017,Denver Nuggets,Houston Rockets,0,Wilson Chandler,34:10,6,18,.333,1,5,.200,3,5,.600,2,3,5,0,0,0,2,6,16,-8,.396,.361,.278,.278,4.9,8.4,6.6,0.0,0.0,0.0,9.0,25.2,78,109
797,201704050HOU,"8:00 PM, April 5, 2017",2017,Denver Nuggets,Houston Rockets,0,Jamal Murray,25:35,3,13,.231,0,6,.000,2,2,1.000,1,2,3,4,2,1,0,0,8,-7,.288,.231,.462,.154,3.3,7.5,5.3,21.2,3.5,3.5,0.0,21.0,78,101
798,201704050HOU,"8:00 PM, April 5, 2017",2017,Denver Nuggets,Houston Rockets,0,Emmanuel Mudiay,15:40,1,5,.200,0,3,.000,4,4,1.000,2,4,6,3,1,0,2,2,6,-5,.444,.200,.600,.800,10.8,24.5,17.2,24.2,2.8,0.0,22.8,21.7,93,99
799,201704050HOU,"8:00 PM, April 5, 2017",2017,Denver Nuggets,Houston Rockets,0,Mason Plumlee,14:08,2,4,.500,0,0,,0,0,,2,4,6,0,1,3,1,4,4,-14,.500,.500,.000,.000,11.9,27.2,19.0,0.0,3.2,19.2,20.0,13.7,91,85
800,201704050HOU,"8:00 PM, April 5, 2017",2017,Denver Nuggets,Houston Rockets,0,Juan Hernangomez,2:44,0,1,.000,0,1,.000,0,0,,0,0,0,0,0,0,0,0,0,-5,.000,.000,1.000,.000,0.0,0.0,0.0,0.0,0.0,0.0,0.0,14.2,0,112
801,201704050HOU,"8:00 PM, April 5, 2017",2017,Denver Nuggets,Houston Rockets,0,Darrell Arthur,0:00,0.0,0.0,0.0,0.0,0.0,0.0,0.0,0.0,0.0,0.0,0.0,0.0,0.0,0.0,0.0,0.0,0.0,0.0,0.0,0.0,0.0,0.0,0.0,0.0,0.0,0.0,0.0,0.0,0.0,0.0,0.0,0.0,0.0
802,201704050HOU,"8:00 PM, April 5, 2017",2017,Denver Nuggets,Houston Rockets,0,Mike Miller,0:00,0.0,0.0,0.0,0.0,0.0,0.0,0.0,0.0,0.0,0.0,0.0,0.0,0.0,0.0,0.0,0.0,0.0,0.0,0.0,0.0,0.0,0.0,0.0,0.0,0.0,0.0,0.0,0.0,0.0,0.0,0.0,0.0,0.0
803,201704050HOU,"8:00 PM, April 5, 2017",2017,Denver Nuggets,Houston Rockets,0,Roy Hibbert,0:00,0.0,0.0,0.0,0.0,0.0,0.0,0.0,0.0,0.0,0.0,0.0,0.0,0.0,0.0,0.0,0.0,0.0,0.0,0.0,0.0,0.0,0.0,0.0,0.0,0.0,0.0,0.0,0.0,0.0,0.0,0.0,0.0,0.0
804,201704050HOU,"8:00 PM, April 5, 2017",2017,Houston Rockets,Denver Nuggets,1,James Harden,38:36,8,19,.421,4,10,.400,11,15,.733,0,7,7,10,1,3,4,3,31,+4,.605,.526,.526,.789,0.0,15.3,8.1,46.0,1.2,5.7,13.5,30.7,119,94
805,201704050HOU,"8:00 PM, April 5, 2017",2017,Houston Rockets,Denver Nuggets,1,Trevor Ariza,37:49,6,12,.500,3,6,.500,0,0,,1,9,10,1,1,0,2,3,15,+5,.625,.625,.500,.000,2.5,20.0,11.9,4.3,1.2,0.0,14.3,14.8,108,96
806,201704050HOU,"8:00 PM, April 5, 2017",2017,Houston Rockets,Denver Nuggets,1,Patrick Beverley,32:40,4,9,.444,0,2,.000,1,3,.333,2,9,11,1,2,0,2,5,9,-1,.436,.444,.222,.333,5.9,23.2,15.1,4.7,2.7,0.0,16.2,15.1,84,92
807,201704050HOU,"8:00 PM, April 5, 2017",2017,Houston Rockets,Denver Nuggets,1,Clint Capela,23:39,7,10,.700,0,0,,1,3,.333,5,6,11,1,0,0,2,3,15,-6,.663,.700,.000,.300,20.3,21.4,20.9,8.9,0.0,0.0,15.0,22.6,121,98
808,201704050HOU,"8:00 PM, April 5, 2017",2017,Houston Rockets,Denver Nuggets,1,Troy Williams,15:08,2,6,.333,0,2,.000,0,0,,1,2,3,0,1,0,1,4,4,-4,.333,.333,.333,.000,6.3,11.1,8.9,0.0,2.9,0.0,14.3,18.5,67,95
809,201704050HOU,"8:00 PM, April 5, 2017",2017,Houston Rockets,Denver Nuggets,0,Eric Gordon,37:47,2,14,.143,2,10,.200,5,6,.833,1,2,3,1,1,0,0,0,11,+13,.331,.214,.714,.429,2.5,4.5,3.6,3.7,1.2,0.0,0.0,17.7,81,101
810,201704050HOU,"8:00 PM, April 5, 2017",2017,Houston Rockets,Denver Nuggets,0,Lou Williams,30:00,1,9,.111,1,4,.250,6,7,.857,1,6,7,3,0,0,4,1,9,+7,.373,.167,.444,.778,3.2,16.8,10.5,13.6,0.0,0.0,24.9,21.5,72,100
811,201704050HOU,"8:00 PM, April 5, 2017",2017,Houston Rockets,Denver Nuggets,0,Nene Hilario,24:21,7,8,.875,0,0,,2,4,.500,0,4,4,2,1,0,1,1,16,+12,.820,.875,.000,.500,0.0,13.8,7.4,17.0,1.8,0.0,9.3,17.7,147,97
812,201704050HOU,"8:00 PM, April 5, 2017",2017,Houston Rockets,Denver Nuggets,0,Isaiah Taylor,0:00,0.0,0.0,0.0,0.0,0.0,0.0,0.0,0.0,0.0,0.0,0.0,0.0,0.0,0.0,0.0,0.0,0.0,0.0,0.0,0.0,0.0,0.0,0.0,0.0,0.0,0.0,0.0,0.0,0.0,0.0,0.0,0.0,0.0
813,201704050HOU,"8:00 PM, April 5, 2017",2017,Houston Rockets,Denver Nuggets,0,Montrezl Harrell,0:00,0.0,0.0,0.0,0.0,0.0,0.0,0.0,0.0,0.0,0.0,0.0,0.0,0.0,0.0,0.0,0.0,0.0,0.0,0.0,0.0,0.0,0.0,0.0,0.0,0.0,0.0,0.0,0.0,0.0,0.0,0.0,0.0,0.0
814,201704050HOU,"8:00 PM, April 5, 2017",2017,Houston Rockets,Denver Nuggets,0,Kyle Wiltjer,0:00,0.0,0.0,0.0,0.0,0.0,0.0,0.0,0.0,0.0,0.0,0.0,0.0,0.0,0.0,0.0,0.0,0.0,0.0,0.0,0.0,0.0,0.0,0.0,0.0,0.0,0.0,0.0,0.0,0.0,0.0,0.0,0.0,0.0
815,201704050HOU,"8:00 PM, April 5, 2017",2017,Houston Rockets,Denver Nuggets,0,Bobby Brown,0:00,0.0,0.0,0.0,0.0,0.0,0.0,0.0,0.0,0.0,0.0,0.0,0.0,0.0,0.0,0.0,0.0,0.0,0.0,0.0,0.0,0.0,0.0,0.0,0.0,0.0,0.0,0.0,0.0,0.0,0.0,0.0,0.0,0.0
816,201704050LAC,"10:30 PM, April 5, 2017",2017,Dallas Mavericks,Los Angeles Clippers,1,Wesley Matthews,36:13,4,9,.444,3,4,.750,0,0,,1,4,5,6,0,0,2,4,11,-7,.611,.611,.444,.000,2.9,14.0,7.9,24.3,0.0,0.0,18.2,13.3,117,119
817,201704050LAC,"10:30 PM, April 5, 2017",2017,Dallas Mavericks,Los Angeles Clippers,1,Harrison Barnes,35:10,6,13,.462,1,5,.200,2,2,1.000,1,3,4,2,0,0,3,5,15,-20,.540,.500,.385,.154,3.0,10.8,6.5,9.2,0.0,0.0,17.8,21.0,95,119
818,201704050LAC,"10:30 PM, April 5, 2017",2017,Dallas Mavericks,Los Angeles Clippers,1,Dirk Nowitzki,28:02,4,11,.364,1,3,.333,0,0,,0,4,4,1,1,0,1,1,9,-2,.409,.409,.273,.000,0.0,18.0,8.2,5.5,1.8,0.0,8.3,18.7,80,115
819,201704050LAC,"10:30 PM, April 5, 2017",2017,Dallas Mavericks,Los Angeles Clippers,1,Yogi Ferrell,26:32,5,12,.417,1,4,.250,3,4,.750,1,2,3,6,2,0,0,3,14,-8,.509,.458,.333,.333,3.9,9.5,6.5,37.5,3.7,0.0,0.0,22.6,126,111
820,201704050LAC,"10:30 PM, April 5, 2017",2017,Dallas Mavericks,Los Angeles Clippers,1,Nerlens Noel,22:00,2,4,.500,0,0,,2,2,1.000,0,4,4,1,0,1,2,3,6,-22,.615,.500,.000,.500,0.0,23.0,10.4,6.5,0.0,5.0,29.1,13.7,91,114
821,201704050LAC,"10:30 PM, April 5, 2017",2017,Dallas Mavericks,Los Angeles Clippers,0,J.J. Barea,21:30,6,12,.500,1,3,.333,1,1,1.000,0,3,3,3,0,0,4,4,14,-3,.387,.250,.833,.667,4.9,23.5,13.3,25.0,0.0,0.0,0.0,15.8,112,118
822,201704050LAC,"10:30 PM, April 5, 2017",2017,Dallas Mavericks,Los Angeles Clippers,0,Devin Harris,21:30,1,6,.167,1,5,.200,3,4,.750,1,4,5,4,0,0,0,3,6,-3,.563,.542,.250,.083,0.0,17.6,8.0,27.2,0.0,0.0,24.3,33.4,88,118
823,201704050LAC,"10:30 PM, April 5, 2017",2017,Dallas Mavericks,Los Angeles Clippers,0,Salah Mejri,19:54,4,6,.667,0,0,,2,4,.500,4,5,9,0,2,1,2,1,10,+5,.644,.667,.000,.667,21.0,31.7,25.8,0.0,5.0,5.5,20.5,21.4,111,102
824,201704050LAC,"10:30 PM, April 5, 2017",2017,Dallas Mavericks,Los Angeles Clippers,0,Dorian Finney-Smith,18:08,1,4,.250,0,2,.000,0,0,,1,2,3,0,0,0,1,2,2,-8,.250,.250,.500,.000,5.8,13.9,9.5,0.0,0.0,0.0,20.0,12.0,54,119
825,201704050LAC,"10:30 PM, April 5, 2017",2017,Dallas Mavericks,Los Angeles Clippers,0,Nicolas Brussino,8:45,3,7,.429,2,4,.500,1,1,1.000,2,2,4,1,0,1,1,0,9,+7,.605,.571,.571,.143,23.9,28.9,26.1,25.5,0.0,12.5,11.8,42.1,116,108
826,201704050LAC,"10:30 PM, April 5, 2017",2017,Dallas Mavericks,Los Angeles Clippers,0,Dwight Powell,1:08,1,1,1.000,1,1,1.000,0,0,,0,0,0,0,0,0,0,0,3,+3,1.500,1.500,1.000,.000,0.0,0.0,0.0,0.0,0.0,0.0,0.0,38.5,300,121
827,201704050LAC,"10:30 PM, April 5, 2017",2017,Dallas Mavericks,Los Angeles Clippers,0,Jarrod Uthoff,1:08,1,1,1.000,0,0,,0,0,,0,0,0,0,0,0,0,0,2,+3,1.000,1.000,.000,.000,0.0,0.0,0.0,0.0,0.0,0.0,0.0,38.5,200,121
828,201704050LAC,"10:30 PM, April 5, 2017",2017,Dallas Mavericks,Los Angeles Clippers,0,A.J. Hammons,0:00,0.0,0.0,0.0,0.0,0.0,0.0,0.0,0.0,0.0,0.0,0.0,0.0,0.0,0.0,0.0,0.0,0.0,0.0,0.0,0.0,0.0,0.0,0.0,0.0,0.0,0.0,0.0,0.0,0.0,0.0,0.0,0.0,0.0
829,201704050LAC,"10:30 PM, April 5, 2017",2017,Los Angeles Clippers,Dallas Mavericks,1,J.J. Redick,39:27,6,14,.429,5,8,.625,8,8,1.000,0,2,2,1,3,0,1,1,25,+14,.713,.607,.571,.571,0.0,5.3,2.9,4.0,3.8,0.0,5.4,21.7,135,104
830,201704050LAC,"10:30 PM, April 5, 2017",2017,Los Angeles Clippers,Dallas Mavericks,1,Blake Griffin,37:42,11,14,.786,2,4,.500,8,10,.800,0,4,4,6,1,0,1,3,32,+20,.870,.857,.286,.714,0.0,11.1,6.1,31.8,1.3,0.0,5.2,23.8,170,108
831,201704050LAC,"10:30 PM, April 5, 2017",2017,Los Angeles Clippers,Dallas Mavericks,1,Luc Mbah a Moute,36:41,2,9,.222,0,4,.000,0,0,,0,1,1,1,1,0,0,0,4,+15,.222,.222,.444,.000,0.0,2.8,1.6,3.7,1.3,0.0,0.0,11.4,53,110
832,201704050LAC,"10:30 PM, April 5, 2017",2017,Los Angeles Clippers,Dallas Mavericks,1,DeAndre Jordan,33:19,4,5,.800,0,0,,3,8,.375,3,17,20,1,2,0,2,1,11,+19,.646,.800,.000,1.600,11.4,53.2,34.3,4.5,3.0,0.0,19.0,14.6,116,91
833,201704050LAC,"10:30 PM, April 5, 2017",2017,Los Angeles Clippers,Dallas Mavericks,1,Chris Paul,33:11,8,14,.571,3,5,.600,3,3,1.000,0,3,3,11,2,0,5,4,22,+21,.718,.679,.357,.214,0.0,9.4,5.2,60.2,3.0,0.0,24.6,28.4,123,104
834,201704050LAC,"10:30 PM, April 5, 2017",2017,Los Angeles Clippers,Dallas Mavericks,0,Jamal Crawford,19:43,0,2,.000,0,2,.000,0,0,,0,1,1,1,1,0,2,2,0,-12,.000,.000,1.000,.000,0.0,5.3,2.9,6.4,2.5,0.0,50.0,9.4,17,107
835,201704050LAC,"10:30 PM, April 5, 2017",2017,Los Angeles Clippers,Dallas Mavericks,0,Raymond Felton,16:16,3,6,.500,0,3,.000,0,0,,0,0,0,1,1,0,1,1,6,-12,.500,.500,.500,.000,0.0,0.0,0.0,10.1,3.0,0.0,14.3,19.9,87,107
836,201704050LAC,"10:30 PM, April 5, 2017",2017,Los Angeles Clippers,Dallas Mavericks,0,Marreese Speights,14:41,3,9,.333,1,4,.250,0,0,,2,7,9,0,0,0,2,4,7,-8,.389,.389,.444,.000,17.2,49.7,35.0,0.0,0.0,0.0,18.2,34.7,73,98
837,201704050LAC,"10:30 PM, April 5, 2017",2017,Los Angeles Clippers,Dallas Mavericks,0,Brandon Bass,4:52,0,1,.000,0,0,,2,2,1.000,0,0,0,0,0,0,1,2,2,-1,.532,.000,.000,2.000,0.0,0.0,0.0,0.0,0.0,0.0,34.7,27.4,73,113
838,201704050LAC,"10:30 PM, April 5, 2017",2017,Los Angeles Clippers,Dallas Mavericks,0,Alan Anderson,4:08,1,1,1.000,1,1,1.000,0,0,,0,0,0,0,0,0,0,1,3,-1,1.500,1.500,1.000,.000,0.0,0.0,0.0,0.0,0.0,0.0,0.0,11.2,300,114
839,201704050LAC,"10:30 PM, April 5, 2017",2017,Los Angeles Clippers,Dallas Mavericks,0,Wesley Johnson,0:00,0.0,0.0,0.0,0.0,0.0,0.0,0.0,0.0,0.0,0.0,0.0,0.0,0.0,0.0,0.0,0.0,0.0,0.0,0.0,0.0,0.0,0.0,0.0,0.0,0.0,0.0,0.0,0.0,0.0,0.0,0.0,0.0,0.0
840,201704050LAC,"10:30 PM, April 5, 2017",2017,Los Angeles Clippers,Dallas Mavericks,0,Paul Pierce,0:00,0.0,0.0,0.0,0.0,0.0,0.0,0.0,0.0,0.0,0.0,0.0,0.0,0.0,0.0,0.0,0.0,0.0,0.0,0.0,0.0,0.0,0.0,0.0,0.0,0.0,0.0,0.0,0.0,0.0,0.0,0.0,0.0,0.0
841,201704050LAC,"10:30 PM, April 5, 2017",2017,Los Angeles Clippers,Dallas Mavericks,0,Brice Johnson,0:00,0.0,0.0,0.0,0.0,0.0,0.0,0.0,0.0,0.0,0.0,0.0,0.0,0.0,0.0,0.0,0.0,0.0,0.0,0.0,0.0,0.0,0.0,0.0,0.0,0.0,0.0,0.0,0.0,0.0,0.0,0.0,0.0,0.0
842,201704050MEM,"8:00 PM, April 5, 2017",2017,Oklahoma City Thunder,Memphis Grizzlies,1,Victor Oladipo,39:07,6,15,.400,1,6,.167,2,2,1.000,0,3,3,5,2,1,0,3,15,-1,.472,.433,.400,.133,0.0,9.4,4.5,20.7,2.7,2.4,0.0,18.1,118,107
843,201704050MEM,"8:00 PM, April 5, 2017",2017,Oklahoma City Thunder,Memphis Grizzlies,1,Russell Westbrook,37:32,14,25,.560,8,13,.615,9,12,.750,0,9,9,10,4,0,7,4,45,+2,.743,.720,.520,.480,0.0,29.5,14.0,67.0,5.6,0.0,18.8,44.3,130,99
844,201704050MEM,"8:00 PM, April 5, 2017",2017,Oklahoma City Thunder,Memphis Grizzlies,1,Steven Adams,33:01,2,8,.250,0,0,,1,3,.333,5,5,10,1,0,1,1,2,5,+4,.268,.250,.000,.375,16.9,18.6,17.7,4.3,0.0,2.8,9.7,13.9,84,111
845,201704050MEM,"8:00 PM, April 5, 2017",2017,Oklahoma City Thunder,Memphis Grizzlies,1,Taj Gibson,26:10,4,10,.400,0,0,,0,0,,3,4,7,0,1,0,1,2,8,-3,.400,.400,.000,.000,12.8,18.8,15.7,0.0,2.0,0.0,9.1,18.8,90,109
846,201704050MEM,"8:00 PM, April 5, 2017",2017,Oklahoma City Thunder,Memphis Grizzlies,1,Andre Roberson,12:37,1,1,1.000,0,0,,0,2,.000,0,1,1,0,0,0,0,2,2,0,.532,1.000,.000,2.000,0.0,9.8,4.6,0.0,0.0,0.0,0.0,6.6,90,115
847,201704050MEM,"8:00 PM, April 5, 2017",2017,Oklahoma City Thunder,Memphis Grizzlies,0,Doug McDermott,32:13,3,7,.429,3,6,.500,1,3,.333,1,6,7,0,0,0,1,1,10,+5,.601,.643,.857,.429,3.5,22.9,12.7,0.0,0.0,0.0,10.7,12.9,111,113
848,201704050MEM,"8:00 PM, April 5, 2017",2017,Oklahoma City Thunder,Memphis Grizzlies,0,Semaj Christon,22:31,1,5,.200,1,3,.333,0,0,,0,0,0,3,1,0,0,2,3,+3,.300,.300,.600,.000,0.0,0.0,0.0,18.3,2.3,0.0,0.0,9.9,98,112
849,201704050MEM,"8:00 PM, April 5, 2017",2017,Oklahoma City Thunder,Memphis Grizzlies,0,Enes Kanter,21:03,4,10,.400,0,1,.000,2,2,1.000,2,3,5,0,0,0,2,2,10,+8,.460,.400,.100,.200,10.6,17.5,13.9,0.0,0.0,0.0,15.5,27.3,89,114
850,201704050MEM,"8:00 PM, April 5, 2017",2017,Oklahoma City Thunder,Memphis Grizzlies,0,Domantas Sabonis,10:06,2,4,.500,1,2,.500,0,0,,1,0,1,0,0,1,0,2,5,+7,.625,.625,.500,.000,11.1,0.0,5.8,0.0,0.0,9.1,0.0,17.7,137,109
851,201704050MEM,"8:00 PM, April 5, 2017",2017,Oklahoma City Thunder,Memphis Grizzlies,0,Nick Collison,5:40,0,0,,0,0,,0,0,,0,1,1,0,0,0,0,0,0,-10,,,,,0.0,21.7,10.3,0.0,0.0,0.0,,0.0,0,113
852,201704050MEM,"8:00 PM, April 5, 2017",2017,Oklahoma City Thunder,Memphis Grizzlies,0,Norris Cole,0:00,0.0,0.0,0.0,0.0,0.0,0.0,0.0,0.0,0.0,0.0,0.0,0.0,0.0,0.0,0.0,0.0,0.0,0.0,0.0,0.0,0.0,0.0,0.0,0.0,0.0,0.0,0.0,0.0,0.0,0.0,0.0,0.0,0.0
853,201704050MEM,"8:00 PM, April 5, 2017",2017,Oklahoma City Thunder,Memphis Grizzlies,0,Jerami Grant,0:00,0.0,0.0,0.0,0.0,0.0,0.0,0.0,0.0,0.0,0.0,0.0,0.0,0.0,0.0,0.0,0.0,0.0,0.0,0.0,0.0,0.0,0.0,0.0,0.0,0.0,0.0,0.0,0.0,0.0,0.0,0.0,0.0,0.0
854,201704050MEM,"8:00 PM, April 5, 2017",2017,Oklahoma City Thunder,Memphis Grizzlies,0,Kyle Singler,0:00,0.0,0.0,0.0,0.0,0.0,0.0,0.0,0.0,0.0,0.0,0.0,0.0,0.0,0.0,0.0,0.0,0.0,0.0,0.0,0.0,0.0,0.0,0.0,0.0,0.0,0.0,0.0,0.0,0.0,0.0,0.0,0.0,0.0
855,201704050MEM,"8:00 PM, April 5, 2017",2017,Memphis Grizzlies,Oklahoma City Thunder,1,Andrew Harrison,36:39,3,7,.429,1,2,.500,5,6,.833,1,2,3,3,0,0,2,1,12,-6,.622,.500,.286,.857,3.4,6.1,4.8,11.9,0.0,0.0,17.2,15.2,117,120
856,201704050MEM,"8:00 PM, April 5, 2017",2017,Memphis Grizzlies,Oklahoma City Thunder,1,Marc Gasol,33:05,8,16,.500,3,5,.600,4,4,1.000,0,5,5,5,2,4,4,3,23,+4,.648,.594,.313,.250,0.0,16.9,8.8,28.6,3.2,10.7,18.4,31.5,111,102
857,201704050MEM,"8:00 PM, April 5, 2017",2017,Memphis Grizzlies,Oklahoma City Thunder,1,Tony Allen,27:48,7,10,.700,0,1,.000,0,0,,3,4,7,4,2,0,2,4,14,-2,.700,.700,.100,.000,13.3,16.1,14.7,27.7,3.8,0.0,16.7,20.7,130,107
858,201704050MEM,"8:00 PM, April 5, 2017",2017,Memphis Grizzlies,Oklahoma City Thunder,1,Vince Carter,24:44,3,10,.300,2,7,.286,2,2,1.000,1,1,2,2,0,0,1,5,10,-3,.460,.400,.700,.200,5.0,4.5,4.7,12.4,0.0,0.0,8.4,23.0,97,119
859,201704050MEM,"8:00 PM, April 5, 2017",2017,Memphis Grizzlies,Oklahoma City Thunder,1,JaMychal Green,18:48,1,5,.200,0,2,.000,1,2,.500,1,3,4,0,0,0,1,1,3,+4,.255,.200,.400,.400,6.5,17.8,12.5,0.0,0.0,0.0,14.5,17.5,56,116
860,201704050MEM,"8:00 PM, April 5, 2017",2017,Memphis Grizzlies,Oklahoma City Thunder,0,Zach Randolph,26:23,8,15,.533,1,1,1.000,3,5,.600,1,8,9,1,1,0,2,2,20,-8,.581,.567,.067,.333,4.7,33.8,20.0,8.1,2.0,0.0,10.4,34.8,105,106
861,201704050MEM,"8:00 PM, April 5, 2017",2017,Memphis Grizzlies,Oklahoma City Thunder,0,Wayne Selden,23:08,2,6,.333,0,3,.000,2,2,1.000,0,3,3,3,0,0,0,1,6,0,.436,.333,.500,.333,0.0,14.5,7.6,18.9,0.0,0.0,0.0,14.2,109,117
862,201704050MEM,"8:00 PM, April 5, 2017",2017,Memphis Grizzlies,Oklahoma City Thunder,0,Brandan Wright,17:44,1,1,1.000,0,0,,0,0,,0,1,1,2,1,1,0,1,2,-6,1.000,1.000,.000,.000,0.0,6.3,3.3,15.8,2.9,5.0,0.0,2.7,210,110
863,201704050MEM,"8:00 PM, April 5, 2017",2017,Memphis Grizzlies,Oklahoma City Thunder,0,Troy Daniels,13:43,3,5,.600,2,4,.500,0,0,,0,3,3,0,0,0,1,0,8,-6,.800,.800,.800,.000,0.0,24.4,12.8,0.0,0.0,0.0,16.7,20.9,115,114
864,201704050MEM,"8:00 PM, April 5, 2017",2017,Memphis Grizzlies,Oklahoma City Thunder,0,Wade Baldwin,11:21,1,3,.333,0,1,.000,0,0,,0,0,0,1,1,0,0,0,2,+3,.333,.333,.333,.000,0.0,0.0,0.0,12.9,4.6,0.0,0.0,12.7,84,112
865,201704050MEM,"8:00 PM, April 5, 2017",2017,Memphis Grizzlies,Oklahoma City Thunder,0,James Ennis,6:37,0,0,,0,0,,0,0,,0,1,1,0,0,0,0,0,0,+5,,,,,0.0,16.9,8.8,0.0,0.0,0.0,,0.0,0,117
866,201704050MEM,"8:00 PM, April 5, 2017",2017,Memphis Grizzlies,Oklahoma City Thunder,0,Jarell Martin,0:00,0.0,0.0,0.0,0.0,0.0,0.0,0.0,0.0,0.0,0.0,0.0,0.0,0.0,0.0,0.0,0.0,0.0,0.0,0.0,0.0,0.0,0.0,0.0,0.0,0.0,0.0,0.0,0.0,0.0,0.0,0.0,0.0,0.0
867,201704050MEM,"8:00 PM, April 5, 2017",2017,Memphis Grizzlies,Oklahoma City Thunder,0,Deyonta Davis,0:00,0.0,0.0,0.0,0.0,0.0,0.0,0.0,0.0,0.0,0.0,0.0,0.0,0.0,0.0,0.0,0.0,0.0,0.0,0.0,0.0,0.0,0.0,0.0,0.0,0.0,0.0,0.0,0.0,0.0,0.0,0.0,0.0,0.0
868,201704050PHO,"10:00 PM, April 5, 2017",2017,Golden State Warriors,Phoenix Suns,1,Klay Thompson,35:58,9,22,.409,2,9,.222,2,3,.667,1,6,7,2,1,1,2,3,22,+2,.472,.455,.409,.136,3.2,15.4,9.9,8.1,1.3,1.8,7.9,29.5,92,108
869,201704050PHO,"10:00 PM, April 5, 2017",2017,Golden State Warriors,Phoenix Suns,1,Stephen Curry,35:11,15,25,.600,8,12,.667,4,7,.571,0,4,4,11,2,2,3,0,42,+25,.748,.760,.480,.280,0.0,10.5,5.8,61.2,2.6,3.6,9.7,37.0,141,107
870,201704050PHO,"10:00 PM, April 5, 2017",2017,Golden State Warriors,Phoenix Suns,1,Patrick McCaw,26:08,4,5,.800,1,2,.500,0,0,,0,5,5,4,3,0,1,2,9,-7,.900,.900,.400,.000,0.0,17.7,9.8,19.5,5.2,0.0,16.7,9.6,155,99
871,201704050PHO,"10:00 PM, April 5, 2017",2017,Golden State Warriors,Phoenix Suns,1,James Michael McAdoo,21:38,3,8,.375,0,0,,2,2,1.000,2,2,4,0,1,1,0,2,8,+17,.450,.375,.000,.250,10.6,8.5,9.4,0.0,2.1,2.9,0.0,17.2,106,108
872,201704050PHO,"10:00 PM, April 5, 2017",2017,Golden State Warriors,Phoenix Suns,1,Zaza Pachulia,18:02,2,4,.500,0,0,,0,0,,0,3,3,2,0,1,3,3,4,+6,.500,.500,.000,.000,0.0,15.4,8.5,13.4,0.0,3.5,42.9,16.3,67,109
873,201704050PHO,"10:00 PM, April 5, 2017",2017,Golden State Warriors,Phoenix Suns,0,Matt Barnes,28:30,3,9,.333,1,4,.250,1,2,.500,1,7,8,1,2,0,0,1,8,-1,.405,.389,.444,.222,4.0,22.7,14.3,4.2,3.2,0.0,0.0,14.5,94,101
874,201704050PHO,"10:00 PM, April 5, 2017",2017,Golden State Warriors,Phoenix Suns,0,Shaun Livingston,25:18,2,3,.667,1,1,1.000,0,0,,0,1,1,2,1,0,0,2,5,+14,.833,.833,.333,.000,0.0,3.6,2.0,9.2,1.8,0.0,0.0,5.0,173,113
875,201704050PHO,"10:00 PM, April 5, 2017",2017,Golden State Warriors,Phoenix Suns,0,Ian Clark,19:49,2,6,.333,0,2,.000,2,2,1.000,0,2,2,1,0,1,2,2,6,-12,.436,.333,.333,.333,0.0,9.3,5.2,6.0,0.0,3.2,22.5,18.8,74,112
876,201704050PHO,"10:00 PM, April 5, 2017",2017,Golden State Warriors,Phoenix Suns,0,David West,14:45,3,4,.750,0,0,,2,2,1.000,2,0,2,2,1,1,3,2,8,-22,.820,.750,.000,.500,15.5,0.0,6.9,18.5,3.1,4.3,38.1,22.4,115,110
877,201704050PHO,"10:00 PM, April 5, 2017",2017,Golden State Warriors,Phoenix Suns,0,JaVale McGee,14:41,2,3,.667,0,0,,4,6,.667,1,2,3,0,2,2,1,2,8,+23,.709,.667,.000,2.000,7.8,12.6,10.4,0.0,6.2,8.6,15.1,18.9,128,95
878,201704050PHO,"10:00 PM, April 5, 2017",2017,Golden State Warriors,Phoenix Suns,0,Draymond Green,0:00,0.0,0.0,0.0,0.0,0.0,0.0,0.0,0.0,0.0,0.0,0.0,0.0,0.0,0.0,0.0,0.0,0.0,0.0,0.0,0.0,0.0,0.0,0.0,0.0,0.0,0.0,0.0,0.0,0.0,0.0,0.0,0.0,0.0
879,201704050PHO,"10:00 PM, April 5, 2017",2017,Golden State Warriors,Phoenix Suns,0,Kevon Looney,0:00,0.0,0.0,0.0,0.0,0.0,0.0,0.0,0.0,0.0,0.0,0.0,0.0,0.0,0.0,0.0,0.0,0.0,0.0,0.0,0.0,0.0,0.0,0.0,0.0,0.0,0.0,0.0,0.0,0.0,0.0,0.0,0.0,0.0
880,201704050PHO,"10:00 PM, April 5, 2017",2017,Golden State Warriors,Phoenix Suns,0,Andre Iguodala,0:00,0.0,0.0,0.0,0.0,0.0,0.0,0.0,0.0,0.0,0.0,0.0,0.0,0.0,0.0,0.0,0.0,0.0,0.0,0.0,0.0,0.0,0.0,0.0,0.0,0.0,0.0,0.0,0.0,0.0,0.0,0.0,0.0,0.0
881,201704050PHO,"10:00 PM, April 5, 2017",2017,Phoenix Suns,Golden State Warriors,1,Devin Booker,41:44,7,24,.292,2,7,.286,5,7,.714,1,2,3,5,3,0,2,3,21,-10,.388,.333,.292,.292,2.2,5.5,3.7,16.5,3.3,0.0,6.9,25.6,95,114
882,201704050PHO,"10:00 PM, April 5, 2017",2017,Phoenix Suns,Golden State Warriors,1,Tyler Ulis,36:42,8,21,.381,2,7,.286,2,4,.500,3,2,5,6,0,0,4,2,20,-17,.439,.429,.333,.190,7.5,6.2,7.0,24.1,0.0,0.0,14.9,26.8,95,122
883,201704050PHO,"10:00 PM, April 5, 2017",2017,Phoenix Suns,Golden State Warriors,1,Marquese Chriss,25:28,4,10,.400,0,3,.000,0,0,,2,9,11,4,1,1,2,3,8,-12,.400,.400,.300,.000,7.2,40.4,22.1,21.3,1.8,3.2,16.7,17.3,92,110
884,201704050PHO,"10:00 PM, April 5, 2017",2017,Phoenix Suns,Golden State Warriors,1,T.J. Warren,23:53,4,8,.500,0,0,,0,0,,1,1,2,3,1,0,2,1,8,-9,.500,.500,.000,.000,3.9,4.8,4.3,17.2,1.9,0.0,20.0,15.4,97,118
885,201704050PHO,"10:00 PM, April 5, 2017",2017,Phoenix Suns,Golden State Warriors,1,Alex Len,12:05,3,6,.500,0,0,,2,3,.667,2,2,4,0,0,0,1,3,8,-13,.546,.500,.000,.500,15.3,18.9,16.9,0.0,0.0,0.0,12.0,25.3,110,119
886,201704050PHO,"10:00 PM, April 5, 2017",2017,Phoenix Suns,Golden State Warriors,0,Jared Dudley,32:44,8,14,.571,3,6,.500,0,0,,0,7,7,6,2,0,3,4,19,+7,.679,.679,.429,.000,0.0,24.4,10.9,28.1,2.8,0.0,17.6,19.1,122,113
887,201704050PHO,"10:00 PM, April 5, 2017",2017,Phoenix Suns,Golden State Warriors,0,Alan Williams,25:19,5,9,.556,0,0,,6,8,.750,7,10,17,0,4,0,0,4,16,+13,.639,.556,.000,.889,25.5,45.1,34.3,0.0,7.2,0.0,0.0,18.2,153,100
888,201704050PHO,"10:00 PM, April 5, 2017",2017,Phoenix Suns,Golden State Warriors,0,Derrick Jones,21:18,4,8,.500,0,2,.000,1,2,.500,3,2,5,0,0,0,0,0,9,+13,.507,.500,.250,.250,13.0,10.7,12.0,0.0,0.0,0.0,0.0,15.3,123,121
889,201704050PHO,"10:00 PM, April 5, 2017",2017,Phoenix Suns,Golden State Warriors,0,Dragan Bender,11:13,0,3,.000,0,2,.000,0,0,,1,0,1,0,0,0,1,1,0,-19,.000,.000,.667,.000,8.2,0.0,4.6,0.0,0.0,0.0,25.0,13.1,15,122
890,201704050PHO,"10:00 PM, April 5, 2017",2017,Phoenix Suns,Golden State Warriors,0,Ronnie Price,9:34,0,0,,0,0,,2,2,1.000,0,0,0,2,2,1,1,1,2,+2,1.136,,,,0.0,0.0,0.0,23.3,9.5,8.5,53.2,7.2,127,94
891,201704050PHO,"10:00 PM, April 5, 2017",2017,Phoenix Suns,Golden State Warriors,0,Eric Bledsoe,0:00,0.0,0.0,0.0,0.0,0.0,0.0,0.0,0.0,0.0,0.0,0.0,0.0,0.0,0.0,0.0,0.0,0.0,0.0,0.0,0.0,0.0,0.0,0.0,0.0,0.0,0.0,0.0,0.0,0.0,0.0,0.0,0.0,0.0
892,201704050PHO,"10:00 PM, April 5, 2017",2017,Phoenix Suns,Golden State Warriors,0,Jarell Eddie,0:00,0.0,0.0,0.0,0.0,0.0,0.0,0.0,0.0,0.0,0.0,0.0,0.0,0.0,0.0,0.0,0.0,0.0,0.0,0.0,0.0,0.0,0.0,0.0,0.0,0.0,0.0,0.0,0.0,0.0,0.0,0.0,0.0,0.0
893,201704050PHO,"10:00 PM, April 5, 2017",2017,Phoenix Suns,Golden State Warriors,0,Tyson Chandler,0:00,0.0,0.0,0.0,0.0,0.0,0.0,0.0,0.0,0.0,0.0,0.0,0.0,0.0,0.0,0.0,0.0,0.0,0.0,0.0,0.0,0.0,0.0,0.0,0.0,0.0,0.0,0.0,0.0,0.0,0.0,0.0,0.0,0.0
894,201704050SAS,"8:30 PM, April 5, 2017",2017,Los Angeles Lakers,San Antonio Spurs,1,Tyler Ennis,39:17,8,14,.571,3,4,.750,0,0,,0,0,0,6,2,0,1,2,19,+4,.679,.679,.286,.000,0.0,0.0,0.0,22.8,2.5,0.0,6.7,16.9,135,101
895,201704050SAS,"8:30 PM, April 5, 2017",2017,Los Angeles Lakers,San Antonio Spurs,1,Julius Randle,28:46,4,10,.400,0,1,.000,3,3,1.000,1,7,8,3,0,1,3,3,11,+2,.486,.400,.100,.300,4.4,25.4,15.9,14.2,0.0,3.1,20.9,22.1,90,99
896,201704050SAS,"8:30 PM, April 5, 2017",2017,Los Angeles Lakers,San Antonio Spurs,1,Jordan Clarkson,28:11,7,17,.412,1,5,.200,2,2,1.000,1,5,6,2,0,0,5,2,17,+1,.475,.441,.294,.118,4.5,18.5,12.2,11.3,0.0,0.0,21.9,36.0,80,103
897,201704050SAS,"8:30 PM, April 5, 2017",2017,Los Angeles Lakers,San Antonio Spurs,1,Larry Nance,20:35,6,9,.667,1,1,1.000,2,2,1.000,2,7,9,0,1,2,0,0,15,-9,.759,.722,.111,.222,12.3,35.5,25.0,0.0,2.4,8.6,0.0,21.3,156,86
898,201704050SAS,"8:30 PM, April 5, 2017",2017,Los Angeles Lakers,San Antonio Spurs,1,Brandon Ingram,9:36,3,4,.750,0,0,,2,2,1.000,1,1,2,3,0,1,0,0,8,+13,.820,.750,.000,.500,13.2,10.9,11.9,55.6,0.0,9.3,0.0,22.6,180,96
899,201704050SAS,"8:30 PM, April 5, 2017",2017,Los Angeles Lakers,San Antonio Spurs,0,David Nwaba,28:32,5,9,.556,0,0,,0,2,.000,1,4,5,3,1,0,1,0,10,+9,.506,.556,.000,.222,4.4,14.6,10.0,15.0,1.7,0.0,9.2,16.9,104,100
900,201704050SAS,"8:30 PM, April 5, 2017",2017,Los Angeles Lakers,San Antonio Spurs,0,Tarik Black,27:25,2,4,.500,0,0,,1,1,1.000,0,8,8,2,0,1,0,1,5,+16,.563,.500,.000,.250,0.0,30.4,16.7,9.1,0.0,3.2,0.0,7.2,131,98
901,201704050SAS,"8:30 PM, April 5, 2017",2017,Los Angeles Lakers,San Antonio Spurs,0,Corey Brewer,20:58,2,6,.333,1,2,.500,0,0,,0,1,1,4,2,0,2,1,5,+7,.417,.417,.333,.000,0.0,5.0,2.7,24.5,4.7,0.0,25.0,16.9,83,95
902,201704050SAS,"8:30 PM, April 5, 2017",2017,Los Angeles Lakers,San Antonio Spurs,0,Thomas Robinson,19:14,3,8,.375,0,0,,1,2,.500,2,5,7,0,2,0,2,3,7,+5,.394,.375,.000,.250,13.1,27.1,20.8,0.0,5.1,0.0,18.4,25.1,75,89
903,201704050SAS,"8:30 PM, April 5, 2017",2017,Los Angeles Lakers,San Antonio Spurs,0,Metta World Peace,17:26,2,5,.400,1,1,1.000,0,0,,0,1,1,0,0,0,2,1,5,-13,.500,.500,.200,.000,0.0,6.0,3.3,0.0,0.0,0.0,28.6,17.8,67,105
904,201704050SAS,"8:30 PM, April 5, 2017",2017,Los Angeles Lakers,San Antonio Spurs,0,Nick Young,0:00,0.0,0.0,0.0,0.0,0.0,0.0,0.0,0.0,0.0,0.0,0.0,0.0,0.0,0.0,0.0,0.0,0.0,0.0,0.0,0.0,0.0,0.0,0.0,0.0,0.0,0.0,0.0,0.0,0.0,0.0,0.0,0.0,0.0
905,201704050SAS,"8:30 PM, April 5, 2017",2017,Los Angeles Lakers,San Antonio Spurs,0,Luol Deng,0:00,0.0,0.0,0.0,0.0,0.0,0.0,0.0,0.0,0.0,0.0,0.0,0.0,0.0,0.0,0.0,0.0,0.0,0.0,0.0,0.0,0.0,0.0,0.0,0.0,0.0,0.0,0.0,0.0,0.0,0.0,0.0,0.0,0.0
906,201704050SAS,"8:30 PM, April 5, 2017",2017,Los Angeles Lakers,San Antonio Spurs,0,Timofey Mozgov,0:00,0.0,0.0,0.0,0.0,0.0,0.0,0.0,0.0,0.0,0.0,0.0,0.0,0.0,0.0,0.0,0.0,0.0,0.0,0.0,0.0,0.0,0.0,0.0,0.0,0.0,0.0,0.0,0.0,0.0,0.0,0.0,0.0,0.0
907,201704050SAS,"8:30 PM, April 5, 2017",2017,San Antonio Spurs,Los Angeles Lakers,1,Jonathon Simmons,31:56,3,8,.375,3,5,.600,0,0,,0,1,1,4,1,0,3,1,9,+3,.563,.563,.625,.000,0.0,4.0,1.8,17.4,1.5,0.0,27.3,15.7,87,110
908,201704050SAS,"8:30 PM, April 5, 2017",2017,San Antonio Spurs,Los Angeles Lakers,1,Dewayne Dedmon,24:53,0,2,.000,0,0,,0,0,,1,5,6,0,1,1,0,2,0,-9,.000,.000,.000,.000,4.2,25.4,13.8,0.0,2.0,2.7,0.0,3.7,36,102
909,201704050SAS,"8:30 PM, April 5, 2017",2017,San Antonio Spurs,Los Angeles Lakers,1,Tony Parker,16:21,7,11,.636,0,1,.000,0,1,.000,0,1,1,4,1,0,2,0,14,+4,.612,.636,.091,.091,0.0,7.7,3.5,63.6,3.0,0.0,14.9,37.4,104,106
910,201704050SAS,"8:30 PM, April 5, 2017",2017,San Antonio Spurs,Los Angeles Lakers,1,LaMarcus Aldridge,16:01,4,11,.364,0,0,,0,0,,3,3,6,1,2,1,0,0,8,+2,.364,.364,.000,.000,19.5,23.7,21.4,11.1,6.1,4.2,0.0,31.2,89,92
911,201704050SAS,"8:30 PM, April 5, 2017",2017,San Antonio Spurs,Los Angeles Lakers,1,Kawhi Leonard,14:03,5,8,.625,1,2,.500,0,0,,0,2,2,3,2,1,1,1,11,-2,.688,.688,.250,.000,0.0,18.0,8.1,46.8,7.0,4.7,11.1,29.1,121,91
912,201704050SAS,"8:30 PM, April 5, 2017",2017,San Antonio Spurs,Los Angeles Lakers,0,Kyle Anderson,27:33,5,8,.625,1,1,1.000,0,0,,2,5,7,1,0,1,0,3,11,0,.688,.688,.125,.000,7.6,22.9,14.5,5.8,0.0,2.4,0.0,13.2,140,107
913,201704050SAS,"8:30 PM, April 5, 2017",2017,San Antonio Spurs,Los Angeles Lakers,0,David Lee,25:38,3,4,.750,0,0,,0,0,,1,3,4,6,1,2,1,3,6,-5,.750,.750,.000,.000,4.1,14.8,8.9,33.7,1.9,5.2,20.0,8.9,147,102
914,201704050SAS,"8:30 PM, April 5, 2017",2017,San Antonio Spurs,Los Angeles Lakers,0,Bryn Forbes,24:25,3,10,.300,2,7,.286,0,0,,0,1,1,2,0,0,3,1,8,-12,.400,.400,.700,.000,0.0,5.2,2.3,11.9,0.0,0.0,23.1,24.2,65,113
915,201704050SAS,"8:30 PM, April 5, 2017",2017,San Antonio Spurs,Los Angeles Lakers,0,Davis Bertans,22:56,5,11,.455,4,10,.400,0,0,,0,1,1,1,0,1,2,2,14,-1,.636,.636,.909,.000,0.0,5.5,2.5,7.3,0.0,2.9,15.4,25.8,95,110
916,201704050SAS,"8:30 PM, April 5, 2017",2017,San Antonio Spurs,Los Angeles Lakers,0,Pau Gasol,18:09,2,8,.250,1,3,.333,4,5,.800,0,8,8,2,0,1,2,0,9,-5,.441,.313,.375,.625,0.0,55.7,25.2,15.7,0.0,3.7,16.4,30.5,83,100
917,201704050SAS,"8:30 PM, April 5, 2017",2017,San Antonio Spurs,Los Angeles Lakers,0,Patty Mills,18:05,2,8,.250,1,6,.167,0,0,,0,0,0,4,0,0,0,0,5,-10,.313,.313,.750,.000,0.0,0.0,0.0,31.5,0.0,0.0,0.0,20.1,86,114
918,201704050SAS,"8:30 PM, April 5, 2017",2017,San Antonio Spurs,Los Angeles Lakers,0,Joel Anthony,0:00,0.0,0.0,0.0,0.0,0.0,0.0,0.0,0.0,0.0,0.0,0.0,0.0,0.0,0.0,0.0,0.0,0.0,0.0,0.0,0.0,0.0,0.0,0.0,0.0,0.0,0.0,0.0,0.0,0.0,0.0,0.0,0.0,0.0
919,201704060ATL,"8:00 PM, April 6, 2017",2017,Boston Celtics,Atlanta Hawks,1,Jae Crowder,35:59,9,14,.643,4,7,.571,2,4,.500,1,3,4,1,1,0,1,4,24,+11,.761,.786,.500,.286,2.7,9.8,5.9,5.3,1.3,0.0,6.0,19.1,133,121
920,201704060ATL,"8:00 PM, April 6, 2017",2017,Boston Celtics,Atlanta Hawks,1,Avery Bradley,35:10,6,19,.316,1,8,.125,4,5,.800,1,3,4,1,2,0,1,4,17,-14,.401,.342,.421,.263,2.8,10.0,6.1,4.7,2.6,0.0,4.5,25.9,84,118
921,201704060ATL,"8:00 PM, April 6, 2017",2017,Boston Celtics,Atlanta Hawks,1,Isaiah Thomas,34:59,10,21,.476,4,8,.500,11,13,.846,3,2,5,4,0,1,3,3,35,-19,.655,.571,.381,.619,8.4,6.7,7.6,23.6,0.0,2.1,10.1,34.9,125,124
922,201704060ATL,"8:00 PM, April 6, 2017",2017,Boston Celtics,Atlanta Hawks,1,Al Horford,26:40,1,8,.125,0,2,.000,2,2,1.000,1,4,5,3,0,1,1,5,4,+1,.225,.125,.250,.250,3.7,17.6,10.0,15.3,0.0,2.7,10.1,15.2,68,120
923,201704060ATL,"8:00 PM, April 6, 2017",2017,Boston Celtics,Atlanta Hawks,1,Amir Johnson,23:11,0,2,.000,0,1,.000,2,2,1.000,1,4,5,6,0,0,2,4,2,-11,.347,.000,.500,1.000,4.2,20.2,11.5,33.6,0.0,0.0,41.0,8.6,100,121
924,201704060ATL,"8:00 PM, April 6, 2017",2017,Boston Celtics,Atlanta Hawks,0,Marcus Smart,32:35,6,11,.545,5,9,.556,1,2,.500,1,3,4,7,6,2,1,3,18,0,.758,.773,.818,.182,3.0,10.8,6.5,36.6,8.5,4.5,7.8,16.2,146,102
925,201704060ATL,"8:00 PM, April 6, 2017",2017,Boston Celtics,Atlanta Hawks,0,Kelly Olynyk,24:28,2,8,.250,0,5,.000,3,4,.750,0,8,8,0,0,0,0,2,7,-6,.359,.250,.625,.500,0.0,38.3,17.4,0.0,0.0,0.0,0.0,16.4,78,116
926,201704060ATL,"8:00 PM, April 6, 2017",2017,Boston Celtics,Atlanta Hawks,0,Jaylen Brown,16:44,2,5,.400,1,2,.500,2,2,1.000,0,1,1,3,0,0,2,3,7,+5,.595,.500,.400,.400,0.0,7.0,3.2,27.5,0.0,0.0,25.4,19.3,101,124
927,201704060ATL,"8:00 PM, April 6, 2017",2017,Boston Celtics,Atlanta Hawks,0,Jonas Jerebko,5:49,1,2,.500,0,1,.000,0,0,,2,0,2,2,0,0,1,1,2,-2,.500,.500,.500,.000,33.7,0.0,18.3,57.4,0.0,0.0,33.3,21.2,115,126
928,201704060ATL,"8:00 PM, April 6, 2017",2017,Boston Celtics,Atlanta Hawks,0,Gerald Green,4:24,0,0,,0,0,,0,0,,0,0,0,1,0,0,0,0,0,+2,,,,,0.0,0.0,0.0,29.5,0.0,0.0,,0.0,241,127
929,201704060ATL,"8:00 PM, April 6, 2017",2017,Boston Celtics,Atlanta Hawks,0,Jordan Mickey,0:02,0,0,,0,0,,0,0,,0,0,0,0,0,0,0,0,0,-2,,,,,0.0,0.0,0.0,0.0,0.0,0.0,,0.0,0,127
930,201704060ATL,"8:00 PM, April 6, 2017",2017,Boston Celtics,Atlanta Hawks,0,James Young,0:00,0.0,0.0,0.0,0.0,0.0,0.0,0.0,0.0,0.0,0.0,0.0,0.0,0.0,0.0,0.0,0.0,0.0,0.0,0.0,0.0,0.0,0.0,0.0,0.0,0.0,0.0,0.0,0.0,0.0,0.0,0.0,0.0,0.0
931,201704060ATL,"8:00 PM, April 6, 2017",2017,Boston Celtics,Atlanta Hawks,0,Terry Rozier,0:00,0.0,0.0,0.0,0.0,0.0,0.0,0.0,0.0,0.0,0.0,0.0,0.0,0.0,0.0,0.0,0.0,0.0,0.0,0.0,0.0,0.0,0.0,0.0,0.0,0.0,0.0,0.0,0.0,0.0,0.0,0.0,0.0,0.0
932,201704060ATL,"8:00 PM, April 6, 2017",2017,Atlanta Hawks,Boston Celtics,1,Taurean Waller-Prince,40:58,7,13,.538,2,3,.667,4,4,1.000,2,5,7,4,0,0,3,3,20,+9,.678,.615,.231,.308,5.7,12.0,9.1,13.1,0.0,0.0,16.9,17.2,127,117
933,201704060ATL,"8:00 PM, April 6, 2017",2017,Atlanta Hawks,Boston Celtics,1,Tim Hardaway,39:59,10,17,.588,2,3,.667,1,3,.333,1,4,5,5,1,0,3,5,23,0,.628,.647,.176,.176,2.9,9.8,6.7,18.8,1.2,0.0,14.1,21.2,118,115
934,201704060ATL,"8:00 PM, April 6, 2017",2017,Atlanta Hawks,Boston Celtics,1,Dennis Schroder,33:25,7,14,.500,3,5,.600,1,1,1.000,0,4,4,5,0,0,2,4,18,-3,.623,.607,.357,.071,0.0,11.7,6.4,21.2,0.0,0.0,12.2,19.5,124,117
935,201704060ATL,"8:00 PM, April 6, 2017",2017,Atlanta Hawks,Boston Celtics,1,Ersan Ilyasova,26:32,2,8,.250,1,3,.333,2,2,1.000,3,4,7,4,0,1,1,5,7,+4,.394,.313,.375,.250,13.2,14.8,14.1,17.9,0.0,3.8,10.1,14.8,112,114
936,201704060ATL,"8:00 PM, April 6, 2017",2017,Atlanta Hawks,Boston Celtics,1,Dwight Howard,21:24,3,5,.600,0,0,,4,8,.500,1,7,8,1,0,0,3,4,10,-5,.587,.600,.000,1.600,5.5,32.0,19.9,6.0,0.0,0.0,26.0,21.4,93,111
937,201704060ATL,"8:00 PM, April 6, 2017",2017,Atlanta Hawks,Boston Celtics,0,Paul Millsap,29:27,8,15,.533,1,3,.333,9,12,.750,4,8,12,4,2,0,3,2,26,+8,.641,.567,.200,.800,15.9,26.6,21.7,21.1,3.1,0.0,12.9,31.4,129,106
938,201704060ATL,"8:00 PM, April 6, 2017",2017,Atlanta Hawks,Boston Celtics,0,Kent Bazemore,19:21,4,8,.500,1,2,.500,3,4,.750,0,3,3,2,3,0,2,6,12,+6,.615,.563,.250,.500,0.0,15.2,8.3,14.6,7.1,0.0,17.0,24.1,112,99
939,201704060ATL,"8:00 PM, April 6, 2017",2017,Atlanta Hawks,Boston Celtics,0,Mike Muscala,18:37,1,6,.167,0,3,.000,0,0,,2,3,5,0,1,2,0,1,2,+7,.167,.167,.500,.000,12.6,15.8,14.3,0.0,2.5,11.0,0.0,12.8,65,104
940,201704060ATL,"8:00 PM, April 6, 2017",2017,Atlanta Hawks,Boston Celtics,0,Mike Dunleavy,5:15,1,2,.500,0,0,,0,0,,0,0,0,0,0,1,0,0,2,0,.500,.500,.000,.000,0.0,0.0,0.0,0.0,0.0,19.5,0.0,15.1,107,109
941,201704060ATL,"8:00 PM, April 6, 2017",2017,Atlanta Hawks,Boston Celtics,0,Jose Calderon,4:49,1,1,1.000,1,1,1.000,0,0,,0,1,1,1,0,0,0,0,3,+12,1.500,1.500,1.000,.000,0.0,20.3,11.1,29.3,0.0,0.0,0.0,8.2,277,115
942,201704060ATL,"8:00 PM, April 6, 2017",2017,Atlanta Hawks,Boston Celtics,0,DeAndre' Bembry,0:14,0,0,,0,0,,0,0,,0,0,0,0,0,0,0,0,0,-3,,,,,0.0,0.0,0.0,0.0,0.0,0.0,,0.0,0,121
943,201704060ATL,"8:00 PM, April 6, 2017",2017,Atlanta Hawks,Boston Celtics,0,Malcolm Delaney,0:00,0.0,0.0,0.0,0.0,0.0,0.0,0.0,0.0,0.0,0.0,0.0,0.0,0.0,0.0,0.0,0.0,0.0,0.0,0.0,0.0,0.0,0.0,0.0,0.0,0.0,0.0,0.0,0.0,0.0,0.0,0.0,0.0,0.0
944,201704060ATL,"8:00 PM, April 6, 2017",2017,Atlanta Hawks,Boston Celtics,0,Ryan Kelly,0:00,0.0,0.0,0.0,0.0,0.0,0.0,0.0,0.0,0.0,0.0,0.0,0.0,0.0,0.0,0.0,0.0,0.0,0.0,0.0,0.0,0.0,0.0,0.0,0.0,0.0,0.0,0.0,0.0,0.0,0.0,0.0,0.0,0.0
945,201704060IND,"7:00 PM, April 6, 2017",2017,Milwaukee Bucks,Indiana Pacers,1,Giannis Antetokounmpo,35:17,7,14,.500,0,1,.000,11,13,.846,2,5,7,6,0,1,3,2,25,-16,.634,.500,.071,.929,7.2,17.9,12.5,34.8,0.0,2.5,13.2,31.5,125,116
946,201704060IND,"7:00 PM, April 6, 2017",2017,Milwaukee Bucks,Indiana Pacers,1,Khris Middleton,33:43,4,10,.400,1,2,.500,1,1,1.000,0,3,3,4,2,0,3,6,10,-9,.479,.450,.200,.100,0.0,11.2,5.6,20.9,3.1,0.0,22.3,19.5,86,112
947,201704060IND,"7:00 PM, April 6, 2017",2017,Milwaukee Bucks,Indiana Pacers,1,Tony Snell,29:00,3,8,.375,2,2,1.000,0,0,,0,1,1,0,1,0,2,3,8,-15,.500,.500,.250,.000,0.0,4.4,2.2,0.0,1.8,0.0,20.0,16.9,73,117
948,201704060IND,"7:00 PM, April 6, 2017",2017,Milwaukee Bucks,Indiana Pacers,1,Matthew Dellavedova,20:54,3,8,.375,2,5,.400,0,0,,1,3,4,2,0,0,4,1,8,-9,.500,.500,.625,.000,6.0,18.1,12.1,17.6,0.0,0.0,33.3,28.1,73,117
949,201704060IND,"7:00 PM, April 6, 2017",2017,Milwaukee Bucks,Indiana Pacers,1,Thon Maker,14:52,2,4,.500,0,1,.000,0,0,,2,3,5,0,0,1,1,4,4,+6,.500,.500,.250,.000,17.0,25.5,21.2,0.0,0.0,5.9,20.0,16.4,93,111
950,201704060IND,"7:00 PM, April 6, 2017",2017,Milwaukee Bucks,Indiana Pacers,0,Mirza Teletovic,26:39,5,8,.625,5,8,.625,0,0,,0,3,3,0,1,1,1,1,15,-1,.938,.938,1.000,.000,0.0,14.2,7.1,0.0,2.0,3.3,11.1,16.5,138,112
951,201704060IND,"7:00 PM, April 6, 2017",2017,Milwaukee Bucks,Indiana Pacers,0,Jason Terry,22:25,2,3,.667,0,0,,0,0,,0,0,0,4,1,0,0,1,4,-8,.667,.667,.000,.000,0.0,0.0,0.0,29.8,2.3,0.0,0.0,6.5,162,117
952,201704060IND,"7:00 PM, April 6, 2017",2017,Milwaukee Bucks,Indiana Pacers,0,Greg Monroe,18:29,2,4,.500,0,0,,0,0,,1,1,2,0,2,0,4,1,4,-22,.500,.500,.000,.000,6.8,6.8,6.8,0.0,5.7,0.0,50.0,21.2,51,108
953,201704060IND,"7:00 PM, April 6, 2017",2017,Milwaukee Bucks,Indiana Pacers,0,Gary Payton,14:53,1,4,.250,0,2,.000,0,0,,0,1,1,3,1,1,1,3,2,-1,.250,.250,.500,.000,0.0,8.5,4.2,32.5,3.5,5.9,20.0,16.4,71,109
954,201704060IND,"7:00 PM, April 6, 2017",2017,Milwaukee Bucks,Indiana Pacers,0,Rashad Vaughn,12:00,2,4,.500,0,2,.000,0,0,,0,1,1,1,0,0,0,0,4,-3,.500,.500,.500,.000,0.0,10.5,5.3,16.0,0.0,0.0,0.0,16.3,108,119
955,201704060IND,"7:00 PM, April 6, 2017",2017,Milwaukee Bucks,Indiana Pacers,0,Michael Beasley,5:54,1,2,.500,1,1,1.000,0,0,,0,1,1,0,0,0,1,0,3,+1,.750,.750,.500,.000,0.0,21.4,10.7,0.0,0.0,0.0,33.3,24.9,79,116
956,201704060IND,"7:00 PM, April 6, 2017",2017,Milwaukee Bucks,Indiana Pacers,0,Spencer Hawes,5:54,1,2,.500,0,0,,0,0,,0,4,4,1,0,0,1,0,2,+2,.500,.500,.000,.000,0.0,85.6,42.8,32.7,0.0,0.0,33.3,24.9,77,97
957,201704060IND,"7:00 PM, April 6, 2017",2017,Indiana Pacers,Milwaukee Bucks,1,Thaddeus Young,35:26,6,13,.462,0,1,.000,0,0,,4,7,11,3,1,0,0,1,12,+12,.462,.462,.077,.000,14.3,25.0,19.6,13.6,1.5,0.0,0.0,16.4,122,101
958,201704060IND,"7:00 PM, April 6, 2017",2017,Indiana Pacers,Milwaukee Bucks,1,Paul George,34:43,9,14,.643,2,6,.333,3,4,.750,1,9,10,1,5,0,4,3,23,+19,.730,.714,.429,.286,3.6,32.7,18.2,5.4,7.5,0.0,20.2,25.4,116,85
959,201704060IND,"7:00 PM, April 6, 2017",2017,Indiana Pacers,Milwaukee Bucks,1,Jeff Teague,28:46,5,12,.417,0,4,.000,5,6,.833,0,2,2,7,0,0,1,1,15,+15,.512,.417,.333,.500,0.0,8.8,4.4,39.4,0.0,0.0,6.4,24.3,123,107
960,201704060IND,"7:00 PM, April 6, 2017",2017,Indiana Pacers,Milwaukee Bucks,1,Myles Turner,25:26,3,8,.375,0,0,,4,5,.800,1,5,6,1,1,1,0,4,10,0,.490,.375,.000,.625,5.0,24.8,14.9,5.8,2.1,4.0,0.0,17.9,120,96
961,201704060IND,"7:00 PM, April 6, 2017",2017,Indiana Pacers,Milwaukee Bucks,1,Monta Ellis,24:09,3,6,.500,1,4,.250,1,4,.250,1,0,1,1,4,1,2,1,8,+4,.515,.583,.667,.667,5.2,0.0,2.6,6.2,8.7,4.2,20.5,18.1,89,85
962,201704060IND,"7:00 PM, April 6, 2017",2017,Indiana Pacers,Milwaukee Bucks,0,C.J. Miles,23:42,2,7,.286,2,6,.333,0,0,,3,1,4,0,3,0,2,1,6,0,.429,.429,.857,.000,16.0,5.3,10.7,0.0,6.6,0.0,22.2,17.0,86,92
963,201704060IND,"7:00 PM, April 6, 2017",2017,Indiana Pacers,Milwaukee Bucks,0,Lance Stephenson,23:08,3,6,.500,1,2,.500,2,2,1.000,0,1,1,5,1,0,3,0,9,+14,.654,.583,.333,.333,0.0,5.5,2.7,32.7,2.3,0.0,30.4,19.1,109,103
964,201704060IND,"7:00 PM, April 6, 2017",2017,Indiana Pacers,Milwaukee Bucks,0,Kevin Seraphin,22:34,4,8,.500,0,0,,3,3,1.000,2,5,7,1,0,1,2,1,11,+15,.590,.500,.000,.375,11.2,28.0,19.6,7.2,0.0,4.5,17.7,22.4,112,100
965,201704060IND,"7:00 PM, April 6, 2017",2017,Indiana Pacers,Milwaukee Bucks,0,Aaron Brooks,19:14,3,5,.600,2,2,1.000,2,2,1.000,0,2,2,1,0,0,2,0,10,0,.850,.800,.400,.400,0.0,13.1,6.6,8.2,0.0,0.0,25.4,18.3,125,106
966,201704060IND,"7:00 PM, April 6, 2017",2017,Indiana Pacers,Milwaukee Bucks,0,Rakeem Christmas,1:26,0,0,,0,0,,0,0,,0,0,0,0,0,0,0,0,0,-2,,,,,0.0,0.0,0.0,0.0,0.0,0.0,,0.0,0,109
967,201704060IND,"7:00 PM, April 6, 2017",2017,Indiana Pacers,Milwaukee Bucks,0,Joe Young,1:26,0,1,.000,0,0,,0,0,,0,0,0,0,0,0,0,0,0,-2,.000,.000,.000,.000,0.0,0.0,0.0,0.0,0.0,0.0,0.0,31.2,0,109
968,201704060IND,"7:00 PM, April 6, 2017",2017,Indiana Pacers,Milwaukee Bucks,0,Al Jefferson,0:00,0.0,0.0,0.0,0.0,0.0,0.0,0.0,0.0,0.0,0.0,0.0,0.0,0.0,0.0,0.0,0.0,0.0,0.0,0.0,0.0,0.0,0.0,0.0,0.0,0.0,0.0,0.0,0.0,0.0,0.0,0.0,0.0,0.0
969,201704060IND,"7:00 PM, April 6, 2017",2017,Indiana Pacers,Milwaukee Bucks,0,Lavoy Allen,0:00,0.0,0.0,0.0,0.0,0.0,0.0,0.0,0.0,0.0,0.0,0.0,0.0,0.0,0.0,0.0,0.0,0.0,0.0,0.0,0.0,0.0,0.0,0.0,0.0,0.0,0.0,0.0,0.0,0.0,0.0,0.0,0.0,0.0
970,201704060NYK,"7:30 PM, April 6, 2017",2017,Washington Wizards,New York Knicks,1,Bradley Beal,36:13,7,16,.438,4,9,.444,7,7,1.000,0,3,3,1,2,1,2,1,25,+7,.655,.563,.563,.438,0.0,8.0,4.5,5.0,3.0,1.8,9.5,28.1,125,114
971,201704060NYK,"7:30 PM, April 6, 2017",2017,Washington Wizards,New York Knicks,1,John Wall,31:35,9,15,.600,4,5,.800,2,6,.333,0,1,1,8,1,1,2,3,24,+6,.680,.733,.333,.400,0.0,3.0,1.7,54.5,1.7,2.0,10.2,30.1,137,119
972,201704060NYK,"7:30 PM, April 6, 2017",2017,Washington Wizards,New York Knicks,1,Marcin Gortat,29:52,7,7,1.000,0,0,,2,3,.667,0,3,3,1,0,0,0,2,16,+9,.962,1.000,.000,.429,0.0,9.6,5.5,6.5,0.0,0.0,0.0,13.5,196,120
973,201704060NYK,"7:30 PM, April 6, 2017",2017,Washington Wizards,New York Knicks,1,Jason Smith,22:38,1,4,.250,1,4,.250,2,2,1.000,1,5,6,1,1,1,3,4,5,+12,.512,.375,1.000,.500,5.6,21.2,14.5,6.3,2.4,2.8,38.1,16.8,79,106
974,201704060NYK,"7:30 PM, April 6, 2017",2017,Washington Wizards,New York Knicks,1,Otto Porter,22:29,2,7,.286,1,3,.333,2,2,1.000,5,4,9,0,0,0,0,2,7,+10,.444,.357,.429,.286,28.1,17.1,21.8,0.0,0.0,0.0,0.0,16.9,127,115
975,201704060NYK,"7:30 PM, April 6, 2017",2017,Washington Wizards,New York Knicks,0,Bojan Bogdanovic,31:12,2,9,.222,2,8,.250,2,2,1.000,0,6,6,1,0,0,2,2,8,-5,.405,.333,.889,.222,0.0,18.5,10.5,4.7,0.0,0.0,16.8,18.4,77,115
976,201704060NYK,"7:30 PM, April 6, 2017",2017,Washington Wizards,New York Knicks,0,Kelly Oubre,28:20,5,8,.625,1,3,.333,2,2,1.000,3,2,5,2,0,2,2,2,13,-11,.732,.688,.375,.250,13.4,6.8,9.6,12.3,0.0,4.5,18.4,18.6,135,119
977,201704060NYK,"7:30 PM, April 6, 2017",2017,Washington Wizards,New York Knicks,0,Brandon Jennings,19:33,1,5,.200,1,2,.500,1,2,.500,0,3,3,3,1,0,2,3,4,-7,.340,.300,.400,.400,0.0,14.7,8.4,22.0,2.7,0.0,25.4,19.5,75,111
978,201704060NYK,"7:30 PM, April 6, 2017",2017,Washington Wizards,New York Knicks,0,Ian Mahinmi,18:08,2,3,.667,0,0,,0,2,.000,0,3,3,0,0,3,0,3,4,-6,.515,.667,.000,.667,0.0,15.9,9.0,0.0,0.0,10.6,0.0,10.3,99,110
979,201704060NYK,"7:30 PM, April 6, 2017",2017,Washington Wizards,New York Knicks,0,Chris McCullough,0:00,0.0,0.0,0.0,0.0,0.0,0.0,0.0,0.0,0.0,0.0,0.0,0.0,0.0,0.0,0.0,0.0,0.0,0.0,0.0,0.0,0.0,0.0,0.0,0.0,0.0,0.0,0.0,0.0,0.0,0.0,0.0,0.0,0.0
980,201704060NYK,"7:30 PM, April 6, 2017",2017,Washington Wizards,New York Knicks,0,Tomas Satoransky,0:00,0.0,0.0,0.0,0.0,0.0,0.0,0.0,0.0,0.0,0.0,0.0,0.0,0.0,0.0,0.0,0.0,0.0,0.0,0.0,0.0,0.0,0.0,0.0,0.0,0.0,0.0,0.0,0.0,0.0,0.0,0.0,0.0,0.0
981,201704060NYK,"7:30 PM, April 6, 2017",2017,Washington Wizards,New York Knicks,0,Trey Burke,0:00,0.0,0.0,0.0,0.0,0.0,0.0,0.0,0.0,0.0,0.0,0.0,0.0,0.0,0.0,0.0,0.0,0.0,0.0,0.0,0.0,0.0,0.0,0.0,0.0,0.0,0.0,0.0,0.0,0.0,0.0,0.0,0.0,0.0
982,201704060NYK,"7:30 PM, April 6, 2017",2017,Washington Wizards,New York Knicks,0,Daniel Ochefu,0:00,0.0,0.0,0.0,0.0,0.0,0.0,0.0,0.0,0.0,0.0,0.0,0.0,0.0,0.0,0.0,0.0,0.0,0.0,0.0,0.0,0.0,0.0,0.0,0.0,0.0,0.0,0.0,0.0,0.0,0.0,0.0,0.0,0.0
983,201704060NYK,"7:30 PM, April 6, 2017",2017,New York Knicks,Washington Wizards,1,Courtney Lee,31:10,5,12,.417,1,4,.250,0,0,,3,6,9,3,5,0,1,0,11,-1,.458,.458,.333,.000,9.2,24.3,15.8,14.3,8.6,0.0,7.7,17.4,113,102
984,201704060NYK,"7:30 PM, April 6, 2017",2017,New York Knicks,Washington Wizards,1,Carmelo Anthony,31:07,7,19,.368,2,5,.400,7,9,.778,1,5,6,4,0,0,1,4,23,-4,.501,.421,.263,.474,3.1,20.3,10.5,21.1,0.0,0.0,4.2,32.1,121,122
985,201704060NYK,"7:30 PM, April 6, 2017",2017,New York Knicks,Washington Wizards,1,Willy Hernangomez,30:38,5,15,.333,0,0,,3,3,1.000,5,3,8,1,0,0,2,4,13,-4,.398,.333,.000,.200,15.7,12.4,14.2,4.9,0.0,0.0,10.9,24.9,97,124
986,201704060NYK,"7:30 PM, April 6, 2017",2017,New York Knicks,Washington Wizards,1,Ron Baker,27:10,5,9,.556,0,3,.000,2,2,1.000,1,1,2,2,0,0,2,2,12,-9,.607,.556,.333,.222,3.5,4.6,4.0,11.3,0.0,0.0,16.8,18.2,115,126
987,201704060NYK,"7:30 PM, April 6, 2017",2017,New York Knicks,Washington Wizards,1,Marshall Plumlee,10:44,0,0,,0,0,,0,0,,1,1,2,1,1,0,0,2,0,-10,,,,,8.9,11.8,10.2,11.2,5.0,0.0,,0.0,216,112
988,201704060NYK,"7:30 PM, April 6, 2017",2017,New York Knicks,Washington Wizards,0,Justin Holiday,32:57,7,12,.583,2,4,.500,0,0,,0,4,4,1,0,0,1,1,16,+5,.667,.667,.333,.000,0.0,15.3,6.6,4.9,0.0,0.0,7.7,16.4,133,124
989,201704060NYK,"7:30 PM, April 6, 2017",2017,New York Knicks,Washington Wizards,0,Maurice Ndour,21:28,1,5,.200,0,0,,1,2,.500,4,1,5,2,1,0,2,1,3,-4,.255,.200,.000,.400,17.9,5.9,12.7,11.8,2.5,0.0,25.4,15.3,76,120
990,201704060NYK,"7:30 PM, April 6, 2017",2017,New York Knicks,Washington Wizards,0,Sasha Vujacic,20:50,4,9,.444,2,2,1.000,0,1,.000,1,3,4,3,2,0,0,1,10,+6,.530,.556,.222,.111,4.6,18.2,10.5,22.5,5.1,0.0,0.0,18.9,134,111
991,201704060NYK,"7:30 PM, April 6, 2017",2017,New York Knicks,Washington Wizards,0,Kyle O'Quinn,17:22,2,4,.500,0,0,,3,4,.750,2,4,6,1,0,2,1,4,7,+1,.608,.500,.000,1.000,11.1,29.1,18.8,8.0,0.0,13.8,14.8,16.2,125,111
992,201704060NYK,"7:30 PM, April 6, 2017",2017,New York Knicks,Washington Wizards,0,Mindaugas Kuzminskas,16:34,4,10,.400,0,2,.000,0,0,,2,1,3,2,0,0,1,0,8,+5,.400,.400,.200,.000,11.6,7.6,9.9,20.4,0.0,0.0,9.1,27.7,98,126
993,201704060ORL,"7:00 PM, April 6, 2017",2017,Brooklyn Nets,Orlando Magic,1,Jeremy Lin,31:13,11,20,.550,5,9,.556,5,6,.833,0,5,5,3,2,1,2,5,32,-11,.329,.308,.385,.385,3.3,15.0,8.8,9.1,0.0,0.0,20.8,26.7,61,118
994,201704060ORL,"7:00 PM, April 6, 2017",2017,Brooklyn Nets,Orlando Magic,1,Brook Lopez,31:13,4,13,.308,0,5,.000,2,5,.400,1,4,5,2,0,0,4,3,10,-11,.707,.675,.450,.300,0.0,18.8,8.8,20.0,3.0,2.4,8.1,34.2,128,108
995,201704060ORL,"7:00 PM, April 6, 2017",2017,Brooklyn Nets,Orlando Magic,1,Caris LeVert,26:49,7,12,.583,2,4,.500,4,4,1.000,0,4,4,1,0,0,0,1,20,-10,.727,.667,.333,.333,0.0,17.5,8.2,6.5,0.0,0.0,0.0,22.3,146,117
996,201704060ORL,"7:00 PM, April 6, 2017",2017,Brooklyn Nets,Orlando Magic,1,Rondae Hollis-Jefferson,24:59,3,8,.375,0,0,,0,0,,1,4,5,4,1,0,1,0,6,-12,.375,.375,.000,.000,4.2,18.7,11.0,22.4,1.9,0.0,11.1,15.6,91,113
997,201704060ORL,"7:00 PM, April 6, 2017",2017,Brooklyn Nets,Orlando Magic,1,Randy Foye,14:37,0,1,.000,0,1,.000,0,0,,0,1,1,1,0,0,0,1,0,-19,.000,.000,1.000,.000,0.0,8.0,3.8,8.2,0.0,0.0,0.0,3.0,52,119
998,201704060ORL,"7:00 PM, April 6, 2017",2017,Brooklyn Nets,Orlando Magic,0,Isaiah Whitehead,25:37,3,7,.429,1,4,.250,3,3,1.000,1,2,3,3,1,2,2,1,10,+3,.601,.500,.571,.429,4.1,9.1,6.5,16.4,1.8,5.8,19.4,17.5,111,110
999,201704060ORL,"7:00 PM, April 6, 2017",2017,Brooklyn Nets,Orlando Magic,0,Spencer Dinwiddie,24:23,4,6,.667,2,2,1.000,1,2,.500,1,2,3,3,2,1,2,3,11,+5,.799,.833,.333,.333,4.3,9.6,6.8,18.4,3.9,3.0,22.5,15.8,128,108
1000,201704060ORL,"7:00 PM, April 6, 2017",2017,Brooklyn Nets,Orlando Magic,0,Quincy Acy,23:01,1,4,.250,0,1,.000,0,0,,2,3,5,2,0,1,0,3,2,+4,.250,.250,.250,.000,9.1,15.3,12.0,11.0,0.0,3.2,0.0,7.5,98,115
1001,201704060ORL,"7:00 PM, April 6, 2017",2017,Brooklyn Nets,Orlando Magic,0,Archie Goodwin,21:21,3,7,.429,0,1,.000,0,0,,0,5,5,2,0,0,1,0,6,+8,.429,.429,.143,.000,0.0,27.4,12.9,13.5,0.0,0.0,12.5,16.3,84,115
1002,201704060ORL,"7:00 PM, April 6, 2017",2017,Brooklyn Nets,Orlando Magic,0,Justin Hamilton,16:47,4,9,.444,1,3,.333,1,2,.500,1,2,3,0,1,1,2,2,10,+3,.506,.500,.333,.222,6.2,14.0,9.9,0.0,2.8,4.4,16.8,30.7,84,108
1003,201704060ORL,"7:00 PM, April 6, 2017",2017,Brooklyn Nets,Orlando Magic,0,K.J. McDaniels,0:00,0.0,0.0,0.0,0.0,0.0,0.0,0.0,0.0,0.0,0.0,0.0,0.0,0.0,0.0,0.0,0.0,0.0,0.0,0.0,0.0,0.0,0.0,0.0,0.0,0.0,0.0,0.0,0.0,0.0,0.0,0.0,0.0,0.0
1004,201704060ORL,"7:00 PM, April 6, 2017",2017,Brooklyn Nets,Orlando Magic,0,Trevor Booker,0:00,0.0,0.0,0.0,0.0,0.0,0.0,0.0,0.0,0.0,0.0,0.0,0.0,0.0,0.0,0.0,0.0,0.0,0.0,0.0,0.0,0.0,0.0,0.0,0.0,0.0,0.0,0.0,0.0,0.0,0.0,0.0,0.0,0.0
1005,201704060ORL,"7:00 PM, April 6, 2017",2017,Brooklyn Nets,Orlando Magic,0,Andrew Nicholson,0:00,0.0,0.0,0.0,0.0,0.0,0.0,0.0,0.0,0.0,0.0,0.0,0.0,0.0,0.0,0.0,0.0,0.0,0.0,0.0,0.0,0.0,0.0,0.0,0.0,0.0,0.0,0.0,0.0,0.0,0.0,0.0,0.0,0.0
1006,201704060ORL,"7:00 PM, April 6, 2017",2017,Orlando Magic,Brooklyn Nets,1,Nikola Vucevic,33:48,9,18,.500,0,1,.000,0,0,,0,12,12,5,1,0,0,2,18,+18,.500,.500,.056,.000,0.0,37.0,19.6,24.3,1.4,0.0,0.0,22.3,113,104
1007,201704060ORL,"7:00 PM, April 6, 2017",2017,Orlando Magic,Brooklyn Nets,1,Elfrid Payton,32:39,8,14,.571,1,2,.500,5,6,.833,1,4,5,11,1,1,3,2,22,+10,.626,.600,.200,.267,7.2,12.8,10.1,10.2,4.3,0.0,5.6,22.8,126,102
1008,201704060ORL,"7:00 PM, April 6, 2017",2017,Orlando Magic,Brooklyn Nets,1,Aaron Gordon,32:39,9,15,.600,0,3,.000,3,4,.750,2,4,6,2,3,0,1,4,21,+15,.661,.607,.143,.429,3.6,12.8,8.4,53.5,1.4,2.6,15.3,25.2,131,106
1009,201704060ORL,"7:00 PM, April 6, 2017",2017,Orlando Magic,Brooklyn Nets,1,Jodie Meeks,30:36,7,12,.583,4,7,.571,2,2,1.000,0,2,2,0,0,0,2,2,20,+14,.776,.750,.583,.167,0.0,6.8,3.6,0.0,0.0,0.0,13.4,20.4,126,112
1010,201704060ORL,"7:00 PM, April 6, 2017",2017,Orlando Magic,Brooklyn Nets,1,Terrence Ross,24:46,2,6,.333,1,4,.250,0,0,,0,2,2,4,2,0,0,0,5,+10,.417,.417,.667,.000,0.0,8.4,4.5,20.3,3.8,0.0,0.0,10.2,111,104
1011,201704060ORL,"7:00 PM, April 6, 2017",2017,Orlando Magic,Brooklyn Nets,0,Mario Hezonja,21:51,3,4,.750,1,1,1.000,4,4,1.000,1,3,4,1,0,3,2,2,11,-8,.955,.875,.250,1.000,5.4,14.3,10.1,6.2,0.0,11.6,25.8,14.9,142,101
1012,201704060ORL,"7:00 PM, April 6, 2017",2017,Orlando Magic,Brooklyn Nets,0,Marcus Georges-Hunt,20:16,2,4,.500,1,1,1.000,3,4,.750,1,6,7,0,1,0,1,3,8,-6,.694,.625,.250,1.000,5.8,30.9,19.1,0.0,2.3,0.0,14.8,14.0,125,103
1013,201704060ORL,"7:00 PM, April 6, 2017",2017,Orlando Magic,Brooklyn Nets,0,D.J. Augustin,15:21,1,8,.125,1,3,.333,2,2,1.000,1,1,2,0,1,0,1,1,5,-2,.282,.188,.375,.250,7.6,6.8,7.2,0.0,3.1,0.0,10.1,27.0,64,106
1014,201704060ORL,"7:00 PM, April 6, 2017",2017,Orlando Magic,Brooklyn Nets,0,Patricio Garino,13:52,0,4,.000,0,3,.000,0,0,,0,2,2,0,0,0,0,1,0,-1,.000,.000,.750,.000,0.0,15.1,8.0,0.0,0.0,0.0,0.0,12.1,0,111
1015,201704060ORL,"7:00 PM, April 6, 2017",2017,Orlando Magic,Brooklyn Nets,0,Stephen Zimmerman,8:34,0,4,.000,0,0,,0,0,,2,2,4,1,0,1,1,2,0,-10,.000,.000,.000,.000,27.3,24.4,25.8,13.3,0.0,9.8,20.0,24.5,42,100
1016,201704060ORL,"7:00 PM, April 6, 2017",2017,Orlando Magic,Brooklyn Nets,0,Bismack Biyombo,5:38,1,1,1.000,0,0,,3,4,.750,1,1,2,0,0,1,2,1,5,0,.906,1.000,.000,4.000,20.8,18.5,19.6,0.0,0.0,14.9,42.0,35.4,107,97
1017,201704060ORL,"7:00 PM, April 6, 2017",2017,Orlando Magic,Brooklyn Nets,0,C.J. Watson,0:00,0.0,0.0,0.0,0.0,0.0,0.0,0.0,0.0,0.0,0.0,0.0,0.0,0.0,0.0,0.0,0.0,0.0,0.0,0.0,0.0,0.0,0.0,0.0,0.0,0.0,0.0,0.0,0.0,0.0,0.0,0.0,0.0,0.0
1018,201704060ORL,"7:00 PM, April 6, 2017",2017,Orlando Magic,Brooklyn Nets,0,Damjan Rudez,0:00,0.0,0.0,0.0,0.0,0.0,0.0,0.0,0.0,0.0,0.0,0.0,0.0,0.0,0.0,0.0,0.0,0.0,0.0,0.0,0.0,0.0,0.0,0.0,0.0,0.0,0.0,0.0,0.0,0.0,0.0,0.0,0.0,0.0
1019,201704060PHI,"7:00 PM, April 6, 2017",2017,Chicago Bulls,Philadelphia 76ers,1,Jimmy Butler,37:09,5,12,.417,0,1,.000,9,9,1.000,0,10,10,10,2,0,6,0,19,+18,.595,.417,.083,.750,0.0,22.7,12.1,39.7,2.5,0.0,27.3,24.8,103,85
1020,201704060PHI,"7:00 PM, April 6, 2017",2017,Chicago Bulls,Philadelphia 76ers,1,Robin Lopez,31:39,4,13,.308,0,0,,1,2,.500,3,4,7,2,1,3,3,1,9,+20,.324,.308,.000,.154,9.1,10.6,9.9,9.2,1.5,7.8,17.8,22.4,68,86
1021,201704060PHI,"7:00 PM, April 6, 2017",2017,Chicago Bulls,Philadelphia 76ers,1,Jerian Grant,30:39,5,10,.500,1,4,.250,4,4,1.000,0,8,8,5,2,0,1,2,15,0,.638,.550,.400,.400,0.0,22.0,11.7,25.1,3.1,0.0,7.8,17.5,129,84
1022,201704060PHI,"7:00 PM, April 6, 2017",2017,Chicago Bulls,Philadelphia 76ers,1,Nikola Mirotic,25:23,8,11,.727,6,8,.750,0,0,,1,7,8,2,0,1,2,2,22,+10,1.000,1.000,.727,.000,3.8,23.2,14.1,15.8,0.0,3.3,15.4,21.5,142,88
1023,201704060PHI,"7:00 PM, April 6, 2017",2017,Chicago Bulls,Philadelphia 76ers,1,Paul Zipser,24:06,3,8,.375,1,3,.333,0,0,,1,2,3,0,1,0,0,3,7,+11,.438,.438,.375,.000,4.0,7.0,5.6,0.0,1.9,0.0,0.0,13.9,93,91
1024,201704060PHI,"7:00 PM, April 6, 2017",2017,Chicago Bulls,Philadelphia 76ers,0,Anthony Morrow,21:10,1,7,.143,0,3,.000,0,0,,1,1,2,3,0,0,0,2,2,+7,.143,.143,.429,.000,4.5,4.0,4.2,18.5,0.0,0.0,0.0,13.9,60,97
1025,201704060PHI,"7:00 PM, April 6, 2017",2017,Chicago Bulls,Philadelphia 76ers,0,Bobby Portis,20:46,6,8,.750,0,1,.000,0,0,,2,9,11,0,0,0,1,1,12,+7,.750,.750,.125,.000,9.2,36.5,23.8,0.0,0.0,0.0,11.1,18.2,127,86
1026,201704060PHI,"7:00 PM, April 6, 2017",2017,Chicago Bulls,Philadelphia 76ers,0,Denzel Valentine,18:56,0,4,.000,0,3,.000,0,0,,1,2,3,1,0,0,0,3,0,+3,.000,.000,.750,.000,5.1,8.9,7.1,6.5,0.0,0.0,0.0,8.9,32,95
1027,201704060PHI,"7:00 PM, April 6, 2017",2017,Chicago Bulls,Philadelphia 76ers,0,Joffrey Lauvergne,14:30,6,10,.600,0,1,.000,2,2,1.000,1,1,2,1,1,0,2,0,14,-3,.643,.600,.100,.200,6.6,5.8,6.2,17.3,3.2,0.0,15.5,37.2,106,89
1028,201704060PHI,"7:00 PM, April 6, 2017",2017,Chicago Bulls,Philadelphia 76ers,0,Michael Carter-Williams,10:09,1,7,.143,0,0,,0,0,,0,2,2,3,0,1,0,4,2,+2,.143,.143,.000,.000,0.0,16.6,8.8,41.4,0.0,8.2,0.0,28.9,53,86
1029,201704060PHI,"7:00 PM, April 6, 2017",2017,Chicago Bulls,Philadelphia 76ers,0,Cristiano Felicio,1:51,0,0,,0,0,,0,0,,0,0,0,0,0,1,0,0,0,-5,.000,.000,1.000,.000,0.0,0.0,0.0,0.0,0.0,0.0,50.0,45.3,0,98
1030,201704060PHI,"7:00 PM, April 6, 2017",2017,Chicago Bulls,Philadelphia 76ers,0,Isaiah Canaan,1:51,0,1,.000,0,1,.000,0,0,,0,0,0,0,0,0,1,0,0,-5,,,,,0.0,0.0,0.0,0.0,0.0,44.7,,0.0,0,65
1031,201704060PHI,"7:00 PM, April 6, 2017",2017,Chicago Bulls,Philadelphia 76ers,0,Cameron Payne,1:51,0,0,,0,0,,0,0,,0,1,1,0,0,0,0,1,0,-5,,,,,0.0,45.5,24.2,0.0,0.0,0.0,,0.0,0,82
1032,201704060PHI,"7:00 PM, April 6, 2017",2017,Philadelphia 76ers,Chicago Bulls,1,Timothe Luwawu-Cabarrot,34:19,6,15,.400,1,7,.143,5,5,1.000,1,2,3,3,2,0,1,4,18,-5,.523,.433,.467,.333,2.5,5.6,3.9,17.1,2.7,0.0,5.5,22.4,108,102
1033,201704060PHI,"7:00 PM, April 6, 2017",2017,Philadelphia 76ers,Chicago Bulls,1,Justin Anderson,33:22,6,11,.545,2,5,.400,3,4,.750,0,3,3,0,1,0,1,2,17,-6,.666,.636,.455,.364,0.0,8.6,4.0,0.0,1.4,0.0,7.3,17.4,119,104
1034,201704060PHI,"7:00 PM, April 6, 2017",2017,Philadelphia 76ers,Chicago Bulls,1,T.J. McConnell,33:16,4,12,.333,0,3,.000,1,1,1.000,2,4,6,8,3,0,5,1,9,-10,.362,.333,.250,.083,5.1,11.5,8.1,42.4,4.2,0.0,28.7,22.1,72,97
1035,201704060PHI,"7:00 PM, April 6, 2017",2017,Philadelphia 76ers,Chicago Bulls,1,Richaun Holmes,30:47,4,11,.364,1,4,.250,1,1,1.000,3,7,10,2,2,1,2,2,10,-7,.437,.409,.364,.091,8.2,21.8,14.6,11.7,3.0,2.4,14.9,18.4,87,95
1036,201704060PHI,"7:00 PM, April 6, 2017",2017,Philadelphia 76ers,Chicago Bulls,1,Dario Saric,22:09,3,8,.375,1,3,.333,2,4,.500,1,9,10,1,1,1,2,0,9,-5,.461,.438,.375,.500,3.8,39.0,20.3,8.2,2.1,3.3,17.0,22.4,81,91
1037,201704060PHI,"7:00 PM, April 6, 2017",2017,Philadelphia 76ers,Chicago Bulls,0,Alex Poythress,25:51,1,6,.167,0,3,.000,2,2,1.000,0,4,4,0,0,0,0,2,4,-7,.291,.167,.500,.333,0.0,14.9,6.9,0.0,0.0,0.0,0.0,11.2,64,105
1038,201704060PHI,"7:00 PM, April 6, 2017",2017,Philadelphia 76ers,Chicago Bulls,0,Nik Stauskas,24:39,4,10,.400,2,6,.333,3,4,.750,0,3,3,4,1,0,1,1,13,-9,.553,.500,.600,.400,0.0,11.7,5.5,30.9,1.9,0.0,7.8,21.9,111,102
1039,201704060PHI,"7:00 PM, April 6, 2017",2017,Philadelphia 76ers,Chicago Bulls,0,Gerald Henderson,18:24,2,6,.333,0,0,,0,1,.000,0,2,2,1,0,1,1,4,4,-6,.311,.333,.000,.167,0.0,10.4,4.9,9.4,0.0,4.0,13.4,17.1,58,103
1040,201704060PHI,"7:00 PM, April 6, 2017",2017,Philadelphia 76ers,Chicago Bulls,0,Shawn Long,12:18,2,9,.222,0,2,.000,0,0,,3,5,8,0,0,0,0,2,4,-10,.222,.222,.222,.000,20.5,39.0,29.2,0.0,0.0,0.0,0.0,30.9,63,99
1041,201704060PHI,"7:00 PM, April 6, 2017",2017,Philadelphia 76ers,Chicago Bulls,0,Tiago Splitter,4:55,1,3,.333,0,0,,0,0,,0,1,1,0,0,0,0,1,2,+5,.333,.333,.000,.000,0.0,19.5,9.1,0.0,0.0,0.0,0.0,25.8,67,104
1042,201704060POR,"10:30 PM, April 6, 2017",2017,Minnesota Timberwolves,Portland Trail Blazers,1,Andrew Wiggins,39:47,14,27,.519,1,5,.200,7,9,.778,1,7,8,3,2,0,3,2,36,+3,.581,.537,.185,.333,2.6,20.1,11.0,17.1,2.5,0.0,8.8,37.7,112,106
1043,201704060POR,"10:30 PM, April 6, 2017",2017,Minnesota Timberwolves,Portland Trail Blazers,1,Gorgui Dieng,39:06,1,4,.250,0,0,,2,2,1.000,1,10,11,2,1,2,2,6,4,-4,.410,.250,.000,.500,2.7,29.2,15.3,6.7,1.2,5.1,29.1,7.8,78,103
1044,201704060POR,"10:30 PM, April 6, 2017",2017,Minnesota Timberwolves,Portland Trail Blazers,1,Karl-Anthony Towns,38:56,8,16,.500,1,3,.333,7,7,1.000,6,10,16,4,1,1,3,4,24,+2,.629,.531,.188,.438,16.1,29.4,22.4,17.5,1.3,2.6,13.6,25.0,125,105
1045,201704060POR,"10:30 PM, April 6, 2017",2017,Minnesota Timberwolves,Portland Trail Blazers,1,Ricky Rubio,38:45,8,19,.421,1,3,.333,2,2,1.000,0,7,7,5,1,1,2,0,19,+7,.478,.447,.158,.105,0.0,20.6,9.9,22.0,1.3,2.6,9.1,24.9,97,106
1046,201704060POR,"10:30 PM, April 6, 2017",2017,Minnesota Timberwolves,Portland Trail Blazers,1,Brandon Rush,35:33,1,4,.250,0,3,.000,0,0,,0,2,2,0,1,0,0,1,2,+5,.250,.250,.750,.000,0.0,6.4,3.1,0.0,1.4,0.0,0.0,5.0,54,110
1047,201704060POR,"10:30 PM, April 6, 2017",2017,Minnesota Timberwolves,Portland Trail Blazers,0,Omri Casspi,15:59,2,4,.500,0,1,.000,0,0,,1,1,2,1,0,0,1,4,4,-4,.500,.500,.250,.000,6.5,7.2,6.8,9.4,0.0,0.0,20.0,13.8,94,113
1048,201704060POR,"10:30 PM, April 6, 2017",2017,Minnesota Timberwolves,Portland Trail Blazers,0,Shabazz Muhammad,12:27,3,7,.429,1,2,.500,0,0,,0,0,0,0,0,0,0,1,7,-12,.500,.500,.286,.000,0.0,0.0,0.0,0.0,0.0,0.0,0.0,24.8,101,114
1049,201704060POR,"10:30 PM, April 6, 2017",2017,Minnesota Timberwolves,Portland Trail Blazers,0,Kris Dunn,9:15,0,2,.000,0,0,,0,0,,0,1,1,0,0,0,0,0,0,-14,.000,.000,.000,.000,0.0,12.4,5.9,0.0,0.0,0.0,0.0,9.5,0,113
1050,201704060POR,"10:30 PM, April 6, 2017",2017,Minnesota Timberwolves,Portland Trail Blazers,0,Tyus Jones,8:13,1,3,.333,0,0,,0,0,,0,0,0,1,1,0,2,0,2,-10,.333,.333,.000,.000,0.0,0.0,0.0,18.2,5.9,0.0,40.0,26.8,48,100
1051,201704060POR,"10:30 PM, April 6, 2017",2017,Minnesota Timberwolves,Portland Trail Blazers,0,Adreian Payne,1:59,0,1,.000,0,1,.000,0,0,,0,0,0,0,0,0,0,2,0,-8,.000,.000,1.000,.000,0.0,0.0,0.0,0.0,0.0,0.0,0.0,22.2,0,112
1052,201704060POR,"10:30 PM, April 6, 2017",2017,Minnesota Timberwolves,Portland Trail Blazers,0,Jordan Hill,0:00,0.0,0.0,0.0,0.0,0.0,0.0,0.0,0.0,0.0,0.0,0.0,0.0,0.0,0.0,0.0,0.0,0.0,0.0,0.0,0.0,0.0,0.0,0.0,0.0,0.0,0.0,0.0,0.0,0.0,0.0,0.0,0.0,0.0
1053,201704060POR,"10:30 PM, April 6, 2017",2017,Minnesota Timberwolves,Portland Trail Blazers,0,Cole Aldrich,0:00,0.0,0.0,0.0,0.0,0.0,0.0,0.0,0.0,0.0,0.0,0.0,0.0,0.0,0.0,0.0,0.0,0.0,0.0,0.0,0.0,0.0,0.0,0.0,0.0,0.0,0.0,0.0,0.0,0.0,0.0,0.0,0.0,0.0
1054,201704060POR,"10:30 PM, April 6, 2017",2017,Portland Trail Blazers,Minnesota Timberwolves,1,Al-Farouq Aminu,39:41,4,11,.364,3,7,.429,4,7,.571,0,7,7,0,2,1,2,1,15,-14,.533,.500,.636,.636,0.0,18.4,9.6,0.0,2.5,1.8,12.4,18.6,90,97
1055,201704060POR,"10:30 PM, April 6, 2017",2017,Portland Trail Blazers,Minnesota Timberwolves,1,Damian Lillard,36:35,7,21,.333,1,9,.111,7,7,1.000,0,9,9,8,1,0,4,2,22,-1,.457,.357,.429,.333,0.0,25.7,13.4,40.7,1.3,0.0,14.2,35.3,93,99
1056,201704060POR,"10:30 PM, April 6, 2017",2017,Portland Trail Blazers,Minnesota Timberwolves,1,CJ McCollum,35:09,8,19,.421,2,4,.500,0,0,,1,1,2,5,1,0,2,2,18,+4,.474,.474,.211,.000,3.3,3.0,3.1,28.4,1.4,0.0,9.5,27.5,95,105
1057,201704060POR,"10:30 PM, April 6, 2017",2017,Portland Trail Blazers,Minnesota Timberwolves,1,Maurice Harkless,28:45,2,5,.400,0,0,,0,0,,0,1,1,0,1,0,1,3,4,+8,.400,.400,.000,.000,0.0,3.6,1.9,0.0,1.7,0.0,16.7,9.6,63,104
1058,201704060POR,"10:30 PM, April 6, 2017",2017,Portland Trail Blazers,Minnesota Timberwolves,1,Noah Vonleh,22:56,2,3,.667,0,0,,5,5,1.000,3,4,7,1,0,2,1,3,9,+3,.865,.667,.000,1.667,15.0,18.2,16.6,6.8,0.0,6.1,16.1,12.4,166,99
1059,201704060POR,"10:30 PM, April 6, 2017",2017,Portland Trail Blazers,Minnesota Timberwolves,0,Allen Crabbe,31:44,8,12,.667,8,10,.800,1,1,1.000,0,5,5,3,1,0,1,4,25,+13,1.005,1.000,.833,.083,0.0,16.4,8.6,19.8,1.5,0.0,7.4,19.5,171,101
1060,201704060POR,"10:30 PM, April 6, 2017",2017,Portland Trail Blazers,Minnesota Timberwolves,0,Evan Turner,28:52,3,6,.500,0,0,,4,6,.667,0,7,7,2,1,1,1,3,10,+14,.579,.500,.000,1.000,0.0,25.3,13.2,11.1,1.7,2.4,10.4,15.3,112,97
1061,201704060POR,"10:30 PM, April 6, 2017",2017,Portland Trail Blazers,Minnesota Timberwolves,0,Meyers Leonard,16:19,1,4,.250,0,3,.000,0,0,,0,3,3,0,1,0,0,2,2,+8,.250,.250,.750,.000,0.0,19.2,10.0,0.0,3.0,0.0,0.0,11.3,50,97
1062,201704060POR,"10:30 PM, April 6, 2017",2017,Portland Trail Blazers,Minnesota Timberwolves,0,Shabazz Napier,0:00,0.0,0.0,0.0,0.0,0.0,0.0,0.0,0.0,0.0,0.0,0.0,0.0,0.0,0.0,0.0,0.0,0.0,0.0,0.0,0.0,0.0,0.0,0.0,0.0,0.0,0.0,0.0,0.0,0.0,0.0,0.0,0.0,0.0
1063,201704060POR,"10:30 PM, April 6, 2017",2017,Portland Trail Blazers,Minnesota Timberwolves,0,Jake Layman,0:00,0.0,0.0,0.0,0.0,0.0,0.0,0.0,0.0,0.0,0.0,0.0,0.0,0.0,0.0,0.0,0.0,0.0,0.0,0.0,0.0,0.0,0.0,0.0,0.0,0.0,0.0,0.0,0.0,0.0,0.0,0.0,0.0,0.0
1064,201704060POR,"10:30 PM, April 6, 2017",2017,Portland Trail Blazers,Minnesota Timberwolves,0,Tim Quarterman,0:00,0.0,0.0,0.0,0.0,0.0,0.0,0.0,0.0,0.0,0.0,0.0,0.0,0.0,0.0,0.0,0.0,0.0,0.0,0.0,0.0,0.0,0.0,0.0,0.0,0.0,0.0,0.0,0.0,0.0,0.0,0.0,0.0,0.0
1065,201704060POR,"10:30 PM, April 6, 2017",2017,Portland Trail Blazers,Minnesota Timberwolves,0,Pat Connaughton,0:00,0.0,0.0,0.0,0.0,0.0,0.0,0.0,0.0,0.0,0.0,0.0,0.0,0.0,0.0,0.0,0.0,0.0,0.0,0.0,0.0,0.0,0.0,0.0,0.0,0.0,0.0,0.0,0.0,0.0,0.0,0.0,0.0,0.0
1066,201704070CLE,"7:30 PM, April 7, 2017",2017,Atlanta Hawks,Cleveland Cavaliers,1,Tim Hardaway,26:23,9,14,.643,4,9,.444,0,0,,0,2,2,5,1,0,0,0,22,+4,.786,.786,.643,.000,0.0,9.3,4.5,31.8,1.9,0.0,0.0,24.6,149,104
1067,201704070CLE,"7:30 PM, April 7, 2017",2017,Atlanta Hawks,Cleveland Cavaliers,1,Ersan Ilyasova,26:04,6,14,.429,1,6,.167,0,0,,2,5,7,2,1,0,1,3,13,-1,.464,.464,.429,.000,9.0,23.6,16.1,10.8,1.9,0.0,6.7,26.7,95,103
1068,201704070CLE,"7:30 PM, April 7, 2017",2017,Atlanta Hawks,Cleveland Cavaliers,1,Jose Calderon,25:23,3,8,.375,1,3,.333,0,0,,1,3,4,7,0,0,2,1,7,-9,.438,.438,.375,.000,4.6,14.5,9.5,33.7,0.0,0.0,20.0,18.3,102,108
1069,201704070CLE,"7:30 PM, April 7, 2017",2017,Atlanta Hawks,Cleveland Cavaliers,1,Taurean Waller-Prince,25:12,2,9,.222,1,4,.250,0,0,,0,4,4,1,1,0,4,5,5,-16,.278,.278,.444,.000,0.0,19.5,9.5,4.6,2.0,0.0,30.8,23.9,41,103
1070,201704070CLE,"7:30 PM, April 7, 2017",2017,Atlanta Hawks,Cleveland Cavaliers,1,Kris Humphries,25:02,5,10,.500,2,3,.667,0,0,,1,6,7,4,1,0,1,2,12,-12,.600,.600,.300,.000,4.7,29.5,16.8,21.7,2.0,0.0,9.1,20.4,117,102
1071,201704070CLE,"7:30 PM, April 7, 2017",2017,Atlanta Hawks,Cleveland Cavaliers,0,Malcolm Delaney,25:42,3,7,.429,2,3,.667,2,2,1.000,0,3,3,8,0,0,0,1,10,+13,.635,.571,.429,.286,0.0,14.4,7.0,37.9,0.0,0.0,0.0,14.2,153,108
1072,201704070CLE,"7:30 PM, April 7, 2017",2017,Atlanta Hawks,Cleveland Cavaliers,0,DeAndre' Bembry,23:42,4,5,.800,0,1,.000,0,0,,0,5,5,3,1,0,3,2,8,+29,.800,.800,.200,.000,0.0,26.0,12.7,16.5,2.1,0.0,37.5,15.7,96,102
1073,201704070CLE,"7:30 PM, April 7, 2017",2017,Atlanta Hawks,Cleveland Cavaliers,0,Mike Muscala,22:58,6,8,.750,1,1,1.000,0,0,,2,4,6,5,1,0,0,0,13,+26,.813,.813,.125,.000,10.2,21.4,15.7,32.2,2.2,0.0,0.0,16.2,174,103
1074,201704070CLE,"7:30 PM, April 7, 2017",2017,Atlanta Hawks,Cleveland Cavaliers,0,Ryan Kelly,20:00,1,5,.200,0,2,.000,2,2,1.000,0,3,3,3,0,3,0,1,4,+21,.340,.200,.400,.400,0.0,18.5,9.0,16.9,0.0,16.0,0.0,13.6,97,94
1075,201704070CLE,"7:30 PM, April 7, 2017",2017,Atlanta Hawks,Cleveland Cavaliers,0,Mike Dunleavy,19:34,6,9,.667,4,5,.800,4,4,1.000,0,1,1,1,1,0,0,2,20,+15,.929,.889,.556,.444,0.0,6.3,3.1,8.1,2.5,0.0,0.0,25.5,172,103
1076,201704070CLE,"7:30 PM, April 7, 2017",2017,Atlanta Hawks,Cleveland Cavaliers,0,Dennis Schroder,0:00,0.0,0.0,0.0,0.0,0.0,0.0,0.0,0.0,0.0,0.0,0.0,0.0,0.0,0.0,0.0,0.0,0.0,0.0,0.0,0.0,0.0,0.0,0.0,0.0,0.0,0.0,0.0,0.0,0.0,0.0,0.0,0.0,0.0
1077,201704070CLE,"7:30 PM, April 7, 2017",2017,Atlanta Hawks,Cleveland Cavaliers,0,Dwight Howard,0:00,0.0,0.0,0.0,0.0,0.0,0.0,0.0,0.0,0.0,0.0,0.0,0.0,0.0,0.0,0.0,0.0,0.0,0.0,0.0,0.0,0.0,0.0,0.0,0.0,0.0,0.0,0.0,0.0,0.0,0.0,0.0,0.0,0.0
1078,201704070CLE,"7:30 PM, April 7, 2017",2017,Cleveland Cavaliers,Atlanta Hawks,1,LeBron James,41:25,12,15,.800,1,2,.500,2,6,.333,1,7,8,7,2,0,5,0,27,-15,.765,.833,.133,.400,3.0,19.8,11.6,32.3,2.4,0.0,22.1,25.9,121,115
1079,201704070CLE,"7:30 PM, April 7, 2017",2017,Cleveland Cavaliers,Atlanta Hawks,1,Kevin Love,34:40,6,17,.353,3,10,.300,0,0,,0,15,15,3,0,0,2,4,15,-12,.441,.441,.588,.000,0.0,50.7,26.0,13.5,0.0,0.0,10.5,25.9,80,117
1080,201704070CLE,"7:30 PM, April 7, 2017",2017,Cleveland Cavaliers,Atlanta Hawks,1,Kyrie Irving,33:21,8,13,.615,0,1,.000,2,2,1.000,0,1,1,6,0,0,1,0,18,-13,.648,.615,.077,.154,0.0,3.5,1.8,31.4,0.0,0.0,6.7,21.1,128,123
1081,201704070CLE,"7:30 PM, April 7, 2017",2017,Cleveland Cavaliers,Atlanta Hawks,1,J.R. Smith,33:10,1,6,.167,1,6,.167,0,0,,1,3,4,4,0,0,0,1,3,-8,.250,.250,1.000,.000,3.7,10.6,7.2,15.4,0.0,0.0,0.0,8.6,86,122
1082,201704070CLE,"7:30 PM, April 7, 2017",2017,Cleveland Cavaliers,Atlanta Hawks,1,Channing Frye,25:39,6,10,.600,2,6,.333,2,2,1.000,0,5,5,0,0,2,0,1,16,+8,.735,.700,.600,.200,0.0,22.8,11.7,0.0,0.0,7.2,0.0,20.1,137,114
1083,201704070CLE,"7:30 PM, April 7, 2017",2017,Cleveland Cavaliers,Atlanta Hawks,0,Kyle Korver,24:32,2,6,.333,2,6,.333,3,3,1.000,0,2,2,2,0,0,1,0,9,-16,.615,.500,1.000,.500,0.0,9.5,4.9,11.2,0.0,0.0,12.0,16.0,113,123
1084,201704070CLE,"7:30 PM, April 7, 2017",2017,Cleveland Cavaliers,Atlanta Hawks,0,Richard Jefferson,16:42,1,4,.250,0,2,.000,2,2,1.000,0,0,0,0,1,0,1,1,4,-20,.410,.250,.500,.500,0.0,0.0,0.0,0.0,3.0,0.0,17.0,16.7,69,117
1085,201704070CLE,"7:30 PM, April 7, 2017",2017,Cleveland Cavaliers,Atlanta Hawks,0,Deron Williams,16:29,2,8,.250,0,2,.000,0,0,,0,2,2,1,1,0,1,2,4,-6,.250,.250,.250,.000,0.0,14.2,7.3,8.8,3.0,0.0,11.1,25.8,49,115
1086,201704070CLE,"7:30 PM, April 7, 2017",2017,Cleveland Cavaliers,Atlanta Hawks,0,Iman Shumpert,6:18,0,1,.000,0,1,.000,0,0,,1,0,1,0,0,0,2,1,0,-12,.000,.000,1.000,.000,19.5,0.0,9.5,0.0,0.0,0.0,66.7,22.5,27,124
1087,201704070CLE,"7:30 PM, April 7, 2017",2017,Cleveland Cavaliers,Atlanta Hawks,0,Larry Sanders,1:56,0,0,,0,0,,2,2,1.000,0,0,0,0,1,1,0,0,2,+6,,,,,0.0,0.0,0.0,0.0,0.0,0.0,,0.0,0,124
1088,201704070CLE,"7:30 PM, April 7, 2017",2017,Cleveland Cavaliers,Atlanta Hawks,0,Derrick Williams,1:56,1,1,1.000,0,0,,0,0,,0,0,0,0,0,0,0,0,2,+6,,,,,0.0,0.0,0.0,0.0,0.0,0.0,,0.0,0,124
1089,201704070CLE,"7:30 PM, April 7, 2017",2017,Cleveland Cavaliers,Atlanta Hawks,0,DeAndre Liggins,1:56,0,0,,0,0,,0,0,,0,0,0,0,0,0,0,0,0,+6,1.136,,,,0.0,0.0,0.0,0.0,25.6,47.7,0.0,21.5,250,19
1090,201704070CLE,"7:30 PM, April 7, 2017",2017,Cleveland Cavaliers,Atlanta Hawks,0,James Jones,1:56,0,0,,0,0,,0,0,,0,0,0,0,0,0,0,0,0,+6,1.000,1.000,.000,.000,0.0,0.0,0.0,0.0,0.0,0.0,0.0,24.5,200,124
1091,201704070DAL,"8:30 PM, April 7, 2017",2017,San Antonio Spurs,Dallas Mavericks,1,Davis Bertans,38:52,7,13,.538,5,9,.556,0,0,,3,1,4,1,2,0,1,0,19,+7,.731,.731,.692,.000,6.9,2.6,4.8,3.9,2.6,0.0,7.1,15.5,138,97
1092,201704070DAL,"8:30 PM, April 7, 2017",2017,San Antonio Spurs,Dallas Mavericks,1,Jonathon Simmons,38:11,5,19,.263,0,5,.000,2,4,.500,0,5,5,2,1,0,0,1,12,+7,.289,.263,.263,.211,0.0,13.1,6.2,7.5,1.3,0.0,0.0,23.4,71,98
1093,201704070DAL,"8:30 PM, April 7, 2017",2017,San Antonio Spurs,Dallas Mavericks,1,Kyle Anderson,37:56,4,10,.400,0,1,.000,1,4,.250,2,8,10,5,3,2,0,3,9,+16,.383,.400,.100,.400,4.7,21.1,12.4,18.1,4.1,4.1,0.0,13.3,104,86
1094,201704070DAL,"8:30 PM, April 7, 2017",2017,San Antonio Spurs,Dallas Mavericks,1,Dewayne Dedmon,18:05,5,10,.500,0,0,,0,1,.000,4,9,13,1,0,1,0,1,10,-4,.479,.500,.000,.100,19.7,49.8,33.8,9.9,0.0,4.3,0.0,24.8,115,90
1095,201704070DAL,"8:30 PM, April 7, 2017",2017,San Antonio Spurs,Dallas Mavericks,1,Patty Mills,17:40,1,7,.143,0,4,.000,0,0,,0,1,1,5,0,0,2,1,2,-3,.143,.143,.571,.000,0.0,5.7,2.7,36.4,0.0,0.0,22.2,21.9,52,102
1096,201704070DAL,"8:30 PM, April 7, 2017",2017,San Antonio Spurs,Dallas Mavericks,0,David Lee,30:35,6,16,.375,0,0,,4,4,1.000,6,7,13,5,0,0,1,1,16,+16,.450,.375,.000,.250,17.4,22.9,20.0,25.7,0.0,0.0,5.3,26.4,115,99
1097,201704070DAL,"8:30 PM, April 7, 2017",2017,San Antonio Spurs,Dallas Mavericks,0,Joel Anthony,29:55,2,2,1.000,0,0,,3,6,.500,1,8,9,1,0,2,1,1,7,+17,.754,1.000,.000,3.000,3.0,26.7,14.2,4.4,0.0,5.2,17.7,8.1,125,93
1098,201704070DAL,"8:30 PM, April 7, 2017",2017,San Antonio Spurs,Dallas Mavericks,0,Bryn Forbes,28:46,10,19,.526,4,9,.444,3,3,1.000,0,3,3,6,0,0,1,3,27,+9,.664,.632,.474,.158,0.0,10.4,4.9,42.9,0.0,0.0,4.7,31.9,136,101
1099,201704070DAL,"8:30 PM, April 7, 2017",2017,San Antonio Spurs,Dallas Mavericks,0,Tony Parker,0:00,0.0,0.0,0.0,0.0,0.0,0.0,0.0,0.0,0.0,0.0,0.0,0.0,0.0,0.0,0.0,0.0,0.0,0.0,0.0,0.0,0.0,0.0,0.0,0.0,0.0,0.0,0.0,0.0,0.0,0.0,0.0,0.0,0.0
1100,201704070DAL,"8:30 PM, April 7, 2017",2017,Dallas Mavericks,San Antonio Spurs,1,Yogi Ferrell,29:32,4,13,.308,1,5,.200,2,2,1.000,0,2,2,5,0,0,0,5,11,-4,.396,.346,.385,.154,0.0,6.0,3.2,25.8,0.0,0.0,0.0,22.4,93,114
1101,201704070DAL,"8:30 PM, April 7, 2017",2017,Dallas Mavericks,San Antonio Spurs,1,Harrison Barnes,17:34,3,6,.500,1,1,1.000,1,2,.500,0,1,1,1,0,0,1,0,8,+3,.581,.583,.167,.333,0.0,5.1,2.7,9.2,0.0,0.0,12.7,21.4,97,116
1102,201704070DAL,"8:30 PM, April 7, 2017",2017,Dallas Mavericks,San Antonio Spurs,1,Dirk Nowitzki,16:13,4,6,.667,0,2,.000,0,0,,0,3,3,1,0,3,1,2,8,+6,.600,.600,.000,.000,0.0,21.9,11.6,50.8,0.0,0.0,0.0,14.7,139,109
1103,201704070DAL,"8:30 PM, April 7, 2017",2017,Dallas Mavericks,San Antonio Spurs,1,Wesley Matthews,16:13,3,5,.600,0,0,,0,0,,0,4,4,5,0,0,0,0,6,+6,.667,.667,.333,.000,0.0,16.4,8.7,11.3,0.0,13.1,14.3,20.6,105,101
1104,201704070DAL,"8:30 PM, April 7, 2017",2017,Dallas Mavericks,San Antonio Spurs,1,Nerlens Noel,14:18,4,6,.667,0,0,,0,0,,2,7,9,0,0,0,0,1,8,+9,.667,.667,.000,.000,14.0,43.5,29.6,0.0,0.0,0.0,0.0,20.0,133,98
1105,201704070DAL,"8:30 PM, April 7, 2017",2017,Dallas Mavericks,San Antonio Spurs,0,Dorian Finney-Smith,29:44,2,9,.222,0,3,.000,0,0,,0,2,2,1,0,1,0,0,4,-16,.222,.222,.333,.000,0.0,6.0,3.2,4.6,0.0,2.4,0.0,14.5,50,114
1106,201704070DAL,"8:30 PM, April 7, 2017",2017,Dallas Mavericks,San Antonio Spurs,0,Dwight Powell,25:15,5,9,.556,2,6,.333,0,2,.000,2,4,6,1,0,1,1,2,12,-11,.607,.667,.667,.222,7.9,14.1,11.2,6.7,0.0,2.8,9.2,20.6,107,110
1107,201704070DAL,"8:30 PM, April 7, 2017",2017,Dallas Mavericks,San Antonio Spurs,0,Nicolas Brussino,23:45,3,8,.375,1,2,.500,0,0,,0,1,1,2,0,0,2,2,7,-27,.438,.438,.250,.000,0.0,3.7,2.0,12.7,0.0,0.0,20.0,20.1,72,116
1108,201704070DAL,"8:30 PM, April 7, 2017",2017,Dallas Mavericks,San Antonio Spurs,0,A.J. Hammons,21:19,0,2,.000,0,0,,0,0,,2,5,7,1,0,1,2,3,0,-26,.000,.000,.000,.000,9.4,20.8,15.5,5.9,0.0,3.3,50.0,9.0,43,105
1109,201704070DAL,"8:30 PM, April 7, 2017",2017,Dallas Mavericks,San Antonio Spurs,0,Jarrod Uthoff,19:50,2,9,.222,0,1,.000,0,0,,0,4,4,1,0,2,1,0,4,-22,.222,.222,.111,.000,0.0,17.9,9.5,7.3,0.0,7.1,10.0,24.1,45,106
1110,201704070DAL,"8:30 PM, April 7, 2017",2017,Dallas Mavericks,San Antonio Spurs,0,J.J. Barea,10:43,2,6,.333,2,5,.400,2,2,1.000,0,2,2,8,0,0,1,0,8,+7,.581,.500,.833,.333,0.0,16.6,8.8,100.0,0.0,0.0,12.7,35.1,128,111
1111,201704070DAL,"8:30 PM, April 7, 2017",2017,Dallas Mavericks,San Antonio Spurs,0,Devin Harris,7:47,3,3,1.000,1,1,1.000,0,0,,0,2,2,0,1,0,0,1,7,+5,1.167,1.167,.333,.000,0.0,22.8,12.1,0.0,6.6,0.0,0.0,18.4,233,93
1112,201704070DAL,"8:30 PM, April 7, 2017",2017,Dallas Mavericks,San Antonio Spurs,0,Salah Mejri,7:47,3,6,.500,0,0,,0,0,,0,1,1,0,0,0,0,1,6,+5,.500,.500,.000,.000,0.0,11.4,6.0,0.0,0.0,0.0,0.0,36.8,91,112
1113,201704070DEN,"9:00 PM, April 7, 2017",2017,New Orleans Pelicans,Denver Nuggets,1,Solomon Hill,41:06,2,8,.250,0,3,.000,1,1,1.000,1,4,5,2,3,0,1,3,5,-13,.296,.250,.375,.125,2.4,13.7,7.0,5.2,3.4,0.0,10.6,9.5,71,118
1114,201704070DEN,"9:00 PM, April 7, 2017",2017,New Orleans Pelicans,Denver Nuggets,1,Jrue Holiday,24:25,4,9,.444,1,5,.200,0,0,,0,3,3,7,1,0,2,2,9,-19,.500,.500,.556,.000,0.0,17.3,7.1,35.2,1.9,0.0,18.2,18.7,102,121
1115,201704070DEN,"9:00 PM, April 7, 2017",2017,New Orleans Pelicans,Denver Nuggets,1,Anthony Davis,23:56,11,27,.407,0,3,.000,3,5,.600,2,4,6,0,1,0,1,2,25,-2,.428,.407,.111,.185,8.2,23.6,14.5,0.0,2.0,0.0,3.3,52.3,89,119
1116,201704070DEN,"9:00 PM, April 7, 2017",2017,New Orleans Pelicans,Denver Nuggets,1,Dante Cunningham,22:29,2,3,.667,0,1,.000,0,0,,1,3,4,0,1,1,1,4,4,-13,.667,.667,.333,.000,4.4,18.8,10.3,0.0,2.1,4.6,25.0,7.4,104,117
1117,201704070DEN,"9:00 PM, April 7, 2017",2017,New Orleans Pelicans,Denver Nuggets,1,E'Twaun Moore,18:25,4,7,.571,2,4,.500,0,0,,0,2,2,1,1,0,2,1,10,-13,.714,.714,.571,.000,0.0,15.3,6.3,7.1,2.6,0.0,22.2,20.3,108,120
1118,201704070DEN,"9:00 PM, April 7, 2017",2017,New Orleans Pelicans,Denver Nuggets,0,Jordan Crawford,30:02,10,16,.625,0,3,.000,0,1,.000,0,1,1,3,1,0,2,0,20,-3,.608,.625,.188,.063,0.0,4.7,1.9,15.5,1.6,0.0,10.8,25.5,111,125
1119,201704070DEN,"9:00 PM, April 7, 2017",2017,New Orleans Pelicans,Denver Nuggets,0,Alexis Ajinca,27:41,7,10,.700,0,1,.000,1,1,1.000,4,3,7,0,1,1,1,4,15,-5,.718,.700,.100,.100,14.2,15.3,14.6,0.0,1.7,3.8,8.7,17.1,139,119
1120,201704070DEN,"9:00 PM, April 7, 2017",2017,New Orleans Pelicans,Denver Nuggets,0,Quinn Cook,23:35,4,9,.444,0,1,.000,0,0,,0,1,1,4,0,0,1,1,8,+3,.444,.444,.111,.000,0.0,6.0,2.5,21.0,0.0,0.0,10.0,17.6,95,128
1121,201704070DEN,"9:00 PM, April 7, 2017",2017,New Orleans Pelicans,Denver Nuggets,0,Donatas Motiejunas,16:21,1,4,.250,0,2,.000,2,3,.667,1,0,1,1,2,0,0,0,4,-17,.376,.250,.500,.750,6.0,0.0,3.5,6.7,5.8,0.0,0.0,13.5,98,116
1122,201704070DEN,"9:00 PM, April 7, 2017",2017,New Orleans Pelicans,Denver Nuggets,0,Cheick Diallo,12:00,2,6,.333,0,0,,2,2,1.000,1,2,3,1,0,1,0,2,6,+2,.436,.333,.000,.333,8.2,23.5,14.5,10.3,0.0,8.7,0.0,23.8,106,119
1123,201704070DEN,"9:00 PM, April 7, 2017",2017,New Orleans Pelicans,Denver Nuggets,0,Tim Frazier,0:00,0.0,0.0,0.0,0.0,0.0,0.0,0.0,0.0,0.0,0.0,0.0,0.0,0.0,0.0,0.0,0.0,0.0,0.0,0.0,0.0,0.0,0.0,0.0,0.0,0.0,0.0,0.0,0.0,0.0,0.0,0.0,0.0,0.0
1124,201704070DEN,"9:00 PM, April 7, 2017",2017,Denver Nuggets,New Orleans Pelicans,1,Jamal Murray,37:47,10,14,.714,2,6,.333,8,8,1.000,2,2,4,5,2,0,3,0,30,+12,.856,.786,.429,.571,7.5,5.2,6.1,21.0,2.5,0.0,14.6,23.1,155,106
1125,201704070DEN,"9:00 PM, April 7, 2017",2017,Denver Nuggets,New Orleans Pelicans,1,Gary Harris,37:24,7,14,.500,3,7,.429,3,3,1.000,0,6,6,9,1,0,1,1,20,+22,.653,.607,.500,.214,0.0,15.7,9.3,34.0,1.3,0.0,6.1,18.5,149,106
1126,201704070DEN,"9:00 PM, April 7, 2017",2017,Denver Nuggets,New Orleans Pelicans,1,Danilo Gallinari,32:44,4,11,.364,2,6,.333,3,4,.750,0,4,4,2,0,0,1,1,13,+23,.509,.455,.545,.364,0.0,12.0,7.1,7.9,0.0,0.0,7.3,17.8,111,109
1127,201704070DEN,"9:00 PM, April 7, 2017",2017,Denver Nuggets,New Orleans Pelicans,1,Nikola Jokic,29:04,9,13,.692,2,2,1.000,3,4,.750,3,9,12,5,2,0,7,1,23,+18,.779,.769,.154,.308,14.6,30.3,23.9,29.3,3.2,0.0,32.2,31.8,111,99
1128,201704070DEN,"9:00 PM, April 7, 2017",2017,Denver Nuggets,New Orleans Pelicans,1,Kenneth Faried,16:46,3,5,.600,0,0,,1,3,.333,1,5,6,1,1,0,2,2,7,+1,.554,.600,.000,.600,8.4,29.2,20.7,8.3,2.8,0.0,24.0,21.1,92,100
1129,201704070DEN,"9:00 PM, April 7, 2017",2017,Denver Nuggets,New Orleans Pelicans,0,Wilson Chandler,29:09,3,6,.500,1,4,.250,0,0,,0,7,7,2,2,0,0,4,7,+15,.583,.583,.667,.000,0.0,23.5,13.9,8.7,3.2,0.0,0.0,8.7,136,100
1130,201704070DEN,"9:00 PM, April 7, 2017",2017,Denver Nuggets,New Orleans Pelicans,0,Mason Plumlee,26:38,3,6,.500,0,0,,2,6,.333,4,3,7,3,0,3,2,3,8,+14,.463,.500,.000,1.000,21.2,11.0,15.2,14.4,0.0,7.1,18.8,17.0,107,103
1131,201704070DEN,"9:00 PM, April 7, 2017",2017,Denver Nuggets,New Orleans Pelicans,0,Emmanuel Mudiay,18:04,3,5,.600,2,3,.667,1,2,.500,1,1,2,4,1,0,1,2,9,+6,.765,.800,.600,.400,7.8,5.4,6.4,30.3,2.6,0.0,14.5,16.2,149,105
1132,201704070DEN,"9:00 PM, April 7, 2017",2017,Denver Nuggets,New Orleans Pelicans,0,Juan Hernangomez,4:09,1,3,.333,1,3,.333,2,2,1.000,0,1,1,0,0,0,2,0,5,-7,.644,.500,1.000,.667,0.0,23.6,13.9,0.0,0.0,0.0,34.0,60.1,84,107
1133,201704070DEN,"9:00 PM, April 7, 2017",2017,Denver Nuggets,New Orleans Pelicans,0,Malik Beasley,2:45,0,0,,0,0,,0,0,,0,0,0,0,0,0,1,0,0,-8,,,,,0.0,0.0,0.0,0.0,0.0,0.0,100.0,15.4,0,112
1134,201704070DEN,"9:00 PM, April 7, 2017",2017,Denver Nuggets,New Orleans Pelicans,0,Mike Miller,2:45,0,1,.000,0,1,.000,0,0,,0,1,1,0,0,0,0,0,0,-8,,,,,0.0,0.0,0.0,0.0,0.0,23.0,100.0,15.4,0,90
1135,201704070DEN,"9:00 PM, April 7, 2017",2017,Denver Nuggets,New Orleans Pelicans,0,Roy Hibbert,2:45,0,0,,0,0,,0,0,,0,0,0,0,0,1,1,1,0,-8,.000,.000,1.000,.000,0.0,35.6,21.0,0.0,0.0,0.0,0.0,15.4,0,104
1136,201704070DEN,"9:00 PM, April 7, 2017",2017,Denver Nuggets,New Orleans Pelicans,0,Darrell Arthur,0:00,0.0,0.0,0.0,0.0,0.0,0.0,0.0,0.0,0.0,0.0,0.0,0.0,0.0,0.0,0.0,0.0,0.0,0.0,0.0,0.0,0.0,0.0,0.0,0.0,0.0,0.0,0.0,0.0,0.0,0.0,0.0,0.0,0.0
1137,201704070HOU,"8:00 PM, April 7, 2017",2017,Detroit Pistons,Houston Rockets,1,Ish Smith,29:30,9,17,.529,0,1,.000,2,2,1.000,1,2,3,5,0,0,1,2,20,-12,.559,.529,.059,.118,2.8,7.1,4.7,25.9,0.0,0.0,5.3,25.4,121,116
1138,201704070HOU,"8:00 PM, April 7, 2017",2017,Detroit Pistons,Houston Rockets,1,Henry Ellenson,25:35,6,16,.375,1,8,.125,2,2,1.000,2,9,11,0,0,1,1,1,15,-4,.444,.406,.500,.125,6.5,36.7,19.8,0.0,0.0,5.2,5.6,27.7,96,105
1139,201704070HOU,"8:00 PM, April 7, 2017",2017,Detroit Pistons,Houston Rockets,1,Kentavious Caldwell-Pope,22:59,1,6,.167,0,3,.000,0,0,,1,4,5,3,1,0,1,1,2,-16,.167,.167,.500,.000,3.6,18.2,10.0,14.3,2.1,0.0,14.3,12.1,62,108
1140,201704070HOU,"8:00 PM, April 7, 2017",2017,Detroit Pistons,Houston Rockets,1,Andre Drummond,20:11,4,11,.364,0,0,,0,2,.000,5,4,9,1,1,0,1,3,8,-5,.337,.364,.000,.182,20.5,20.7,20.6,6.5,2.4,0.0,7.8,25.3,87,106
1141,201704070HOU,"8:00 PM, April 7, 2017",2017,Detroit Pistons,Houston Rockets,1,Marcus Morris,16:21,1,6,.167,0,2,.000,0,0,,1,0,1,1,0,0,0,1,2,-15,.167,.167,.333,.000,5.1,0.0,2.8,6.8,0.0,0.0,0.0,14.6,60,118
1142,201704070HOU,"8:00 PM, April 7, 2017",2017,Detroit Pistons,Houston Rockets,0,Stanley Johnson,31:55,4,9,.444,3,5,.600,2,2,1.000,1,3,4,4,0,0,1,3,13,+20,.658,.611,.556,.222,2.6,9.8,5.8,15.0,0.0,0.0,9.2,13.5,136,115
1143,201704070HOU,"8:00 PM, April 7, 2017",2017,Detroit Pistons,Houston Rockets,0,Boban Marjanovic,27:33,12,18,.667,0,0,,3,4,.750,2,10,12,2,0,0,0,2,27,+10,.683,.667,.000,.222,6.0,37.9,20.1,13.9,0.0,0.0,0.0,28.4,145,107
1144,201704070HOU,"8:00 PM, April 7, 2017",2017,Detroit Pistons,Houston Rockets,0,Reggie Bullock,25:01,2,6,.333,2,3,.667,0,0,,2,1,3,4,1,0,0,1,6,+20,.500,.500,.500,.000,6.6,4.2,5.5,18.2,1.9,0.0,0.0,9.5,137,112
1145,201704070HOU,"8:00 PM, April 7, 2017",2017,Detroit Pistons,Houston Rockets,0,Tobias Harris,22:26,5,12,.417,3,4,.750,4,4,1.000,2,4,6,2,1,0,0,1,17,+10,.618,.542,.333,.333,7.4,18.6,12.3,12.1,2.2,0.0,0.0,24.3,143,107
1146,201704070HOU,"8:00 PM, April 7, 2017",2017,Detroit Pistons,Houston Rockets,0,Beno Udrih,18:30,2,7,.286,0,0,,0,0,,1,0,1,5,1,0,1,2,4,+17,.286,.286,.000,.000,4.5,0.0,2.5,31.8,2.6,0.0,12.5,17.1,86,111
1147,201704070HOU,"8:00 PM, April 7, 2017",2017,Detroit Pistons,Houston Rockets,0,Aron Baynes,0:00,0.0,0.0,0.0,0.0,0.0,0.0,0.0,0.0,0.0,0.0,0.0,0.0,0.0,0.0,0.0,0.0,0.0,0.0,0.0,0.0,0.0,0.0,0.0,0.0,0.0,0.0,0.0,0.0,0.0,0.0,0.0,0.0,0.0
1148,201704070HOU,"8:00 PM, April 7, 2017",2017,Detroit Pistons,Houston Rockets,0,Darrun Hilliard,0:00,0.0,0.0,0.0,0.0,0.0,0.0,0.0,0.0,0.0,0.0,0.0,0.0,0.0,0.0,0.0,0.0,0.0,0.0,0.0,0.0,0.0,0.0,0.0,0.0,0.0,0.0,0.0,0.0,0.0,0.0,0.0,0.0,0.0
1149,201704070HOU,"8:00 PM, April 7, 2017",2017,Detroit Pistons,Houston Rockets,0,Jon Leuer,0:00,0.0,0.0,0.0,0.0,0.0,0.0,0.0,0.0,0.0,0.0,0.0,0.0,0.0,0.0,0.0,0.0,0.0,0.0,0.0,0.0,0.0,0.0,0.0,0.0,0.0,0.0,0.0,0.0,0.0,0.0,0.0,0.0,0.0
1150,201704070HOU,"8:00 PM, April 7, 2017",2017,Houston Rockets,Detroit Pistons,1,James Harden,37:33,10,25,.400,7,19,.368,6,7,.857,2,7,9,12,0,1,1,4,33,+8,.588,.540,.760,.280,5.6,15.4,11.1,66.1,0.0,1.6,3.4,33.7,133,115
1151,201704070HOU,"8:00 PM, April 7, 2017",2017,Houston Rockets,Detroit Pistons,1,Trevor Ariza,35:29,1,11,.091,1,8,.125,3,4,.750,1,6,7,3,1,0,1,1,6,+2,.235,.136,.727,.364,2.9,14.0,9.1,11.7,1.4,0.0,7.3,16.9,66,114
1152,201704070HOU,"8:00 PM, April 7, 2017",2017,Houston Rockets,Detroit Pistons,1,Patrick Beverley,31:10,1,3,.333,1,3,.333,3,5,.600,2,11,13,5,0,1,0,2,6,-9,.577,.500,1.000,1.667,6.7,29.2,19.3,22.3,0.0,1.9,0.0,7.3,157,109
1153,201704070HOU,"8:00 PM, April 7, 2017",2017,Houston Rockets,Detroit Pistons,1,Ryan Anderson,13:05,3,6,.500,3,5,.600,0,0,,0,3,3,0,0,1,0,0,9,-1,.750,.750,.833,.000,0.0,19.0,10.6,0.0,0.0,4.5,0.0,20.0,130,112
1154,201704070HOU,"8:00 PM, April 7, 2017",2017,Houston Rockets,Detroit Pistons,1,Nene Hilario,12:59,4,7,.571,0,0,,0,2,.000,3,3,6,2,0,0,0,1,8,+11,.508,.571,.000,.286,24.1,19.1,21.3,34.9,0.0,0.0,0.0,26.4,123,115
1155,201704070HOU,"8:00 PM, April 7, 2017",2017,Houston Rockets,Detroit Pistons,0,Eric Gordon,31:14,5,14,.357,3,10,.300,0,0,,0,5,5,0,0,0,3,0,13,-20,.464,.464,.714,.000,0.0,13.2,7.4,0.0,0.0,0.0,17.6,23.7,71,118
1156,201704070HOU,"8:00 PM, April 7, 2017",2017,Houston Rockets,Detroit Pistons,0,Montrezl Harrell,26:34,5,6,.833,0,0,,3,4,.750,0,2,2,2,0,2,2,4,13,-16,.838,.833,.000,.667,0.0,6.2,3.5,13.4,0.0,4.4,20.5,16.0,130,118
1157,201704070HOU,"8:00 PM, April 7, 2017",2017,Houston Rockets,Detroit Pistons,0,Lou Williams,21:47,4,8,.500,1,4,.250,6,6,1.000,0,2,2,0,0,0,1,0,15,-7,.705,.563,.500,.750,0.0,7.6,4.2,0.0,0.0,0.0,8.6,23.2,130,121
1158,201704070HOU,"8:00 PM, April 7, 2017",2017,Houston Rockets,Detroit Pistons,0,Troy Williams,21:42,2,5,.400,0,2,.000,0,0,,1,1,2,0,1,0,1,3,4,+7,.400,.400,.400,.000,4.8,3.8,4.3,0.0,2.2,0.0,16.7,12.0,74,117
1159,201704070HOU,"8:00 PM, April 7, 2017",2017,Houston Rockets,Detroit Pistons,0,Chinanu Onuaku,8:27,1,2,.500,0,0,,0,0,,0,0,0,1,1,1,2,0,2,0,.500,.500,.000,.000,0.0,0.0,0.0,18.7,5.7,6.9,50.0,20.6,56,107
1160,201704070HOU,"8:00 PM, April 7, 2017",2017,Houston Rockets,Detroit Pistons,0,Bobby Brown,0:00,0.0,0.0,0.0,0.0,0.0,0.0,0.0,0.0,0.0,0.0,0.0,0.0,0.0,0.0,0.0,0.0,0.0,0.0,0.0,0.0,0.0,0.0,0.0,0.0,0.0,0.0,0.0,0.0,0.0,0.0,0.0,0.0,0.0
1161,201704070HOU,"8:00 PM, April 7, 2017",2017,Houston Rockets,Detroit Pistons,0,Kyle Wiltjer,0:00,0.0,0.0,0.0,0.0,0.0,0.0,0.0,0.0,0.0,0.0,0.0,0.0,0.0,0.0,0.0,0.0,0.0,0.0,0.0,0.0,0.0,0.0,0.0,0.0,0.0,0.0,0.0,0.0,0.0,0.0,0.0,0.0,0.0
1162,201704070HOU,"8:00 PM, April 7, 2017",2017,Houston Rockets,Detroit Pistons,0,Isaiah Taylor,0:00,0.0,0.0,0.0,0.0,0.0,0.0,0.0,0.0,0.0,0.0,0.0,0.0,0.0,0.0,0.0,0.0,0.0,0.0,0.0,0.0,0.0,0.0,0.0,0.0,0.0,0.0,0.0,0.0,0.0,0.0,0.0,0.0,0.0
1163,201704070LAL,"10:30 PM, April 7, 2017",2017,Sacramento Kings,Los Angeles Lakers,1,Skal Labissiere,32:30,8,13,.615,1,1,1.000,2,2,1.000,1,2,3,0,1,2,1,1,19,+1,.684,.654,.077,.154,4.2,6.4,5.5,0.0,1.6,4.8,6.7,21.2,128,107
1164,201704070LAL,"10:30 PM, April 7, 2017",2017,Sacramento Kings,Los Angeles Lakers,1,Buddy Hield,30:22,7,14,.500,3,5,.600,0,0,,0,1,1,2,1,0,4,2,17,+1,.607,.607,.357,.000,0.0,3.4,2.0,11.7,1.7,0.0,22.2,27.4,92,110
1165,201704070LAL,"10:30 PM, April 7, 2017",2017,Sacramento Kings,Los Angeles Lakers,1,Darren Collison,27:59,5,8,.625,1,2,.500,4,4,1.000,0,5,5,10,1,0,4,0,15,+14,.768,.688,.250,.500,0.0,18.6,10.6,58.3,1.9,0.0,29.1,22.8,129,104
1166,201704070LAL,"10:30 PM, April 7, 2017",2017,Sacramento Kings,Los Angeles Lakers,1,Willie Cauley-Stein,22:53,6,11,.545,0,0,,2,4,.500,5,2,7,0,0,3,1,2,14,0,.549,.545,.000,.364,30.0,9.1,18.1,0.0,0.0,10.1,7.3,27.8,115,106
1167,201704070LAL,"10:30 PM, April 7, 2017",2017,Sacramento Kings,Los Angeles Lakers,1,Arron Afflalo,19:11,1,2,.500,0,1,.000,0,0,,0,2,2,1,0,0,2,2,2,+4,.500,.500,.500,.000,0.0,10.9,6.2,7.0,0.0,0.0,50.0,9.6,57,111
1168,201704070LAL,"10:30 PM, April 7, 2017",2017,Sacramento Kings,Los Angeles Lakers,0,Ben McLemore,26:24,3,6,.500,2,4,.500,1,1,1.000,0,3,3,2,0,0,3,3,9,-9,.699,.667,.667,.167,0.0,11.9,6.7,11.2,0.0,0.0,31.8,16.5,95,110
1169,201704070LAL,"10:30 PM, April 7, 2017",2017,Sacramento Kings,Los Angeles Lakers,0,Georgios Papagiannis,25:07,5,8,.625,0,0,,0,0,,3,7,10,3,0,0,2,4,10,-4,.625,.625,.000,.000,16.4,29.1,23.6,20.2,0.0,0.0,20.0,18.4,116,103
1170,201704070LAL,"10:30 PM, April 7, 2017",2017,Sacramento Kings,Los Angeles Lakers,0,Tyreke Evans,20:03,1,4,.250,0,1,.000,1,2,.500,1,2,3,2,1,0,3,2,3,-4,.307,.250,.250,.500,6.8,10.4,8.9,13.4,2.6,0.0,38.1,18.2,59,105
1171,201704070LAL,"10:30 PM, April 7, 2017",2017,Sacramento Kings,Los Angeles Lakers,0,Langston Galloway,20:01,2,7,.286,1,4,.250,0,0,,0,3,3,5,1,0,1,1,5,-18,.357,.357,.571,.000,0.0,15.6,8.9,36.1,2.6,0.0,12.5,18.5,96,103
1172,201704070LAL,"10:30 PM, April 7, 2017",2017,Sacramento Kings,Los Angeles Lakers,0,Anthony Tolliver,15:30,0,2,.000,0,2,.000,0,0,,0,3,3,2,0,1,2,2,0,-5,.000,.000,1.000,.000,0.0,20.2,11.5,16.3,0.0,5.0,50.0,11.9,30,104
1173,201704070LAL,"10:30 PM, April 7, 2017",2017,Los Angeles Lakers,Sacramento Kings,1,Julius Randle,33:40,10,13,.769,0,2,.000,5,7,.714,4,1,5,2,0,0,2,3,25,0,.777,.769,.154,.538,12.4,4.1,8.8,12.0,0.0,0.0,11.1,23.2,145,111
1174,201704070LAL,"10:30 PM, April 7, 2017",2017,Los Angeles Lakers,Sacramento Kings,1,D'Angelo Russell,33:17,4,10,.400,2,5,.400,3,3,1.000,0,5,5,5,1,0,4,1,13,-5,.574,.500,.500,.300,0.0,20.6,8.9,22.4,1.6,0.0,26.1,19.9,99,103
1175,201704070LAL,"10:30 PM, April 7, 2017",2017,Los Angeles Lakers,Sacramento Kings,1,Jordan Clarkson,30:09,5,12,.417,2,6,.333,0,0,,0,3,3,6,0,0,1,0,12,+12,.500,.500,.500,.000,0.0,13.6,5.9,31.8,0.0,0.0,7.7,18.6,116,109
1176,201704070LAL,"10:30 PM, April 7, 2017",2017,Los Angeles Lakers,Sacramento Kings,1,Larry Nance,28:02,2,5,.400,0,1,.000,3,4,.750,4,7,11,2,3,0,1,3,7,+2,.518,.400,.200,.800,14.9,34.2,23.3,9.9,5.6,0.0,12.9,12.0,121,91
1177,201704070LAL,"10:30 PM, April 7, 2017",2017,Los Angeles Lakers,Sacramento Kings,1,Brandon Ingram,25:04,6,14,.429,0,2,.000,2,3,.667,2,0,2,1,2,0,1,1,14,-5,.457,.429,.143,.214,8.3,0.0,4.7,7.2,4.2,0.0,6.1,28.2,102,102
1178,201704070LAL,"10:30 PM, April 7, 2017",2017,Los Angeles Lakers,Sacramento Kings,0,Tyler Ennis,23:44,2,9,.222,0,3,.000,0,0,,0,1,1,2,1,0,0,0,4,+5,.222,.222,.333,.000,0.0,5.8,2.5,11.9,2.2,0.0,0.0,16.4,67,106
1179,201704070LAL,"10:30 PM, April 7, 2017",2017,Los Angeles Lakers,Sacramento Kings,0,Corey Brewer,22:12,2,7,.286,0,2,.000,2,2,1.000,0,2,2,1,2,0,4,1,6,+2,.381,.286,.286,.286,0.0,12.4,5.3,6.4,4.7,0.0,33.7,23.1,58,98
1180,201704070LAL,"10:30 PM, April 7, 2017",2017,Los Angeles Lakers,Sacramento Kings,0,Tarik Black,19:58,3,7,.429,0,0,,0,0,,3,2,5,0,2,1,0,4,6,+2,.429,.429,.000,.000,15.7,13.7,14.8,0.0,5.2,4.4,0.0,15.2,112,94
1181,201704070LAL,"10:30 PM, April 7, 2017",2017,Los Angeles Lakers,Sacramento Kings,0,Thomas Robinson,14:20,4,6,.667,0,0,,1,4,.250,2,3,5,0,0,0,1,1,9,+4,.580,.667,.000,.667,14.6,28.7,20.7,0.0,0.0,0.0,11.4,26.4,106,105
1182,201704070LAL,"10:30 PM, April 7, 2017",2017,Los Angeles Lakers,Sacramento Kings,0,Metta World Peace,9:34,0,3,.000,0,3,.000,2,2,1.000,1,1,2,1,1,0,0,1,2,+3,.258,.000,1.000,.667,10.9,14.3,12.4,13.2,5.5,0.0,0.0,17.5,91,96
1183,201704070LAL,"10:30 PM, April 7, 2017",2017,Los Angeles Lakers,Sacramento Kings,0,David Nwaba,0:00,0.0,0.0,0.0,0.0,0.0,0.0,0.0,0.0,0.0,0.0,0.0,0.0,0.0,0.0,0.0,0.0,0.0,0.0,0.0,0.0,0.0,0.0,0.0,0.0,0.0,0.0,0.0,0.0,0.0,0.0,0.0,0.0,0.0
1184,201704070LAL,"10:30 PM, April 7, 2017",2017,Los Angeles Lakers,Sacramento Kings,0,Nick Young,0:00,0.0,0.0,0.0,0.0,0.0,0.0,0.0,0.0,0.0,0.0,0.0,0.0,0.0,0.0,0.0,0.0,0.0,0.0,0.0,0.0,0.0,0.0,0.0,0.0,0.0,0.0,0.0,0.0,0.0,0.0,0.0,0.0,0.0
1185,201704070LAL,"10:30 PM, April 7, 2017",2017,Los Angeles Lakers,Sacramento Kings,0,Timofey Mozgov,0:00,0.0,0.0,0.0,0.0,0.0,0.0,0.0,0.0,0.0,0.0,0.0,0.0,0.0,0.0,0.0,0.0,0.0,0.0,0.0,0.0,0.0,0.0,0.0,0.0,0.0,0.0,0.0,0.0,0.0,0.0,0.0,0.0,0.0
1186,201704070MEM,"8:00 PM, April 7, 2017",2017,New York Knicks,Memphis Grizzlies,1,Ron Baker,30:30,1,7,.143,0,3,.000,0,0,,0,2,2,7,0,0,1,2,2,+6,.143,.143,.429,.000,0.0,9.5,4.0,30.2,0.0,0.0,12.5,12.6,70,130
1187,201704070MEM,"8:00 PM, April 7, 2017",2017,New York Knicks,Memphis Grizzlies,1,Willy Hernangomez,29:18,4,7,.571,0,0,,3,5,.600,3,7,10,3,2,0,2,4,11,+12,.598,.571,.000,.714,10.7,34.8,20.7,15.6,4.0,0.0,17.9,18.4,116,115
1188,201704070MEM,"8:00 PM, April 7, 2017",2017,New York Knicks,Memphis Grizzlies,1,Maurice Ndour,28:43,7,9,.778,0,0,,1,2,.500,2,5,7,0,1,3,1,1,15,-3,.759,.778,.000,.222,7.3,25.3,14.8,0.0,2.0,10.4,9.2,18.2,138,113
1189,201704070MEM,"8:00 PM, April 7, 2017",2017,New York Knicks,Memphis Grizzlies,1,Courtney Lee,27:34,7,13,.538,2,4,.500,0,0,,1,2,3,3,1,0,0,0,16,-3,.615,.615,.308,.000,3.8,10.6,6.6,20.2,2.1,0.0,0.0,22.7,139,124
1190,201704070MEM,"8:00 PM, April 7, 2017",2017,New York Knicks,Memphis Grizzlies,1,Justin Holiday,27:16,5,13,.385,2,7,.286,0,0,,1,1,2,2,3,0,1,0,12,+2,.462,.462,.538,.000,3.8,5.3,4.5,12.1,6.4,0.0,7.1,24.7,101,115
1191,201704070MEM,"8:00 PM, April 7, 2017",2017,New York Knicks,Memphis Grizzlies,0,Mindaugas Kuzminskas,22:46,5,12,.417,0,4,.000,0,0,,0,1,1,0,0,0,0,0,10,-11,.417,.417,.333,.000,0.0,6.4,2.7,0.0,0.0,0.0,0.0,25.4,92,130
1192,201704070MEM,"8:00 PM, April 7, 2017",2017,New York Knicks,Memphis Grizzlies,0,Sasha Vujacic,21:08,2,8,.250,2,7,.286,1,2,.500,2,3,5,3,0,0,0,2,7,-15,.394,.375,.875,.250,9.9,20.6,14.4,20.4,0.0,0.0,0.0,20.2,112,127
1193,201704070MEM,"8:00 PM, April 7, 2017",2017,New York Knicks,Memphis Grizzlies,0,Kyle O'Quinn,20:13,4,8,.500,0,1,.000,1,2,.500,1,2,3,2,1,1,0,4,9,-21,.507,.500,.125,.250,5.2,14.4,9.0,16.7,2.9,4.9,0.0,21.1,121,118
1194,201704070MEM,"8:00 PM, April 7, 2017",2017,New York Knicks,Memphis Grizzlies,0,Chasson Randle,17:30,1,6,.167,0,2,.000,0,0,,0,1,1,0,0,0,1,0,2,-19,.167,.167,.333,.000,0.0,8.3,3.5,0.0,0.0,0.0,14.3,19.3,34,130
1195,201704070MEM,"8:00 PM, April 7, 2017",2017,New York Knicks,Memphis Grizzlies,0,Marshall Plumlee,15:02,2,5,.400,0,0,,0,2,.000,5,2,7,0,0,0,0,3,4,-13,.340,.400,.000,.400,34.7,19.4,28.3,0.0,0.0,0.0,0.0,18.8,104,127
1196,201704070MEM,"8:00 PM, April 7, 2017",2017,Memphis Grizzlies,New York Knicks,1,Marc Gasol,34:16,4,13,.308,2,4,.500,6,6,1.000,0,10,10,3,0,3,2,3,16,+8,.512,.385,.308,.462,0.0,30.5,17.7,13.0,0.0,7.0,11.3,26.8,105,98
1197,201704070MEM,"8:00 PM, April 7, 2017",2017,Memphis Grizzlies,New York Knicks,1,Mike Conley,33:43,12,17,.706,7,11,.636,0,0,,0,3,3,6,1,0,3,0,31,+14,.912,.912,.647,.000,0.0,9.3,5.4,40.8,1.7,0.0,15.0,30.9,153,110
1198,201704070MEM,"8:00 PM, April 7, 2017",2017,Memphis Grizzlies,New York Knicks,1,JaMychal Green,29:08,4,7,.571,1,2,.500,1,2,.500,2,3,5,1,0,1,1,1,10,-1,.635,.643,.286,.286,10.0,10.7,10.4,5.2,0.0,2.7,11.3,15.9,125,110
1199,201704070MEM,"8:00 PM, April 7, 2017",2017,Memphis Grizzlies,New York Knicks,1,Vince Carter,28:18,4,5,.800,4,5,.800,0,0,,0,4,4,3,1,2,0,0,12,+7,1.200,1.200,1.000,.000,0.0,14.7,8.6,16.3,2.1,5.7,0.0,9.2,232,103
1200,201704070MEM,"8:00 PM, April 7, 2017",2017,Memphis Grizzlies,New York Knicks,1,Tony Allen,19:28,5,8,.625,0,0,,0,0,,2,2,4,0,0,0,0,1,10,+1,.625,.625,.000,.000,14.9,10.7,12.5,0.0,0.0,0.0,0.0,21.4,135,112
1201,201704070MEM,"8:00 PM, April 7, 2017",2017,Memphis Grizzlies,New York Knicks,0,Wayne Selden,31:38,5,7,.714,0,0,,3,4,.750,1,1,2,2,0,0,3,3,13,+11,.742,.714,.000,.571,4.6,3.3,3.8,10.0,0.0,0.0,25.5,19.3,117,115
1202,201704070MEM,"8:00 PM, April 7, 2017",2017,Memphis Grizzlies,New York Knicks,0,Andrew Harrison,22:04,0,5,.000,0,3,.000,0,0,,0,4,4,3,1,0,1,4,0,0,.000,.000,.600,.000,0.0,18.9,11.0,17.2,2.6,0.0,16.7,14.1,38,101
1203,201704070MEM,"8:00 PM, April 7, 2017",2017,Memphis Grizzlies,New York Knicks,0,Zach Randolph,14:48,1,8,.125,0,0,,0,0,,1,3,4,1,0,0,2,1,2,+3,.125,.125,.000,.000,9.8,21.2,16.4,9.3,0.0,0.0,20.0,35.1,38,107
1204,201704070MEM,"8:00 PM, April 7, 2017",2017,Memphis Grizzlies,New York Knicks,0,Brandan Wright,14:29,2,2,1.000,0,0,,0,0,,1,1,2,1,0,2,0,0,4,+17,1.000,1.000,.000,.000,10.0,7.2,8.4,10.6,0.0,11.0,0.0,7.2,212,107
1205,201704070MEM,"8:00 PM, April 7, 2017",2017,Memphis Grizzlies,New York Knicks,0,Troy Daniels,7:52,0,1,.000,0,1,.000,0,0,,0,0,0,0,0,0,0,1,0,+7,.000,.000,1.000,.000,0.0,0.0,0.0,0.0,0.0,0.0,0.0,6.6,0,116
1206,201704070MEM,"8:00 PM, April 7, 2017",2017,Memphis Grizzlies,New York Knicks,0,Wade Baldwin,2:32,1,1,1.000,1,1,1.000,0,0,,0,0,0,0,0,0,0,0,3,-2,1.500,1.500,1.000,.000,0.0,0.0,0.0,0.0,0.0,0.0,0.0,20.5,300,117
1207,201704070MEM,"8:00 PM, April 7, 2017",2017,Memphis Grizzlies,New York Knicks,0,Deyonta Davis,1:44,0,1,.000,0,0,,0,0,,0,0,0,0,0,1,0,0,0,0,.000,.000,.000,.000,0.0,0.0,0.0,0.0,0.0,46.2,0.0,30.0,0,89
1208,201704070MEM,"8:00 PM, April 7, 2017",2017,Memphis Grizzlies,New York Knicks,0,James Ennis,0:00,0.0,0.0,0.0,0.0,0.0,0.0,0.0,0.0,0.0,0.0,0.0,0.0,0.0,0.0,0.0,0.0,0.0,0.0,0.0,0.0,0.0,0.0,0.0,0.0,0.0,0.0,0.0,0.0,0.0,0.0,0.0,0.0,0.0
1209,201704070PHO,"10:00 PM, April 7, 2017",2017,Oklahoma City Thunder,Phoenix Suns,1,Doug McDermott,40:08,4,9,.444,2,6,.333,1,2,.500,1,4,5,0,0,0,0,2,11,-25,.557,.556,.667,.222,2.2,12.6,6.4,0.0,0.0,0.0,0.0,10.2,133,136
1210,201704070PHO,"10:00 PM, April 7, 2017",2017,Oklahoma City Thunder,Phoenix Suns,1,Russell Westbrook,36:24,6,25,.240,2,12,.167,9,9,1.000,6,6,12,8,0,1,8,5,23,-15,.397,.280,.480,.360,14.4,20.8,17.0,40.4,0.0,2.0,21.6,42.2,88,132
1211,201704070PHO,"10:00 PM, April 7, 2017",2017,Oklahoma City Thunder,Phoenix Suns,1,Steven Adams,32:46,4,10,.400,0,0,,4,6,.667,8,3,11,2,0,0,0,2,12,-13,.475,.400,.000,.600,21.3,11.6,17.3,10.4,0.0,0.0,0.0,16.0,133,137
1212,201704070PHO,"10:00 PM, April 7, 2017",2017,Oklahoma City Thunder,Phoenix Suns,1,Victor Oladipo,27:18,3,8,.375,0,2,.000,1,5,.200,1,2,3,3,0,0,1,4,7,-22,.343,.375,.250,.625,3.2,9.3,5.7,18.4,0.0,0.0,8.9,17.0,84,137
1213,201704070PHO,"10:00 PM, April 7, 2017",2017,Oklahoma City Thunder,Phoenix Suns,1,Taj Gibson,15:57,6,10,.600,0,0,,0,0,,0,4,4,0,0,1,0,1,12,-1,.600,.600,.000,.000,0.0,31.7,12.9,0.0,0.0,4.6,0.0,26.1,131,128
1214,201704070PHO,"10:00 PM, April 7, 2017",2017,Oklahoma City Thunder,Phoenix Suns,0,Enes Kanter,20:01,5,14,.357,0,1,.000,7,7,1.000,3,1,4,0,0,0,0,3,17,-17,.498,.357,.071,.500,13.1,6.3,10.3,0.0,0.0,0.0,0.0,35.5,128,138
1215,201704070PHO,"10:00 PM, April 7, 2017",2017,Oklahoma City Thunder,Phoenix Suns,0,Jerami Grant,18:39,1,5,.200,1,3,.333,1,2,.500,1,3,4,0,0,1,0,1,4,-5,.340,.300,.600,.400,4.7,20.3,11.1,0.0,0.0,4.0,0.0,13.1,95,131
1216,201704070PHO,"10:00 PM, April 7, 2017",2017,Oklahoma City Thunder,Phoenix Suns,0,Semaj Christon,17:50,1,4,.250,0,1,.000,0,0,,0,2,2,0,0,0,0,2,2,-4,.250,.250,.250,.000,0.0,14.2,5.8,0.0,0.0,0.0,0.0,9.3,67,136
1217,201704070PHO,"10:00 PM, April 7, 2017",2017,Oklahoma City Thunder,Phoenix Suns,0,Kyle Singler,12:00,1,2,.500,0,1,.000,0,0,,2,0,2,0,0,0,0,1,2,+2,.500,.500,.500,.000,14.5,0.0,8.6,0.0,0.0,0.0,0.0,6.9,139,140
1218,201704070PHO,"10:00 PM, April 7, 2017",2017,Oklahoma City Thunder,Phoenix Suns,0,Norris Cole,10:20,1,2,.500,1,2,.500,0,0,,0,1,1,0,1,0,0,4,3,+1,.750,.750,1.000,.000,0.0,12.2,5.0,0.0,5.2,0.0,0.0,8.0,171,125
1219,201704070PHO,"10:00 PM, April 7, 2017",2017,Oklahoma City Thunder,Phoenix Suns,0,Domantas Sabonis,8:37,2,3,.667,1,2,.500,1,2,.500,0,0,0,0,0,0,0,1,6,-6,.773,.833,.667,.667,0.0,0.0,0.0,0.0,0.0,0.0,0.0,18.7,162,140
1220,201704070PHO,"10:00 PM, April 7, 2017",2017,Oklahoma City Thunder,Phoenix Suns,0,Nick Collison,0:00,0.0,0.0,0.0,0.0,0.0,0.0,0.0,0.0,0.0,0.0,0.0,0.0,0.0,0.0,0.0,0.0,0.0,0.0,0.0,0.0,0.0,0.0,0.0,0.0,0.0,0.0,0.0,0.0,0.0,0.0,0.0,0.0,0.0
1221,201704070PHO,"10:00 PM, April 7, 2017",2017,Phoenix Suns,Oklahoma City Thunder,1,Tyler Ulis,39:26,4,7,.571,0,1,.000,4,4,1.000,0,0,0,5,2,0,3,3,12,+7,.685,.571,.143,.571,0.0,0.0,0.0,16.0,2.7,0.0,25.5,13.8,119,117
1222,201704070PHO,"10:00 PM, April 7, 2017",2017,Phoenix Suns,Oklahoma City Thunder,1,Devin Booker,37:40,13,29,.448,5,9,.556,6,8,.750,0,5,5,4,1,0,1,3,37,+20,.569,.534,.310,.276,0.0,11.6,6.9,19.3,1.4,0.0,3.0,41.2,127,112
1223,201704070PHO,"10:00 PM, April 7, 2017",2017,Phoenix Suns,Oklahoma City Thunder,1,T.J. Warren,33:20,10,15,.667,0,1,.000,3,3,1.000,4,12,16,0,0,1,0,3,23,+20,.705,.667,.067,.200,15.2,31.4,24.8,0.0,0.0,2.3,0.0,22.7,158,100
1224,201704070PHO,"10:00 PM, April 7, 2017",2017,Phoenix Suns,Oklahoma City Thunder,1,Alex Len,21:14,3,9,.333,0,0,,3,4,.750,3,7,10,1,1,1,1,6,9,+9,.418,.333,.000,.444,17.8,28.8,24.3,6.2,2.5,3.6,8.5,25.7,105,95
1225,201704070PHO,"10:00 PM, April 7, 2017",2017,Phoenix Suns,Oklahoma City Thunder,1,Marquese Chriss,13:34,1,2,.500,0,0,,2,2,1.000,1,0,1,0,2,1,0,1,4,+4,.694,.500,.000,1.000,9.3,0.0,3.8,0.0,7.9,5.7,0.0,9.8,166,104
1226,201704070PHO,"10:00 PM, April 7, 2017",2017,Phoenix Suns,Oklahoma City Thunder,0,Jared Dudley,34:26,4,8,.500,3,5,.600,0,0,,0,4,4,3,0,0,1,2,11,+17,.688,.688,.625,.000,0.0,10.1,6.0,11.2,0.0,0.0,11.1,12.1,138,116
1227,201704070PHO,"10:00 PM, April 7, 2017",2017,Phoenix Suns,Oklahoma City Thunder,0,Alan Williams,26:46,3,5,.600,0,0,,5,6,.833,1,3,4,2,0,1,1,5,11,+12,.720,.600,.000,1.200,4.7,9.8,7.7,9.5,0.0,2.9,11.6,14.9,145,115
1228,201704070PHO,"10:00 PM, April 7, 2017",2017,Phoenix Suns,Oklahoma City Thunder,0,Derrick Jones,21:09,4,4,1.000,0,0,,3,4,.750,3,1,4,0,0,1,0,2,11,+17,.955,1.000,.000,1.000,17.9,4.1,9.8,0.0,0.0,3.7,0.0,12.6,200,119
1229,201704070PHO,"10:00 PM, April 7, 2017",2017,Phoenix Suns,Oklahoma City Thunder,0,Dragan Bender,10:17,1,4,.250,0,2,.000,0,0,,0,1,1,1,0,1,0,1,2,0,.250,.250,.500,.000,0.0,8.5,5.0,12.2,0.0,7.5,0.0,18.0,75,114
1230,201704070PHO,"10:00 PM, April 7, 2017",2017,Phoenix Suns,Oklahoma City Thunder,0,Ronnie Price,2:08,0,0,,0,0,,0,0,,0,0,0,0,0,0,0,0,0,-1,,,,,0.0,0.0,0.0,0.0,0.0,0.0,,0.0,0,124
1231,201704070PHO,"10:00 PM, April 7, 2017",2017,Phoenix Suns,Oklahoma City Thunder,0,Brandon Knight,0:00,0.0,0.0,0.0,0.0,0.0,0.0,0.0,0.0,0.0,0.0,0.0,0.0,0.0,0.0,0.0,0.0,0.0,0.0,0.0,0.0,0.0,0.0,0.0,0.0,0.0,0.0,0.0,0.0,0.0,0.0,0.0,0.0,0.0
1232,201704070PHO,"10:00 PM, April 7, 2017",2017,Phoenix Suns,Oklahoma City Thunder,0,Eric Bledsoe,0:00,0.0,0.0,0.0,0.0,0.0,0.0,0.0,0.0,0.0,0.0,0.0,0.0,0.0,0.0,0.0,0.0,0.0,0.0,0.0,0.0,0.0,0.0,0.0,0.0,0.0,0.0,0.0,0.0,0.0,0.0,0.0,0.0,0.0
1233,201704070PHO,"10:00 PM, April 7, 2017",2017,Phoenix Suns,Oklahoma City Thunder,0,Jarell Eddie,0:00,0.0,0.0,0.0,0.0,0.0,0.0,0.0,0.0,0.0,0.0,0.0,0.0,0.0,0.0,0.0,0.0,0.0,0.0,0.0,0.0,0.0,0.0,0.0,0.0,0.0,0.0,0.0,0.0,0.0,0.0,0.0,0.0,0.0
1234,201704070TOR,"7:30 PM, April 7, 2017",2017,Miami Heat,Toronto Raptors,1,James Johnson,38:07,8,17,.471,1,5,.200,5,8,.625,2,8,10,3,3,2,4,1,22,-2,.536,.500,.294,.471,5.5,24.0,14.3,16.5,3.9,3.9,16.3,26.9,101,92
1235,201704070TOR,"7:30 PM, April 7, 2017",2017,Miami Heat,Toronto Raptors,1,Josh Richardson,36:18,4,12,.333,2,4,.500,0,0,,2,0,2,4,3,1,2,3,10,-1,.417,.417,.333,.000,5.7,0.0,3.0,19.1,4.1,2.0,14.3,16.1,94,101
1236,201704070TOR,"7:30 PM, April 7, 2017",2017,Miami Heat,Toronto Raptors,1,Goran Dragic,35:34,6,14,.429,0,2,.000,6,8,.750,1,0,1,1,1,0,4,3,18,-9,.514,.429,.143,.571,2.9,0.0,1.5,5.4,1.4,0.0,18.6,25.3,92,109
1237,201704070TOR,"7:30 PM, April 7, 2017",2017,Miami Heat,Toronto Raptors,1,Hassan Whiteside,27:01,4,14,.286,0,0,,4,6,.667,4,6,10,2,0,0,2,5,12,+2,.361,.286,.000,.429,15.4,25.4,20.2,13.7,0.0,0.0,10.7,28.9,86,103
1238,201704070TOR,"7:30 PM, April 7, 2017",2017,Miami Heat,Toronto Raptors,1,Rodney McGruder,26:59,4,9,.444,0,2,.000,1,1,1.000,2,3,5,2,0,0,3,1,9,-1,.477,.444,.222,.111,7.7,12.7,10.1,13.7,0.0,0.0,24.1,19.3,87,108
1239,201704070TOR,"7:30 PM, April 7, 2017",2017,Miami Heat,Toronto Raptors,0,Tyler Johnson,25:07,2,7,.286,1,3,.333,4,4,1.000,0,5,5,2,1,2,1,3,9,+7,.514,.357,.429,.571,0.0,22.8,10.9,13.1,2.0,5.9,10.2,16.3,112,95
1240,201704070TOR,"7:30 PM, April 7, 2017",2017,Miami Heat,Toronto Raptors,0,Wayne Ellington,20:22,4,5,.800,4,5,.800,0,0,,0,1,1,1,1,0,0,0,12,-1,1.200,1.200,1.000,.000,0.0,5.6,2.7,10.0,2.5,0.0,0.0,10.3,235,105
1241,201704070TOR,"7:30 PM, April 7, 2017",2017,Miami Heat,Toronto Raptors,0,Willie Reed,15:58,1,2,.500,0,0,,0,2,.000,3,6,9,1,0,0,2,4,2,-7,.347,.500,.000,1.000,19.6,42.9,30.7,10.0,0.0,0.0,41.0,12.8,69,96
1242,201704070TOR,"7:30 PM, April 7, 2017",2017,Miami Heat,Toronto Raptors,0,Okaro White,14:34,0,3,.000,0,2,.000,0,0,,0,1,1,0,1,0,1,1,0,+2,.000,.000,.667,.000,0.0,7.8,3.7,0.0,3.4,0.0,25.0,11.5,0,102
1243,201704070TOR,"7:30 PM, April 7, 2017",2017,Miami Heat,Toronto Raptors,0,Udonis Haslem,0:00,0.0,0.0,0.0,0.0,0.0,0.0,0.0,0.0,0.0,0.0,0.0,0.0,0.0,0.0,0.0,0.0,0.0,0.0,0.0,0.0,0.0,0.0,0.0,0.0,0.0,0.0,0.0,0.0,0.0,0.0,0.0,0.0,0.0
1244,201704070TOR,"7:30 PM, April 7, 2017",2017,Toronto Raptors,Miami Heat,1,DeMar DeRozan,37:49,14,32,.438,0,1,.000,10,11,.909,1,5,6,2,1,1,6,1,38,0,.516,.438,.031,.344,3.0,13.8,8.7,14.7,1.3,2.1,14.0,49.2,98,100
1245,201704070TOR,"7:30 PM, April 7, 2017",2017,Toronto Raptors,Miami Heat,1,Kyle Lowry,35:56,5,14,.357,1,5,.200,1,5,.200,1,6,7,6,2,0,5,4,12,0,.370,.393,.357,.357,3.2,17.4,10.6,28.3,2.8,0.0,23.6,25.6,74,96
1246,201704070TOR,"7:30 PM, April 7, 2017",2017,Toronto Raptors,Miami Heat,1,Serge Ibaka,30:29,4,9,.444,3,5,.600,0,0,,2,7,9,0,0,1,1,6,11,+8,.611,.611,.556,.000,7.5,24.0,16.1,0.0,0.0,2.6,10.0,14.2,121,97
1247,201704070TOR,"7:30 PM, April 7, 2017",2017,Toronto Raptors,Miami Heat,1,Jonas Valanciunas,29:54,4,9,.444,0,1,.000,1,2,.500,3,7,10,0,0,2,0,3,9,+2,.455,.444,.111,.222,11.5,24.4,18.2,0.0,0.0,5.4,0.0,14.3,111,96
1248,201704070TOR,"7:30 PM, April 7, 2017",2017,Toronto Raptors,Miami Heat,1,DeMarre Carroll,22:21,2,4,.500,2,3,.667,1,2,.500,0,1,1,0,1,0,1,2,7,-3,.717,.750,.750,.500,0.0,4.7,2.4,0.0,2.2,0.0,17.0,11.4,119,102
1249,201704070TOR,"7:30 PM, April 7, 2017",2017,Toronto Raptors,Miami Heat,0,P.J. Tucker,27:05,0,2,.000,0,0,,0,0,,1,4,5,0,3,0,0,3,0,+4,.000,.000,.000,.000,4.2,15.4,10.1,0.0,5.5,0.0,0.0,3.2,33,91
1250,201704070TOR,"7:30 PM, April 7, 2017",2017,Toronto Raptors,Miami Heat,0,Cory Joseph,26:26,5,10,.500,2,2,1.000,2,2,1.000,3,1,4,3,3,0,2,1,14,+3,.643,.600,.200,.200,13.0,3.9,8.3,21.0,5.7,0.0,15.5,21.2,127,96
1251,201704070TOR,"7:30 PM, April 7, 2017",2017,Toronto Raptors,Miami Heat,0,Patrick Patterson,21:53,1,5,.200,1,3,.333,0,0,,0,1,1,2,0,0,0,2,3,+2,.300,.300,.600,.000,0.0,4.8,2.5,13.4,0.0,0.0,0.0,9.9,89,107
1252,201704070TOR,"7:30 PM, April 7, 2017",2017,Toronto Raptors,Miami Heat,0,Delon Wright,4:38,0,0,,0,0,,2,2,1.000,0,0,0,1,0,0,0,0,2,-2,1.136,,,,0.0,0.0,0.0,29.6,0.0,0.0,0.0,8.2,245,109
1253,201704070TOR,"7:30 PM, April 7, 2017",2017,Toronto Raptors,Miami Heat,0,Jakob Poeltl,3:29,0,0,,0,0,,0,0,,1,0,1,0,0,0,0,2,0,-4,,,,,32.8,0.0,15.7,0.0,0.0,0.0,,0.0,219,107
1254,201704070TOR,"7:30 PM, April 7, 2017",2017,Toronto Raptors,Miami Heat,0,Lucas Nogueira,0:00,0.0,0.0,0.0,0.0,0.0,0.0,0.0,0.0,0.0,0.0,0.0,0.0,0.0,0.0,0.0,0.0,0.0,0.0,0.0,0.0,0.0,0.0,0.0,0.0,0.0,0.0,0.0,0.0,0.0,0.0,0.0,0.0,0.0
1255,201704070TOR,"7:30 PM, April 7, 2017",2017,Toronto Raptors,Miami Heat,0,Fred VanVleet,0:00,0.0,0.0,0.0,0.0,0.0,0.0,0.0,0.0,0.0,0.0,0.0,0.0,0.0,0.0,0.0,0.0,0.0,0.0,0.0,0.0,0.0,0.0,0.0,0.0,0.0,0.0,0.0,0.0,0.0,0.0,0.0,0.0,0.0
1256,201704070TOR,"7:30 PM, April 7, 2017",2017,Toronto Raptors,Miami Heat,0,Norman Powell,0:00,0.0,0.0,0.0,0.0,0.0,0.0,0.0,0.0,0.0,0.0,0.0,0.0,0.0,0.0,0.0,0.0,0.0,0.0,0.0,0.0,0.0,0.0,0.0,0.0,0.0,0.0,0.0,0.0,0.0,0.0,0.0,0.0,0.0
1257,201704070UTA,"9:00 PM, April 7, 2017",2017,Minnesota Timberwolves,Utah Jazz,1,Ricky Rubio,37:05,7,14,.500,1,3,.333,11,11,1.000,0,3,3,12,0,0,3,3,26,-15,.690,.536,.214,.786,0.0,12.5,5.8,51.9,0.0,0.0,13.7,27.4,140,137
1258,201704070UTA,"9:00 PM, April 7, 2017",2017,Minnesota Timberwolves,Utah Jazz,1,Andrew Wiggins,37:05,8,21,.381,0,3,.000,9,9,1.000,2,3,5,0,0,0,1,3,25,-15,.501,.381,.143,.429,7.2,12.5,9.7,0.0,0.0,0.0,3.9,32.5,109,137
1259,201704070UTA,"9:00 PM, April 7, 2017",2017,Minnesota Timberwolves,Utah Jazz,1,Karl-Anthony Towns,31:40,12,21,.571,3,5,.600,5,5,1.000,3,10,13,2,1,0,3,4,32,-1,.690,.643,.238,.238,12.6,48.9,29.4,14.6,1.7,0.0,11.5,38.4,128,129
1260,201704070UTA,"9:00 PM, April 7, 2017",2017,Minnesota Timberwolves,Utah Jazz,1,Brandon Rush,28:08,2,3,.667,2,3,.667,0,0,,0,2,2,2,1,0,2,2,6,-9,1.000,1.000,1.000,.000,0.0,11.0,5.1,9.6,1.9,0.0,40.0,8.3,111,133
1261,201704070UTA,"9:00 PM, April 7, 2017",2017,Minnesota Timberwolves,Utah Jazz,1,Gorgui Dieng,26:32,2,4,.500,0,0,,2,2,1.000,2,3,5,1,2,1,0,1,6,-10,.615,.500,.000,.500,10.1,17.5,13.5,5.1,4.0,3.6,0.0,8.5,151,125
1262,201704070UTA,"9:00 PM, April 7, 2017",2017,Minnesota Timberwolves,Utah Jazz,0,Omri Casspi,37:48,1,3,.333,0,1,.000,0,0,,0,3,3,0,5,0,1,4,2,-3,.333,.333,.333,.000,0.0,12.3,5.7,0.0,6.9,0.0,25.0,4.9,51,121
1263,201704070UTA,"9:00 PM, April 7, 2017",2017,Minnesota Timberwolves,Utah Jazz,0,Shabazz Muhammad,19:52,5,9,.556,0,0,,1,1,1.000,2,1,3,0,1,0,2,3,11,+2,.583,.556,.000,.111,13.4,7.8,10.8,0.0,2.6,0.0,17.5,26.8,103,132
1264,201704070UTA,"9:00 PM, April 7, 2017",2017,Minnesota Timberwolves,Utah Jazz,0,Kris Dunn,10:55,1,3,.333,1,1,1.000,0,0,,0,0,0,3,1,0,0,3,3,+8,1.000,1.000,.000,.000,0.0,0.0,0.0,25.4,0.0,0.0,0.0,4.3,207,138
1265,201704070UTA,"9:00 PM, April 7, 2017",2017,Minnesota Timberwolves,Utah Jazz,0,Tyus Jones,10:55,1,1,1.000,0,0,,0,0,,0,0,0,2,0,0,0,2,2,+8,.500,.500,.333,.000,0.0,0.0,0.0,38.1,4.8,0.0,0.0,12.8,137,127
1266,201704070UTA,"9:00 PM, April 7, 2017",2017,Minnesota Timberwolves,Utah Jazz,0,Cole Aldrich,0:00,0.0,0.0,0.0,0.0,0.0,0.0,0.0,0.0,0.0,0.0,0.0,0.0,0.0,0.0,0.0,0.0,0.0,0.0,0.0,0.0,0.0,0.0,0.0,0.0,0.0,0.0,0.0,0.0,0.0,0.0,0.0,0.0,0.0
1267,201704070UTA,"9:00 PM, April 7, 2017",2017,Minnesota Timberwolves,Utah Jazz,0,Adreian Payne,0:00,0.0,0.0,0.0,0.0,0.0,0.0,0.0,0.0,0.0,0.0,0.0,0.0,0.0,0.0,0.0,0.0,0.0,0.0,0.0,0.0,0.0,0.0,0.0,0.0,0.0,0.0,0.0,0.0,0.0,0.0,0.0,0.0,0.0
1268,201704070UTA,"9:00 PM, April 7, 2017",2017,Minnesota Timberwolves,Utah Jazz,0,Jordan Hill,0:00,0.0,0.0,0.0,0.0,0.0,0.0,0.0,0.0,0.0,0.0,0.0,0.0,0.0,0.0,0.0,0.0,0.0,0.0,0.0,0.0,0.0,0.0,0.0,0.0,0.0,0.0,0.0,0.0,0.0,0.0,0.0,0.0,0.0
1269,201704070UTA,"9:00 PM, April 7, 2017",2017,Utah Jazz,Minnesota Timberwolves,1,Gordon Hayward,39:01,14,22,.636,4,5,.800,7,8,.875,0,3,3,5,2,0,2,3,39,+13,.764,.727,.227,.364,0.0,10.3,5.5,22.1,2.7,0.0,7.3,34.3,145,125
1270,201704070UTA,"9:00 PM, April 7, 2017",2017,Utah Jazz,Minnesota Timberwolves,1,Joe Ingles,34:28,4,6,.667,2,3,.667,1,2,.500,1,4,5,8,2,0,3,0,11,+3,.799,.833,.500,.333,4.5,15.5,10.4,28.3,3.0,0.0,30.4,13.9,135,123
1271,201704070UTA,"9:00 PM, April 7, 2017",2017,Utah Jazz,Minnesota Timberwolves,1,Rudy Gobert,27:20,7,9,.778,0,0,,2,3,.667,0,5,5,1,1,2,2,5,16,0,.775,.778,.000,.333,0.0,24.4,13.1,5.4,1.9,5.6,16.2,21.9,123,118
1272,201704070UTA,"9:00 PM, April 7, 2017",2017,Utah Jazz,Minnesota Timberwolves,1,Dante Exum,23:28,3,5,.600,3,4,.750,0,0,,0,2,2,3,0,0,2,1,9,+1,.900,.900,.800,.000,0.0,11.4,6.1,15.8,0.0,0.0,28.6,14.5,126,130
1273,201704070UTA,"9:00 PM, April 7, 2017",2017,Utah Jazz,Minnesota Timberwolves,1,Boris Diaw,12:16,0,0,,0,0,,0,0,,0,0,0,4,0,2,0,1,0,-7,,,,,0.0,0.0,0.0,34.8,0.0,12.4,,0.0,231,122
1274,201704070UTA,"9:00 PM, April 7, 2017",2017,Utah Jazz,Minnesota Timberwolves,0,Joe Johnson,32:44,8,10,.800,4,5,.800,2,2,1.000,0,3,3,1,1,1,4,1,22,+13,1.011,1.000,.500,.200,0.0,12.2,6.6,4.4,1.6,2.3,26.9,22.1,127,125
1275,201704070UTA,"9:00 PM, April 7, 2017",2017,Utah Jazz,Minnesota Timberwolves,0,Shelvin Mack,28:30,1,6,.167,0,2,.000,1,2,.500,0,6,6,4,1,0,0,2,3,+3,.218,.167,.333,.333,0.0,28.1,15.1,15.6,1.8,0.0,0.0,11.7,85,122
1276,201704070UTA,"9:00 PM, April 7, 2017",2017,Utah Jazz,Minnesota Timberwolves,0,Rodney Hood,21:01,2,8,.250,1,6,.167,1,1,1.000,0,3,3,2,0,1,1,2,6,0,.355,.313,.750,.125,0.0,19.0,10.2,11.3,0.0,3.6,10.6,21.8,80,126
1277,201704070UTA,"9:00 PM, April 7, 2017",2017,Utah Jazz,Minnesota Timberwolves,0,Derrick Favors,16:41,6,9,.667,0,0,,1,2,.500,4,1,5,1,1,0,0,5,13,+3,.658,.667,.000,.222,37.1,8.0,21.5,10.4,3.1,0.0,0.0,28.8,149,124
1278,201704070UTA,"9:00 PM, April 7, 2017",2017,Utah Jazz,Minnesota Timberwolves,0,Jeff Withey,4:31,0,0,,0,0,,1,2,.500,1,0,1,0,0,1,0,1,1,+6,.568,,,,34.3,0.0,15.9,0.0,0.0,16.9,0.0,9.5,161,119
1279,201704070UTA,"9:00 PM, April 7, 2017",2017,Utah Jazz,Minnesota Timberwolves,0,Trey Lyles,0:00,0.0,0.0,0.0,0.0,0.0,0.0,0.0,0.0,0.0,0.0,0.0,0.0,0.0,0.0,0.0,0.0,0.0,0.0,0.0,0.0,0.0,0.0,0.0,0.0,0.0,0.0,0.0,0.0,0.0,0.0,0.0,0.0,0.0
1280,201704070UTA,"9:00 PM, April 7, 2017",2017,Utah Jazz,Minnesota Timberwolves,0,Joel Bolomboy,0:00,0.0,0.0,0.0,0.0,0.0,0.0,0.0,0.0,0.0,0.0,0.0,0.0,0.0,0.0,0.0,0.0,0.0,0.0,0.0,0.0,0.0,0.0,0.0,0.0,0.0,0.0,0.0,0.0,0.0,0.0,0.0,0.0,0.0
1281,201704070UTA,"9:00 PM, April 7, 2017",2017,Utah Jazz,Minnesota Timberwolves,0,Alec Burks,0:00,0.0,0.0,0.0,0.0,0.0,0.0,0.0,0.0,0.0,0.0,0.0,0.0,0.0,0.0,0.0,0.0,0.0,0.0,0.0,0.0,0.0,0.0,0.0,0.0,0.0,0.0,0.0,0.0,0.0,0.0,0.0,0.0,0.0
1282,201704080BRK,"5:00 PM, April 8, 2017",2017,Chicago Bulls,Brooklyn Nets,1,Jimmy Butler,38:02,12,22,.545,5,5,1.000,4,4,1.000,1,6,7,4,0,0,3,0,33,-3,.694,.659,.227,.182,2.8,14.8,9.2,20.3,0.0,0.0,11.2,29.5,133,109
1283,201704080BRK,"5:00 PM, April 8, 2017",2017,Chicago Bulls,Brooklyn Nets,1,Jerian Grant,30:06,6,8,.750,3,4,.750,0,0,,0,3,3,5,1,1,2,4,15,+14,.938,.938,.500,.000,0.0,9.4,5.0,26.2,1.6,2.6,20.0,13.9,156,105
1284,201704080BRK,"5:00 PM, April 8, 2017",2017,Chicago Bulls,Brooklyn Nets,1,Robin Lopez,26:58,7,11,.636,0,0,,2,2,1.000,2,6,8,0,0,1,2,4,16,+3,.673,.636,.000,.182,7.9,20.9,14.8,0.0,0.0,2.9,14.4,21.6,121,105
1285,201704080BRK,"5:00 PM, April 8, 2017",2017,Chicago Bulls,Brooklyn Nets,1,Nikola Mirotic,26:51,1,9,.111,0,5,.000,2,3,.667,1,6,7,0,2,2,2,1,4,-18,.194,.111,.556,.333,4.0,21.0,13.0,0.0,3.5,5.9,16.2,19.2,42,95
1286,201704080BRK,"5:00 PM, April 8, 2017",2017,Chicago Bulls,Brooklyn Nets,1,Dwyane Wade,24:34,5,11,.455,0,2,.000,4,4,1.000,2,5,7,2,0,1,5,3,14,+2,.549,.455,.182,.364,8.7,19.2,14.2,12.9,0.0,3.2,28.2,30.3,91,105
1287,201704080BRK,"5:00 PM, April 8, 2017",2017,Chicago Bulls,Brooklyn Nets,0,Bobby Portis,21:09,3,7,.429,2,3,.667,1,2,.500,0,7,7,2,1,0,0,0,9,+17,.571,.571,.429,.286,0.0,31.2,16.5,13.7,2.2,0.0,0.0,15.6,131,100
1288,201704080BRK,"5:00 PM, April 8, 2017",2017,Chicago Bulls,Brooklyn Nets,0,Michael Carter-Williams,20:41,2,10,.200,1,2,.500,2,2,1.000,0,2,2,0,2,1,0,2,7,-22,.322,.250,.200,.200,0.0,9.1,4.8,0.0,4.5,3.8,0.0,22.1,75,98
1289,201704080BRK,"5:00 PM, April 8, 2017",2017,Chicago Bulls,Brooklyn Nets,0,Cristiano Felicio,13:14,3,3,1.000,0,0,,0,0,,2,4,6,0,0,0,1,1,6,0,1.000,1.000,.000,.000,16.1,28.4,22.7,0.0,0.0,0.0,25.0,12.7,150,105
1290,201704080BRK,"5:00 PM, April 8, 2017",2017,Chicago Bulls,Brooklyn Nets,0,Paul Zipser,12:27,0,1,.000,0,1,.000,0,0,,0,1,1,0,0,0,1,2,0,+1,.000,.000,1.000,.000,0.0,7.6,4.0,0.0,0.0,0.0,50.0,6.7,0,111
1291,201704080BRK,"5:00 PM, April 8, 2017",2017,Chicago Bulls,Brooklyn Nets,0,Denzel Valentine,11:02,0,2,.000,0,0,,0,0,,0,0,0,1,0,0,1,3,0,-1,.000,.000,.000,.000,0.0,0.0,0.0,10.9,0.0,0.0,33.3,11.4,20,113
1292,201704080BRK,"5:00 PM, April 8, 2017",2017,Chicago Bulls,Brooklyn Nets,0,Joffrey Lauvergne,7:48,1,5,.200,0,1,.000,0,0,,3,1,4,0,0,0,0,0,2,-4,.200,.200,.200,.000,41.0,12.1,25.6,0.0,0.0,0.0,0.0,26.9,79,110
1293,201704080BRK,"5:00 PM, April 8, 2017",2017,Chicago Bulls,Brooklyn Nets,0,Anthony Morrow,7:08,0,1,.000,0,1,.000,0,0,,0,0,0,0,0,0,0,0,0,+6,.000,.000,1.000,.000,0.0,0.0,0.0,0.0,0.0,0.0,0.0,5.9,0,113
1294,201704080BRK,"5:00 PM, April 8, 2017",2017,Chicago Bulls,Brooklyn Nets,0,Isaiah Canaan,0:00,0.0,0.0,0.0,0.0,0.0,0.0,0.0,0.0,0.0,0.0,0.0,0.0,0.0,0.0,0.0,0.0,0.0,0.0,0.0,0.0,0.0,0.0,0.0,0.0,0.0,0.0,0.0,0.0,0.0,0.0,0.0,0.0,0.0
1295,201704080BRK,"5:00 PM, April 8, 2017",2017,Brooklyn Nets,Chicago Bulls,1,Brook Lopez,31:25,6,14,.429,1,3,.333,0,0,,3,2,5,1,0,1,2,1,13,+17,.464,.464,.214,.000,9.0,6.8,8.0,5.1,0.0,2.3,12.5,21.2,90,113
1296,201704080BRK,"5:00 PM, April 8, 2017",2017,Brooklyn Nets,Chicago Bulls,1,Rondae Hollis-Jefferson,29:35,5,8,.625,0,1,.000,6,7,.857,2,10,12,3,3,1,1,2,16,+17,.722,.625,.125,.875,6.4,36.1,20.3,15.8,4.8,2.5,8.3,17.0,145,94
1297,201704080BRK,"5:00 PM, April 8, 2017",2017,Brooklyn Nets,Chicago Bulls,1,Jeremy Lin,28:55,4,14,.286,2,4,.500,2,2,1.000,1,5,6,7,3,0,2,2,12,+15,.403,.357,.286,.143,3.3,18.4,10.4,35.9,4.9,0.0,11.8,24.2,92,100
1298,201704080BRK,"5:00 PM, April 8, 2017",2017,Brooklyn Nets,Chicago Bulls,1,Caris LeVert,25:26,7,11,.636,4,7,.571,1,4,.250,0,5,5,1,1,0,2,3,19,+10,.745,.818,.636,.364,0.0,21.0,9.8,7.3,1.8,0.0,13.6,24.1,114,107
1299,201704080BRK,"5:00 PM, April 8, 2017",2017,Brooklyn Nets,Chicago Bulls,1,Randy Foye,12:12,0,3,.000,0,3,.000,0,0,,0,0,0,2,0,0,0,1,0,+3,.000,.000,1.000,.000,0.0,0.0,0.0,20.2,0.0,0.0,0.0,10.2,37,117
1300,201704080BRK,"5:00 PM, April 8, 2017",2017,Brooklyn Nets,Chicago Bulls,0,Spencer Dinwiddie,26:28,6,9,.667,1,3,.333,6,6,1.000,1,2,3,4,2,0,1,0,19,-14,.816,.722,.333,.667,3.6,8.1,5.7,25.8,3.6,0.0,7.9,19.8,159,107
1301,201704080BRK,"5:00 PM, April 8, 2017",2017,Brooklyn Nets,Chicago Bulls,0,Trevor Booker,22:13,4,10,.400,0,0,,1,1,1.000,1,3,4,0,2,0,1,1,9,-18,.431,.400,.000,.100,4.2,14.4,9.0,0.0,4.2,0.0,8.7,21.4,83,103
1302,201704080BRK,"5:00 PM, April 8, 2017",2017,Brooklyn Nets,Chicago Bulls,0,Isaiah Whitehead,20:30,2,5,.400,0,1,.000,0,0,,1,3,4,4,0,1,1,1,4,-1,.400,.400,.200,.000,4.6,15.6,9.8,27.3,0.0,3.5,16.7,12.2,98,110
1303,201704080BRK,"5:00 PM, April 8, 2017",2017,Brooklyn Nets,Chicago Bulls,0,K.J. McDaniels,19:50,2,6,.333,0,2,.000,2,2,1.000,0,3,3,1,2,2,2,0,6,-11,.436,.333,.333,.333,0.0,16.1,7.6,7.1,4.7,7.3,22.5,18.6,73,96
1304,201704080BRK,"5:00 PM, April 8, 2017",2017,Brooklyn Nets,Chicago Bulls,0,Archie Goodwin,10:39,2,5,.400,1,2,.500,1,2,.500,0,1,1,1,1,0,0,0,6,+1,.510,.500,.400,.400,0.0,10.0,4.7,15.0,4.4,0.0,0.0,22.9,109,104
1305,201704080BRK,"5:00 PM, April 8, 2017",2017,Brooklyn Nets,Chicago Bulls,0,Quincy Acy,8:05,1,5,.200,1,4,.250,0,0,,0,0,0,0,1,0,0,1,3,-9,.300,.300,.800,.000,0.0,0.0,0.0,0.0,5.8,0.0,0.0,25.7,63,104
1306,201704080BRK,"5:00 PM, April 8, 2017",2017,Brooklyn Nets,Chicago Bulls,0,Justin Hamilton,4:42,0,2,.000,0,1,.000,0,0,,1,0,1,0,0,1,1,1,0,-5,.000,.000,.500,.000,20.0,0.0,10.6,0.0,0.0,15.5,33.3,26.5,24,105
1307,201704080BRK,"5:00 PM, April 8, 2017",2017,Brooklyn Nets,Chicago Bulls,0,Andrew Nicholson,0:00,0.0,0.0,0.0,0.0,0.0,0.0,0.0,0.0,0.0,0.0,0.0,0.0,0.0,0.0,0.0,0.0,0.0,0.0,0.0,0.0,0.0,0.0,0.0,0.0,0.0,0.0,0.0,0.0,0.0,0.0,0.0,0.0,0.0
1308,201704080CHO,"6:00 PM, April 8, 2017",2017,Boston Celtics,Charlotte Hornets,1,Isaiah Thomas,34:25,10,18,.556,5,11,.455,7,8,.875,0,2,2,6,1,0,6,2,32,+11,.743,.694,.611,.444,0.0,6.2,3.3,26.9,1.4,0.0,21.8,37.1,114,119
1309,201704080CHO,"6:00 PM, April 8, 2017",2017,Boston Celtics,Charlotte Hornets,1,Al Horford,34:23,7,15,.467,2,5,.400,0,0,,1,3,4,7,1,1,0,1,16,+3,.533,.533,.333,.000,3.5,9.3,6.6,27.7,1.4,2.5,0.0,20.2,124,117
1310,201704080CHO,"6:00 PM, April 8, 2017",2017,Boston Celtics,Charlotte Hornets,1,Avery Bradley,34:07,6,14,.429,3,7,.429,0,0,,2,4,6,4,0,1,1,5,15,+3,.536,.536,.500,.000,7.0,12.5,9.9,15.4,0.0,2.5,6.7,20.4,112,119
1311,201704080CHO,"6:00 PM, April 8, 2017",2017,Boston Celtics,Charlotte Hornets,1,Jae Crowder,33:20,6,9,.667,1,2,.500,2,4,.500,0,9,9,3,0,0,1,2,15,-5,.697,.722,.222,.444,0.0,28.8,15.2,11.9,0.0,0.0,8.5,16.4,127,118
1312,201704080CHO,"6:00 PM, April 8, 2017",2017,Boston Celtics,Charlotte Hornets,1,Kelly Olynyk,28:10,6,10,.600,0,2,.000,1,1,1.000,1,10,11,4,0,1,0,6,13,+8,.623,.600,.200,.100,4.3,37.9,22.1,19.6,0.0,3.0,0.0,17.2,138,114
1313,201704080CHO,"6:00 PM, April 8, 2017",2017,Boston Celtics,Charlotte Hornets,0,Marcus Smart,33:43,2,8,.250,1,5,.200,4,4,1.000,0,4,4,6,0,2,1,1,9,+12,.461,.313,.625,.500,0.0,12.7,6.7,20.3,0.0,5.1,9.3,14.8,111,117
1314,201704080CHO,"6:00 PM, April 8, 2017",2017,Boston Celtics,Charlotte Hornets,0,Jaylen Brown,17:27,4,7,.571,2,3,.667,0,0,,1,2,3,0,0,0,0,1,10,-4,.714,.714,.429,.000,6.9,12.2,9.7,0.0,0.0,0.0,0.0,18.6,132,122
1315,201704080CHO,"6:00 PM, April 8, 2017",2017,Boston Celtics,Charlotte Hornets,0,Jonas Jerebko,15:06,3,5,.600,3,4,.750,0,0,,0,2,2,3,0,0,0,1,9,+8,.900,.900,.800,.000,0.0,14.1,7.5,26.9,0.0,0.0,0.0,15.4,172,121
1316,201704080CHO,"6:00 PM, April 8, 2017",2017,Boston Celtics,Charlotte Hornets,0,Tyler Zeller,9:19,1,1,1.000,0,0,,0,0,,0,2,2,2,0,0,0,0,2,-1,1.000,1.000,.000,.000,0.0,22.9,12.1,25.9,0.0,0.0,0.0,5.0,218,120
1317,201704080CHO,"6:00 PM, April 8, 2017",2017,Boston Celtics,Charlotte Hornets,0,Jordan Mickey,0:00,0.0,0.0,0.0,0.0,0.0,0.0,0.0,0.0,0.0,0.0,0.0,0.0,0.0,0.0,0.0,0.0,0.0,0.0,0.0,0.0,0.0,0.0,0.0,0.0,0.0,0.0,0.0,0.0,0.0,0.0,0.0,0.0,0.0
1318,201704080CHO,"6:00 PM, April 8, 2017",2017,Boston Celtics,Charlotte Hornets,0,Terry Rozier,0:00,0.0,0.0,0.0,0.0,0.0,0.0,0.0,0.0,0.0,0.0,0.0,0.0,0.0,0.0,0.0,0.0,0.0,0.0,0.0,0.0,0.0,0.0,0.0,0.0,0.0,0.0,0.0,0.0,0.0,0.0,0.0,0.0,0.0
1319,201704080CHO,"6:00 PM, April 8, 2017",2017,Boston Celtics,Charlotte Hornets,0,Gerald Green,0:00,0.0,0.0,0.0,0.0,0.0,0.0,0.0,0.0,0.0,0.0,0.0,0.0,0.0,0.0,0.0,0.0,0.0,0.0,0.0,0.0,0.0,0.0,0.0,0.0,0.0,0.0,0.0,0.0,0.0,0.0,0.0,0.0,0.0
1320,201704080CHO,"6:00 PM, April 8, 2017",2017,Charlotte Hornets,Boston Celtics,1,Nicolas Batum,40:46,11,23,.478,4,8,.500,5,7,.714,1,7,8,3,0,0,1,1,31,+2,.594,.565,.348,.304,2.6,20.6,11.1,14.1,0.0,0.0,3.7,30.3,118,129
1321,201704080CHO,"6:00 PM, April 8, 2017",2017,Charlotte Hornets,Boston Celtics,1,Kemba Walker,35:44,7,19,.368,2,10,.200,7,7,1.000,0,1,1,8,1,0,0,1,23,-6,.521,.421,.526,.368,0.0,3.4,1.6,37.6,1.4,0.0,0.0,28.2,120,128
1322,201704080CHO,"6:00 PM, April 8, 2017",2017,Charlotte Hornets,Boston Celtics,1,Cody Zeller,29:55,4,5,.800,0,0,,4,4,1.000,2,7,9,2,3,0,0,2,12,-3,.888,.800,.000,.800,7.1,28.1,17.0,10.2,5.0,0.0,0.0,10.3,191,117
1323,201704080CHO,"6:00 PM, April 8, 2017",2017,Charlotte Hornets,Boston Celtics,1,Marvin Williams,28:02,1,6,.167,1,4,.250,2,2,1.000,1,6,7,0,1,2,4,3,5,-13,.363,.250,.667,.333,3.8,25.7,14.1,0.0,1.8,7.1,36.8,17.7,53,118
1324,201704080CHO,"6:00 PM, April 8, 2017",2017,Charlotte Hornets,Boston Celtics,1,Michael Kidd-Gilchrist,24:16,2,7,.286,0,0,,4,5,.800,1,3,4,1,0,1,1,3,8,-3,.435,.286,.000,.714,4.4,14.8,9.3,5.8,0.0,4.1,9.8,19.2,92,126
1325,201704080CHO,"6:00 PM, April 8, 2017",2017,Charlotte Hornets,Boston Celtics,0,Frank Kaminsky,26:37,4,10,.400,0,3,.000,0,0,,0,5,5,7,0,0,0,1,8,-3,.400,.400,.300,.000,0.0,22.5,10.6,41.0,0.0,0.0,0.0,17.2,106,129
1326,201704080CHO,"6:00 PM, April 8, 2017",2017,Charlotte Hornets,Boston Celtics,0,Jeremy Lamb,24:39,6,8,.750,1,2,.500,4,4,1.000,0,5,5,1,0,2,0,1,17,-9,.871,.813,.250,.500,0.0,24.3,11.5,7.4,0.0,8.1,0.0,18.1,175,121
1327,201704080CHO,"6:00 PM, April 8, 2017",2017,Charlotte Hornets,Boston Celtics,0,Brian Roberts,12:16,2,5,.400,0,0,,3,3,1.000,0,0,0,0,0,0,0,0,7,-1,.554,.400,.000,.600,0.0,0.0,0.0,0.0,0.0,0.0,0.0,23.5,116,131
1328,201704080CHO,"6:00 PM, April 8, 2017",2017,Charlotte Hornets,Boston Celtics,0,Miles Plumlee,11:26,0,0,,0,0,,0,0,,0,1,1,0,0,0,1,1,0,+5,,,,,0.0,10.5,4.9,0.0,0.0,0.0,100.0,4.0,0,130
1329,201704080CHO,"6:00 PM, April 8, 2017",2017,Charlotte Hornets,Boston Celtics,0,Treveon Graham,6:19,1,1,1.000,1,1,1.000,0,0,,2,0,2,0,0,0,0,2,3,-4,1.500,1.500,1.000,.000,33.8,0.0,17.9,0.0,0.0,0.0,0.0,7.2,251,131
1330,201704080CHO,"6:00 PM, April 8, 2017",2017,Charlotte Hornets,Boston Celtics,0,Briante Weber,0:00,0.0,0.0,0.0,0.0,0.0,0.0,0.0,0.0,0.0,0.0,0.0,0.0,0.0,0.0,0.0,0.0,0.0,0.0,0.0,0.0,0.0,0.0,0.0,0.0,0.0,0.0,0.0,0.0,0.0,0.0,0.0,0.0,0.0
1331,201704080CHO,"6:00 PM, April 8, 2017",2017,Charlotte Hornets,Boston Celtics,0,Christian Wood,0:00,0.0,0.0,0.0,0.0,0.0,0.0,0.0,0.0,0.0,0.0,0.0,0.0,0.0,0.0,0.0,0.0,0.0,0.0,0.0,0.0,0.0,0.0,0.0,0.0,0.0,0.0,0.0,0.0,0.0,0.0,0.0,0.0,0.0
1332,201704080GSW,"10:30 PM, April 8, 2017",2017,New Orleans Pelicans,Golden State Warriors,1,Jrue Holiday,32:24,5,15,.333,0,4,.000,0,0,,1,5,6,10,0,0,1,2,10,-28,.333,.333,.267,.000,3.3,17.6,10.2,42.8,0.0,0.0,6.3,23.2,90,130
1333,201704080GSW,"10:30 PM, April 8, 2017",2017,New Orleans Pelicans,Golden State Warriors,1,Alexis Ajinca,28:47,8,14,.571,0,0,,1,1,1.000,1,5,6,1,0,0,0,5,17,-11,.589,.571,.000,.071,3.7,19.9,11.5,5.8,0.0,0.0,0.0,23.5,118,129
1334,201704080GSW,"10:30 PM, April 8, 2017",2017,New Orleans Pelicans,Golden State Warriors,1,Dante Cunningham,26:59,3,6,.500,0,2,.000,0,0,,1,4,5,0,0,0,0,0,6,-23,.500,.500,.333,.000,4.0,16.9,10.2,0.0,0.0,0.0,0.0,10.4,105,130
1335,201704080GSW,"10:30 PM, April 8, 2017",2017,New Orleans Pelicans,Golden State Warriors,1,Solomon Hill,26:00,0,6,.000,0,3,.000,2,2,1.000,1,2,3,3,2,0,1,1,2,-6,.145,.000,.500,.333,4.1,8.8,6.4,13.2,3.9,0.0,12.7,14.2,55,124
1336,201704080GSW,"10:30 PM, April 8, 2017",2017,New Orleans Pelicans,Golden State Warriors,1,Tim Frazier,22:56,2,3,.667,1,2,.500,3,6,.500,0,2,2,3,0,0,2,4,8,-4,.709,.833,.667,2.000,0.0,10.0,4.8,16.6,0.0,0.0,26.2,15.6,110,133
1337,201704080GSW,"10:30 PM, April 8, 2017",2017,New Orleans Pelicans,Golden State Warriors,0,Jordan Crawford,29:39,8,16,.500,1,5,.200,4,5,.800,0,1,1,2,1,0,2,1,21,-12,.577,.531,.313,.313,0.0,3.9,1.9,11.1,1.7,0.0,9.9,31.9,104,131
1338,201704080GSW,"10:30 PM, April 8, 2017",2017,New Orleans Pelicans,Golden State Warriors,0,Quinn Cook,27:56,10,13,.769,2,3,.667,0,1,.000,0,1,1,3,0,0,0,1,22,-3,.818,.846,.231,.077,0.0,4.1,2.0,20.8,0.0,0.0,0.0,22.6,157,135
1339,201704080GSW,"10:30 PM, April 8, 2017",2017,New Orleans Pelicans,Golden State Warriors,0,Cheick Diallo,26:06,3,6,.500,0,0,,1,2,.500,2,7,9,0,0,0,2,0,7,-12,.509,.500,.000,.333,8.2,30.7,19.0,0.0,0.0,0.0,22.5,16.0,87,126
1340,201704080GSW,"10:30 PM, April 8, 2017",2017,New Orleans Pelicans,Golden State Warriors,0,Donatas Motiejunas,19:13,3,7,.429,1,2,.500,1,2,.500,0,1,1,2,0,1,0,1,8,-11,.508,.500,.286,.286,0.0,5.9,2.9,14.5,0.0,4.0,0.0,19.2,108,131
1341,201704080GSW,"10:30 PM, April 8, 2017",2017,Golden State Warriors,New Orleans Pelicans,1,Kevin Durant,30:56,6,15,.400,0,4,.000,4,4,1.000,1,9,10,6,0,0,1,3,16,+22,.477,.400,.267,.267,3.7,31.0,17.8,23.5,0.0,0.0,5.6,24.6,117,106
1342,201704080GSW,"10:30 PM, April 8, 2017",2017,Golden State Warriors,New Orleans Pelicans,1,Klay Thompson,27:26,5,16,.313,3,9,.333,7,7,1.000,1,2,3,2,0,1,0,0,20,+18,.524,.406,.563,.438,4.2,7.8,6.0,8.7,0.0,2.7,0.0,29.8,127,107
1343,201704080GSW,"10:30 PM, April 8, 2017",2017,Golden State Warriors,New Orleans Pelicans,1,Shaun Livingston,24:09,7,10,.700,0,0,,0,0,,1,0,1,6,0,0,1,1,14,+21,.700,.700,.000,.000,4.7,0.0,2.3,34.0,0.0,0.0,9.1,19.5,143,111
1344,201704080GSW,"10:30 PM, April 8, 2017",2017,Golden State Warriors,New Orleans Pelicans,1,Zaza Pachulia,21:59,1,2,.500,0,0,,0,0,,1,8,9,3,0,0,1,3,2,+6,.500,.500,.000,.000,5.2,38.8,22.6,14.0,0.0,0.0,33.3,5.8,113,105
1345,201704080GSW,"10:30 PM, April 8, 2017",2017,Golden State Warriors,New Orleans Pelicans,1,Draymond Green,21:02,4,8,.500,3,6,.500,2,2,1.000,2,6,8,3,0,2,1,2,13,+17,.732,.688,.750,.250,10.9,30.4,21.0,17.2,0.0,7.0,10.1,20.1,147,99
1346,201704080GSW,"10:30 PM, April 8, 2017",2017,Golden State Warriors,New Orleans Pelicans,0,Ian Clark,27:47,8,13,.615,1,4,.250,0,0,,1,2,3,4,0,0,1,2,17,+3,.654,.654,.308,.000,4.1,7.7,6.0,19.6,0.0,0.0,7.1,21.6,132,110
1347,201704080GSW,"10:30 PM, April 8, 2017",2017,Golden State Warriors,New Orleans Pelicans,0,Andre Iguodala,21:08,7,10,.700,1,4,.250,0,0,,0,5,5,5,0,0,0,0,15,+15,.750,.750,.400,.000,0.0,25.2,13.1,34.3,0.0,0.0,0.0,20.3,162,108
1348,201704080GSW,"10:30 PM, April 8, 2017",2017,Golden State Warriors,New Orleans Pelicans,0,Patrick McCaw,20:35,0,4,.000,0,3,.000,2,2,1.000,0,0,0,2,2,0,2,1,2,+8,.205,.000,.750,.500,0.0,0.0,0.0,9.5,4.9,0.0,29.1,14.3,52,101
1349,201704080GSW,"10:30 PM, April 8, 2017",2017,Golden State Warriors,New Orleans Pelicans,0,JaVale McGee,16:12,8,10,.800,0,0,,0,1,.000,4,3,7,0,0,1,1,1,16,+5,.766,.800,.000,.100,28.2,19.8,23.8,0.0,0.0,4.6,8.7,30.3,141,103
1350,201704080GSW,"10:30 PM, April 8, 2017",2017,Golden State Warriors,New Orleans Pelicans,0,David West,15:39,1,4,.250,0,0,,0,0,,2,2,4,4,0,0,0,2,2,+1,.250,.250,.000,.000,14.6,13.6,14.1,26.7,0.0,0.0,0.0,10.9,122,108
1351,201704080GSW,"10:30 PM, April 8, 2017",2017,Golden State Warriors,New Orleans Pelicans,0,Matt Barnes,7:17,1,1,1.000,1,1,1.000,0,0,,1,2,3,2,0,0,1,0,3,+4,1.500,1.500,1.000,.000,15.7,29.3,22.7,31.1,0.0,0.0,50.0,11.8,143,107
1352,201704080GSW,"10:30 PM, April 8, 2017",2017,Golden State Warriors,New Orleans Pelicans,0,James Michael McAdoo,5:50,1,3,.333,1,2,.500,0,0,,0,0,0,0,0,0,0,0,3,-10,.500,.500,.667,.000,0.0,0.0,0.0,0.0,0.0,0.0,0.0,22.0,107,111
1353,201704080ORL,"6:00 PM, April 8, 2017",2017,Indiana Pacers,Orlando Magic,1,Paul George,39:30,14,22,.636,4,9,.444,5,7,.714,0,7,7,6,0,0,2,2,37,+7,.738,.727,.409,.318,0.0,19.8,10.9,21.5,0.0,0.0,7.4,30.1,137,114
1354,201704080ORL,"6:00 PM, April 8, 2017",2017,Indiana Pacers,Orlando Magic,1,Jeff Teague,31:25,3,11,.273,1,3,.333,2,2,1.000,0,4,4,13,3,0,2,0,9,+9,.379,.318,.273,.182,0.0,14.2,7.8,42.8,4.5,0.0,14.4,19.4,109,105
1355,201704080ORL,"6:00 PM, April 8, 2017",2017,Indiana Pacers,Orlando Magic,1,Thaddeus Young,30:37,7,8,.875,0,0,,0,0,,1,3,4,2,1,1,1,2,14,+10,.875,.875,.000,.000,4.5,10.9,8.0,7.8,1.5,2.9,11.1,12.9,154,108
1356,201704080ORL,"6:00 PM, April 8, 2017",2017,Indiana Pacers,Orlando Magic,1,Myles Turner,30:29,10,13,.769,1,1,1.000,2,3,.667,2,8,10,1,0,2,2,2,23,0,.803,.808,.077,.231,9.0,29.3,20.2,4.5,0.0,5.8,12.3,23.5,136,107
1357,201704080ORL,"6:00 PM, April 8, 2017",2017,Indiana Pacers,Orlando Magic,1,Monta Ellis,24:58,2,5,.400,1,2,.500,0,0,,0,1,1,5,1,0,4,2,5,+3,.500,.500,.400,.000,0.0,4.5,2.5,20.4,1.9,0.0,44.4,15.8,78,111
1358,201704080ORL,"6:00 PM, April 8, 2017",2017,Indiana Pacers,Orlando Magic,0,Lance Stephenson,21:38,3,7,.429,2,2,1.000,0,0,,0,6,6,3,0,1,3,1,8,+12,.571,.571,.286,.000,0.0,31.0,17.1,15.0,0.0,4.1,30.0,20.3,86,109
1359,201704080ORL,"6:00 PM, April 8, 2017",2017,Indiana Pacers,Orlando Magic,0,C.J. Miles,19:52,4,7,.571,2,4,.500,1,1,1.000,1,2,3,0,1,0,0,0,11,+9,.739,.714,.571,.143,6.9,11.2,9.3,0.0,2.4,0.0,0.0,16.4,145,110
1360,201704080ORL,"6:00 PM, April 8, 2017",2017,Indiana Pacers,Orlando Magic,0,Kevin Seraphin,17:31,4,7,.571,0,0,,3,5,.600,0,4,4,1,0,0,0,3,11,+15,.598,.571,.000,.714,0.0,25.5,14.1,6.8,0.0,0.0,0.0,23.1,124,113
1361,201704080ORL,"6:00 PM, April 8, 2017",2017,Indiana Pacers,Orlando Magic,0,Aaron Brooks,16:35,0,1,.000,0,1,.000,0,0,,0,1,1,4,0,0,1,3,0,+6,.000,.000,1.000,.000,0.0,6.7,3.7,22.7,0.0,0.0,50.0,5.3,91,115
1362,201704080ORL,"6:00 PM, April 8, 2017",2017,Indiana Pacers,Orlando Magic,0,Lavoy Allen,4:37,3,4,.750,0,0,,1,1,1.000,2,2,4,0,0,0,0,0,7,+4,.788,.750,.000,.250,59.4,48.4,53.3,0.0,0.0,0.0,0.0,42.2,167,112
1363,201704080ORL,"6:00 PM, April 8, 2017",2017,Indiana Pacers,Orlando Magic,0,Joe Young,1:24,1,1,1.000,0,0,,0,0,,0,1,1,0,0,0,0,0,2,0,,,,,0.0,0.0,0.0,0.0,0.0,0.0,,0.0,0,116
1364,201704080ORL,"6:00 PM, April 8, 2017",2017,Indiana Pacers,Orlando Magic,0,Rakeem Christmas,1:24,0,0,,0,0,,0,0,,0,0,0,0,0,0,0,0,0,0,1.000,1.000,.000,.000,0.0,79.7,44.0,0.0,0.0,0.0,0.0,31.4,200,109
1365,201704080ORL,"6:00 PM, April 8, 2017",2017,Indiana Pacers,Orlando Magic,0,Al Jefferson,0:00,0.0,0.0,0.0,0.0,0.0,0.0,0.0,0.0,0.0,0.0,0.0,0.0,0.0,0.0,0.0,0.0,0.0,0.0,0.0,0.0,0.0,0.0,0.0,0.0,0.0,0.0,0.0,0.0,0.0,0.0,0.0,0.0,0.0
1366,201704080ORL,"6:00 PM, April 8, 2017",2017,Orlando Magic,Indiana Pacers,1,Aaron Gordon,37:29,7,13,.538,1,3,.333,2,2,1.000,2,2,4,3,2,1,1,3,17,-10,.612,.577,.231,.154,6.0,7.3,6.6,12.0,2.5,2.0,6.7,17.9,122,123
1367,201704080ORL,"6:00 PM, April 8, 2017",2017,Orlando Magic,Indiana Pacers,1,Evan Fournier,36:39,6,10,.600,4,6,.667,7,8,.875,0,2,2,2,0,0,0,2,23,0,.851,.800,.600,.800,0.0,7.5,3.4,7.9,0.0,0.0,0.0,16.6,166,130
1368,201704080ORL,"6:00 PM, April 8, 2017",2017,Orlando Magic,Indiana Pacers,1,Terrence Ross,36:28,10,17,.588,6,11,.545,3,3,1.000,0,4,4,2,2,0,4,3,29,-6,.791,.765,.647,.176,0.0,15.0,6.8,9.5,2.6,0.0,17.9,27.5,115,124
1369,201704080ORL,"6:00 PM, April 8, 2017",2017,Orlando Magic,Indiana Pacers,1,Elfrid Payton,33:21,5,10,.500,0,0,,0,0,,0,3,3,10,1,0,6,1,10,-5,.500,.500,.000,.000,0.0,12.3,5.5,42.6,1.4,0.0,37.5,21.6,86,127
1370,201704080ORL,"6:00 PM, April 8, 2017",2017,Orlando Magic,Indiana Pacers,1,Nikola Vucevic,31:04,4,12,.333,0,1,.000,0,0,,0,10,10,5,3,1,1,2,8,-5,.333,.333,.083,.000,0.0,44.1,19.8,22.2,4.6,2.4,7.7,18.8,79,115
1371,201704080ORL,"6:00 PM, April 8, 2017",2017,Orlando Magic,Indiana Pacers,0,Bismack Biyombo,16:56,3,3,1.000,0,0,,1,4,.250,1,3,4,1,1,0,1,2,7,-10,.735,1.000,.000,1.333,6.6,24.3,14.5,8.7,2.8,0.0,17.4,15.3,121,123
1372,201704080ORL,"6:00 PM, April 8, 2017",2017,Orlando Magic,Indiana Pacers,0,Mario Hezonja,16:54,4,7,.571,1,3,.333,0,0,,0,1,1,1,0,0,0,2,9,-18,.643,.643,.429,.000,0.0,8.1,3.6,9.6,0.0,0.0,0.0,18.6,120,130
1373,201704080ORL,"6:00 PM, April 8, 2017",2017,Orlando Magic,Indiana Pacers,0,Jodie Meeks,13:42,2,7,.286,2,5,.400,2,3,.667,0,3,3,1,0,0,0,0,8,-11,.481,.429,.714,.429,0.0,30.0,13.5,10.3,0.0,0.0,0.0,27.3,98,128
1374,201704080ORL,"6:00 PM, April 8, 2017",2017,Orlando Magic,Indiana Pacers,0,C.J. Watson,13:15,0,5,.000,0,1,.000,1,2,.500,1,1,2,3,1,0,0,1,1,-10,.085,.000,.200,.400,8.4,10.4,9.3,26.5,3.6,0.0,0.0,20.0,60,122
1375,201704080ORL,"6:00 PM, April 8, 2017",2017,Orlando Magic,Indiana Pacers,0,Marcus Georges-Hunt,1:24,0,0,,0,0,,0,0,,0,0,0,0,0,0,0,0,0,0,,,,,0.0,0.0,0.0,0.0,0.0,0.0,,0.0,0,131
1376,201704080ORL,"6:00 PM, April 8, 2017",2017,Orlando Magic,Indiana Pacers,0,Damjan Rudez,1:24,0,0,,0,0,,0,0,,0,0,0,1,0,0,0,0,0,0,,,,,0.0,0.0,0.0,0.0,0.0,0.0,,0.0,0,131
1377,201704080ORL,"6:00 PM, April 8, 2017",2017,Orlando Magic,Indiana Pacers,0,Patricio Garino,1:24,0,0,,0,0,,0,0,,0,0,0,0,0,0,0,0,0,0,,,,,0.0,0.0,0.0,83.6,0.0,0.0,,0.0,234,131
1378,201704080ORL,"6:00 PM, April 8, 2017",2017,Orlando Magic,Indiana Pacers,0,D.J. Augustin,0:00,0.0,0.0,0.0,0.0,0.0,0.0,0.0,0.0,0.0,0.0,0.0,0.0,0.0,0.0,0.0,0.0,0.0,0.0,0.0,0.0,0.0,0.0,0.0,0.0,0.0,0.0,0.0,0.0,0.0,0.0,0.0,0.0,0.0
1379,201704080PHI,"7:00 PM, April 8, 2017",2017,Milwaukee Bucks,Philadelphia 76ers,1,Giannis Antetokounmpo,40:17,7,15,.467,0,3,.000,6,11,.545,0,10,10,6,3,2,4,3,20,+6,.504,.467,.200,.733,0.0,25.4,13.2,26.8,3.8,5.2,16.8,27.6,93,79
1380,201704080PHI,"7:00 PM, April 8, 2017",2017,Milwaukee Bucks,Philadelphia 76ers,1,Khris Middleton,33:19,3,11,.273,0,1,.000,2,2,1.000,2,6,8,2,3,0,2,2,8,+14,.337,.273,.091,.182,6.7,18.4,12.8,9.4,4.6,0.0,14.4,19.5,73,82
1381,201704080PHI,"7:00 PM, April 8, 2017",2017,Milwaukee Bucks,Philadelphia 76ers,1,Matthew Dellavedova,32:53,5,14,.357,2,7,.286,2,2,1.000,1,2,3,3,0,0,1,3,14,+10,.470,.429,.500,.143,3.4,6.2,4.9,15.8,0.0,0.0,6.3,22.5,97,98
1382,201704080PHI,"7:00 PM, April 8, 2017",2017,Milwaukee Bucks,Philadelphia 76ers,1,Tony Snell,32:34,2,6,.333,1,5,.200,0,0,,0,2,2,1,2,0,0,0,5,+12,.417,.417,.833,.000,0.0,6.3,3.3,4.6,3.1,0.0,0.0,8.6,89,91
1383,201704080PHI,"7:00 PM, April 8, 2017",2017,Milwaukee Bucks,Philadelphia 76ers,1,Thon Maker,16:13,1,1,1.000,0,0,,1,1,1.000,1,5,6,0,0,1,0,3,3,+12,1.042,1.000,.000,1.000,6.9,31.5,19.7,0.0,0.0,6.4,0.0,4.1,217,84
1384,201704080PHI,"7:00 PM, April 8, 2017",2017,Milwaukee Bucks,Philadelphia 76ers,0,Mirza Teletovic,22:24,2,6,.333,1,5,.200,0,0,,0,4,4,1,0,0,0,2,5,-4,.417,.417,.833,.000,0.0,18.2,9.5,7.0,0.0,0.0,0.0,12.5,89,93
1385,201704080PHI,"7:00 PM, April 8, 2017",2017,Milwaukee Bucks,Philadelphia 76ers,0,Greg Monroe,22:02,8,14,.571,0,0,,1,2,.500,2,3,5,3,2,1,3,3,17,-2,.571,.571,.000,.143,10.1,13.9,12.1,37.2,4.7,4.7,16.8,37.9,100,81
1386,201704080PHI,"7:00 PM, April 8, 2017",2017,Milwaukee Bucks,Philadelphia 76ers,0,Jason Terry,18:00,2,4,.500,2,3,.667,0,0,,0,2,2,0,0,0,3,2,6,-1,.750,.750,.750,.000,0.0,11.3,5.9,0.0,0.0,0.0,42.9,18.2,72,96
1387,201704080PHI,"7:00 PM, April 8, 2017",2017,Milwaukee Bucks,Philadelphia 76ers,0,Gary Payton,12:33,2,3,.667,0,1,.000,0,0,,0,1,1,2,0,0,2,2,4,-5,.667,.667,.333,.000,0.0,8.1,4.2,28.0,0.0,0.0,40.0,18.6,86,97
1388,201704080PHI,"7:00 PM, April 8, 2017",2017,Milwaukee Bucks,Philadelphia 76ers,0,Spencer Hawes,9:45,3,5,.600,0,2,.000,2,2,1.000,0,2,2,0,0,0,0,1,8,-2,.680,.600,.400,.400,0.0,20.9,10.9,0.0,0.0,0.0,0.0,28.2,134,92
1389,201704080PHI,"7:00 PM, April 8, 2017",2017,Milwaukee Bucks,Philadelphia 76ers,0,Rashad Vaughn,0:00,0.0,0.0,0.0,0.0,0.0,0.0,0.0,0.0,0.0,0.0,0.0,0.0,0.0,0.0,0.0,0.0,0.0,0.0,0.0,0.0,0.0,0.0,0.0,0.0,0.0,0.0,0.0,0.0,0.0,0.0,0.0,0.0,0.0
1390,201704080PHI,"7:00 PM, April 8, 2017",2017,Milwaukee Bucks,Philadelphia 76ers,0,Michael Beasley,0:00,0.0,0.0,0.0,0.0,0.0,0.0,0.0,0.0,0.0,0.0,0.0,0.0,0.0,0.0,0.0,0.0,0.0,0.0,0.0,0.0,0.0,0.0,0.0,0.0,0.0,0.0,0.0,0.0,0.0,0.0,0.0,0.0,0.0
1391,201704080PHI,"7:00 PM, April 8, 2017",2017,Philadelphia 76ers,Milwaukee Bucks,1,Richaun Holmes,36:17,6,11,.545,3,4,.750,2,2,1.000,2,8,10,0,0,1,4,3,17,-8,.715,.682,.364,.182,5.6,24.6,14.7,0.0,0.0,2.5,25.2,20.2,96,97
1392,201704080PHI,"7:00 PM, April 8, 2017",2017,Philadelphia 76ers,Milwaukee Bucks,1,T.J. McConnell,34:17,3,7,.429,0,0,,4,4,1.000,1,1,2,10,3,0,4,1,10,-11,.571,.429,.000,.571,3.0,3.3,3.1,61.4,4.5,0.0,31.3,17.2,103,93
1393,201704080PHI,"7:00 PM, April 8, 2017",2017,Philadelphia 76ers,Milwaukee Bucks,1,Timothe Luwawu-Cabarrot,34:05,3,11,.273,2,6,.333,4,4,1.000,1,3,4,2,4,0,1,0,12,-2,.470,.364,.545,.364,3.0,9.8,6.3,12.4,6.0,0.0,7.3,18.6,98,89
1394,201704080PHI,"7:00 PM, April 8, 2017",2017,Philadelphia 76ers,Milwaukee Bucks,1,Justin Anderson,28:40,2,12,.167,0,6,.000,4,6,.667,3,3,6,2,0,0,1,2,8,-16,.273,.167,.500,.500,10.7,11.7,11.2,14.2,0.0,0.0,6.4,25.2,71,101
1395,201704080PHI,"7:00 PM, April 8, 2017",2017,Philadelphia 76ers,Milwaukee Bucks,1,Dario Saric,24:06,6,12,.500,1,6,.167,1,1,1.000,0,8,8,4,2,0,4,3,14,-5,.563,.542,.500,.083,0.0,37.1,17.7,52.9,4.3,0.0,24.3,31.4,84,88
1396,201704080PHI,"7:00 PM, April 8, 2017",2017,Philadelphia 76ers,Milwaukee Bucks,0,Nik Stauskas,28:01,3,10,.300,2,6,.333,0,0,,0,3,3,2,0,0,0,1,8,0,.400,.400,.600,.000,0.0,12.0,5.7,15.7,0.0,0.0,0.0,16.5,87,101
1397,201704080PHI,"7:00 PM, April 8, 2017",2017,Philadelphia 76ers,Milwaukee Bucks,0,Alex Poythress,23:54,2,8,.250,0,1,.000,2,2,1.000,2,6,8,0,0,0,2,3,6,-3,.338,.250,.125,.250,8.5,28.0,17.9,0.0,0.0,0.0,18.4,21.0,65,98
1398,201704080PHI,"7:00 PM, April 8, 2017",2017,Philadelphia 76ers,Milwaukee Bucks,0,Gerald Henderson,18:57,0,3,.000,0,2,.000,3,4,.750,1,1,2,2,0,0,0,2,3,+5,.315,.000,.667,1.333,5.4,5.9,5.6,18.8,0.0,0.0,0.0,11.6,95,102
1399,201704080PHI,"7:00 PM, April 8, 2017",2017,Philadelphia 76ers,Milwaukee Bucks,0,Tiago Splitter,11:43,2,3,.667,0,0,,0,0,,0,4,4,1,0,0,1,1,4,0,.667,.667,.000,.000,0.0,38.1,18.2,21.8,0.0,0.0,25.0,15.7,92,97
1400,201704080PHI,"7:00 PM, April 8, 2017",2017,Philadelphia 76ers,Milwaukee Bucks,0,Shawn Long,0:00,0.0,0.0,0.0,0.0,0.0,0.0,0.0,0.0,0.0,0.0,0.0,0.0,0.0,0.0,0.0,0.0,0.0,0.0,0.0,0.0,0.0,0.0,0.0,0.0,0.0,0.0,0.0,0.0,0.0,0.0,0.0,0.0,0.0
1401,201704080POR,"10:00 PM, April 8, 2017",2017,Utah Jazz,Portland Trail Blazers,1,Rudy Gobert,30:46,5,6,.833,0,0,,3,3,1.000,2,9,11,1,0,4,1,3,13,-1,.888,.833,.000,.500,7.1,28.1,18.3,6.7,0.0,10.2,12.0,13.2,159,106
1402,201704080POR,"10:00 PM, April 8, 2017",2017,Utah Jazz,Portland Trail Blazers,1,Gordon Hayward,30:39,7,14,.500,1,2,.500,6,8,.750,0,5,5,4,0,0,2,2,21,-16,.599,.536,.143,.571,0.0,15.7,8.3,31.3,0.0,0.0,10.2,31.0,114,120
1403,201704080POR,"10:00 PM, April 8, 2017",2017,Utah Jazz,Portland Trail Blazers,1,Joe Ingles,26:52,1,4,.250,1,3,.333,0,0,,0,5,5,1,2,0,1,3,3,-15,.375,.375,.750,.000,0.0,17.9,9.5,6.1,4.1,0.0,20.0,9.1,67,109
1404,201704080POR,"10:00 PM, April 8, 2017",2017,Utah Jazz,Portland Trail Blazers,1,Boris Diaw,18:27,2,3,.667,0,0,,0,0,,1,4,5,3,0,0,0,1,4,-10,.667,.667,.000,.000,5.9,20.8,13.8,30.3,0.0,0.0,0.0,7.9,157,118
1405,201704080POR,"10:00 PM, April 8, 2017",2017,Utah Jazz,Portland Trail Blazers,1,Dante Exum,14:06,0,4,.000,0,2,.000,1,2,.500,0,1,1,3,0,1,3,0,1,-9,.102,.000,.500,.500,0.0,6.8,3.6,32.9,0.0,5.6,38.1,27.2,31,119
1406,201704080POR,"10:00 PM, April 8, 2017",2017,Utah Jazz,Portland Trail Blazers,0,Shelvin Mack,27:01,3,7,.429,0,2,.000,0,0,,1,2,3,2,0,0,2,2,6,-18,.429,.429,.286,.000,4.0,7.1,5.7,13.8,0.0,0.0,22.2,16.2,78,124
1407,201704080POR,"10:00 PM, April 8, 2017",2017,Utah Jazz,Portland Trail Blazers,0,Joe Johnson,23:38,5,12,.417,3,6,.500,0,0,,0,1,1,0,0,1,0,1,13,-5,.542,.542,.500,.000,0.0,4.1,2.2,0.0,0.0,3.3,0.0,24.7,104,122
1408,201704080POR,"10:00 PM, April 8, 2017",2017,Utah Jazz,Portland Trail Blazers,0,Rodney Hood,22:06,3,12,.250,0,1,.000,5,6,.833,1,4,5,1,0,1,0,2,11,-3,.376,.250,.083,.500,4.9,17.4,11.6,8.9,0.0,3.6,0.0,32.3,88,116
1409,201704080POR,"10:00 PM, April 8, 2017",2017,Utah Jazz,Portland Trail Blazers,0,Derrick Favors,13:53,3,7,.429,0,1,.000,0,1,.000,3,0,3,0,0,0,0,1,6,-12,.403,.429,.143,.143,23.6,0.0,11.0,0.0,0.0,0.0,0.0,26.1,97,127
1410,201704080POR,"10:00 PM, April 8, 2017",2017,Utah Jazz,Portland Trail Blazers,0,Raul Neto,12:46,0,2,.000,0,1,.000,0,0,,0,2,2,2,0,2,1,2,0,+14,.000,.000,.500,.000,0.0,15.0,8.0,24.3,0.0,12.3,33.3,11.4,31,110
1411,201704080POR,"10:00 PM, April 8, 2017",2017,Utah Jazz,Portland Trail Blazers,0,Alec Burks,10:30,1,4,.250,0,0,,1,2,.500,0,4,4,2,0,0,0,0,3,+2,.307,.250,.000,.500,0.0,36.6,19.5,34.6,0.0,0.0,0.0,22.6,82,111
1412,201704080POR,"10:00 PM, April 8, 2017",2017,Utah Jazz,Portland Trail Blazers,0,Trey Lyles,5:55,1,3,.333,1,1,1.000,2,2,1.000,1,1,2,0,0,0,0,0,5,0,.644,.500,.333,.667,18.4,16.2,17.3,0.0,0.0,0.0,0.0,31.9,141,120
1413,201704080POR,"10:00 PM, April 8, 2017",2017,Utah Jazz,Portland Trail Blazers,0,Jeff Withey,3:21,0,0,,0,0,,0,0,,0,0,0,0,0,0,0,1,0,-2,,,,,0.0,0.0,0.0,0.0,0.0,0.0,,0.0,0,127
1414,201704080POR,"10:00 PM, April 8, 2017",2017,Portland Trail Blazers,Utah Jazz,1,Damian Lillard,41:49,18,34,.529,9,14,.643,14,16,.875,0,6,6,5,1,1,0,0,59,+19,.719,.662,.412,.471,0.0,15.7,7.3,35.1,1.3,1.9,0.0,46.6,154,99
1415,201704080POR,"10:00 PM, April 8, 2017",2017,Portland Trail Blazers,Utah Jazz,1,Maurice Harkless,36:48,6,7,.857,0,0,,0,0,,1,2,3,0,3,0,0,5,12,+7,.857,.857,.000,.000,2.6,5.9,4.2,0.0,4.5,0.0,0.0,9.0,174,96
1416,201704080POR,"10:00 PM, April 8, 2017",2017,Portland Trail Blazers,Utah Jazz,1,CJ McCollum,35:09,4,20,.200,1,4,.250,0,0,,1,2,3,5,0,1,0,0,9,+18,.225,.225,.200,.000,2.7,6.2,4.4,21.6,0.0,2.3,0.0,27.0,69,105
1417,201704080POR,"10:00 PM, April 8, 2017",2017,Portland Trail Blazers,Utah Jazz,1,Noah Vonleh,30:52,1,5,.200,0,0,,0,0,,5,4,9,2,0,3,0,3,2,+9,.200,.200,.000,.000,15.6,14.1,14.9,8.8,0.0,7.9,0.0,7.7,109,97
1418,201704080POR,"10:00 PM, April 8, 2017",2017,Portland Trail Blazers,Utah Jazz,1,Meyers Leonard,30:16,3,8,.375,3,8,.375,0,0,,1,4,5,1,0,0,0,4,9,+20,.563,.563,1.000,.000,3.2,14.4,8.4,4.9,0.0,0.0,0.0,12.6,127,103
1419,201704080POR,"10:00 PM, April 8, 2017",2017,Portland Trail Blazers,Utah Jazz,0,Al-Farouq Aminu,30:33,1,8,.125,0,2,.000,0,0,,3,9,12,0,0,0,1,0,2,+11,.125,.125,.250,.000,9.4,32.1,20.1,0.0,0.0,0.0,11.1,14.0,49,99
1420,201704080POR,"10:00 PM, April 8, 2017",2017,Portland Trail Blazers,Utah Jazz,0,Evan Turner,24:16,3,7,.429,0,2,.000,0,0,,1,5,6,2,1,1,1,3,6,-4,.429,.429,.286,.000,4.0,22.5,12.6,12.7,2.3,3.4,12.5,15.7,94,93
1421,201704080POR,"10:00 PM, April 8, 2017",2017,Portland Trail Blazers,Utah Jazz,0,Pat Connaughton,7:13,1,2,.500,0,0,,0,0,,0,2,2,0,0,0,1,0,2,-1,.500,.500,.000,.000,0.0,30.2,14.2,0.0,0.0,0.0,33.3,19.7,63,99
1422,201704080POR,"10:00 PM, April 8, 2017",2017,Portland Trail Blazers,Utah Jazz,0,Shabazz Napier,1:21,0,0,,0,0,,0,0,,0,0,0,0,0,0,0,1,0,-2,,,,,0.0,80.8,37.8,0.0,0.0,0.0,,0.0,0,84
1423,201704080POR,"10:00 PM, April 8, 2017",2017,Portland Trail Blazers,Utah Jazz,0,Jake Layman,1:21,0,0,,0,0,,0,0,,0,1,1,0,0,0,0,0,0,-2,,,,,0.0,0.0,0.0,0.0,0.0,0.0,,0.0,0,105
1424,201704080POR,"10:00 PM, April 8, 2017",2017,Portland Trail Blazers,Utah Jazz,0,Tim Quarterman,0:22,0,0,,0,0,,0,0,,0,0,0,0,0,0,0,0,0,0,,,,,0.0,0.0,0.0,0.0,0.0,0.0,,0.0,0,108
1425,201704080SAS,"8:30 PM, April 8, 2017",2017,Los Angeles Clippers,San Antonio Spurs,1,Blake Griffin,36:27,7,19,.368,0,4,.000,4,4,1.000,1,7,8,1,0,1,2,3,18,+9,.434,.368,.211,.211,3.2,21.0,12.4,4.0,0.0,2.3,8.8,31.2,86,101
1426,201704080SAS,"8:30 PM, April 8, 2017",2017,Los Angeles Clippers,San Antonio Spurs,1,DeAndre Jordan,36:18,8,10,.800,0,0,,1,4,.250,5,12,17,2,1,0,0,2,17,+4,.723,.800,.000,.400,16.1,36.1,26.4,8.4,1.5,0.0,0.0,16.2,156,96
1427,201704080SAS,"8:30 PM, April 8, 2017",2017,Los Angeles Clippers,San Antonio Spurs,1,Luc Mbah a Moute,35:24,4,7,.571,0,1,.000,2,4,.500,1,1,2,1,2,0,0,1,10,+7,.571,.571,.143,.571,3.3,3.1,3.2,3.7,3.1,0.0,0.0,12.4,124,100
1428,201704080SAS,"8:30 PM, April 8, 2017",2017,Los Angeles Clippers,San Antonio Spurs,1,Chris Paul,30:30,9,16,.563,1,3,.333,0,0,,0,8,8,8,3,1,2,2,19,+3,.594,.594,.188,.000,0.0,28.6,14.8,45.2,5.3,2.7,11.1,29.5,118,87
1429,201704080SAS,"8:30 PM, April 8, 2017",2017,Los Angeles Clippers,San Antonio Spurs,1,J.J. Redick,25:39,4,8,.500,3,5,.600,0,0,,0,1,1,2,0,2,1,0,11,+4,.688,.688,.625,.000,0.0,4.3,2.2,10.8,0.0,6.5,11.1,17.5,123,101
1430,201704080SAS,"8:30 PM, April 8, 2017",2017,Los Angeles Clippers,San Antonio Spurs,0,Jamal Crawford,23:29,5,10,.500,1,2,.500,1,2,.500,0,0,0,2,0,0,0,2,12,+7,.551,.550,.200,.200,0.0,0.0,0.0,12.9,0.0,0.0,0.0,23.1,117,107
1431,201704080SAS,"8:30 PM, April 8, 2017",2017,Los Angeles Clippers,San Antonio Spurs,0,Raymond Felton,17:30,3,5,.600,0,0,,0,0,,0,3,3,2,1,0,0,1,6,+8,.600,.600,.000,.000,0.0,18.7,9.7,16.2,3.1,0.0,0.0,14.3,131,97
1432,201704080SAS,"8:30 PM, April 8, 2017",2017,Los Angeles Clippers,San Antonio Spurs,0,Marreese Speights,14:24,2,5,.400,1,4,.250,0,0,,1,1,2,2,1,1,0,2,5,+6,.500,.500,.800,.000,8.1,7.6,7.8,18.9,3.8,5.7,0.0,17.3,123,92
1433,201704080SAS,"8:30 PM, April 8, 2017",2017,Los Angeles Clippers,San Antonio Spurs,0,Wesley Johnson,12:36,0,3,.000,0,2,.000,0,0,,0,3,3,0,0,2,1,0,0,+4,.000,.000,.667,.000,0.0,26.0,13.4,0.0,0.0,13.1,25.0,15.8,0,90
1434,201704080SAS,"8:30 PM, April 8, 2017",2017,Los Angeles Clippers,San Antonio Spurs,0,Paul Pierce,7:43,0,1,.000,0,1,.000,0,0,,0,1,1,1,0,0,0,2,0,+3,.000,.000,1.000,.000,0.0,14.1,7.3,14.8,0.0,0.0,0.0,6.5,52,104
1435,201704080SAS,"8:30 PM, April 8, 2017",2017,Los Angeles Clippers,San Antonio Spurs,0,Alan Anderson,0:00,0.0,0.0,0.0,0.0,0.0,0.0,0.0,0.0,0.0,0.0,0.0,0.0,0.0,0.0,0.0,0.0,0.0,0.0,0.0,0.0,0.0,0.0,0.0,0.0,0.0,0.0,0.0,0.0,0.0,0.0,0.0,0.0,0.0
1436,201704080SAS,"8:30 PM, April 8, 2017",2017,Los Angeles Clippers,San Antonio Spurs,0,Brandon Bass,0:00,0.0,0.0,0.0,0.0,0.0,0.0,0.0,0.0,0.0,0.0,0.0,0.0,0.0,0.0,0.0,0.0,0.0,0.0,0.0,0.0,0.0,0.0,0.0,0.0,0.0,0.0,0.0,0.0,0.0,0.0,0.0,0.0,0.0
1437,201704080SAS,"8:30 PM, April 8, 2017",2017,Los Angeles Clippers,San Antonio Spurs,0,Brice Johnson,0:00,0.0,0.0,0.0,0.0,0.0,0.0,0.0,0.0,0.0,0.0,0.0,0.0,0.0,0.0,0.0,0.0,0.0,0.0,0.0,0.0,0.0,0.0,0.0,0.0,0.0,0.0,0.0,0.0,0.0,0.0,0.0,0.0,0.0
1438,201704080SAS,"8:30 PM, April 8, 2017",2017,San Antonio Spurs,Los Angeles Clippers,1,LaMarcus Aldridge,35:44,9,17,.529,0,1,.000,0,0,,0,2,2,0,1,1,2,3,18,-9,.529,.529,.059,.000,0.0,6.6,3.2,0.0,1.5,2.2,10.5,25.7,88,110
1439,201704080SAS,"8:30 PM, April 8, 2017",2017,San Antonio Spurs,Los Angeles Clippers,1,Kawhi Leonard,34:40,10,19,.526,5,8,.625,3,4,.750,0,5,5,5,1,0,3,1,28,-7,.674,.658,.421,.211,0.0,16.9,8.1,34.4,1.6,0.0,12.6,33.2,117,110
1440,201704080SAS,"8:30 PM, April 8, 2017",2017,San Antonio Spurs,Los Angeles Clippers,1,Jonathon Simmons,25:48,3,6,.500,0,2,.000,2,2,1.000,0,4,4,4,0,0,0,2,8,+2,.581,.500,.333,.333,0.0,18.2,8.8,26.2,0.0,0.0,0.0,12.9,134,113
1441,201704080SAS,"8:30 PM, April 8, 2017",2017,San Antonio Spurs,Los Angeles Clippers,1,Tony Parker,19:59,1,5,.200,0,1,.000,0,0,,0,0,0,2,0,0,0,2,2,-10,.200,.200,.200,.000,0.0,0.0,0.0,15.2,0.0,0.0,0.0,12.1,61,116
1442,201704080SAS,"8:30 PM, April 8, 2017",2017,San Antonio Spurs,Los Angeles Clippers,1,Dewayne Dedmon,15:24,2,6,.333,0,0,,0,1,.000,5,5,10,2,0,1,1,3,4,-5,.311,.333,.000,.167,35.4,38.0,36.7,22.5,0.0,5.0,13.4,23.4,94,103
1443,201704080SAS,"8:30 PM, April 8, 2017",2017,San Antonio Spurs,Los Angeles Clippers,0,Pau Gasol,26:39,4,8,.500,1,3,.333,6,7,.857,1,6,7,1,0,1,1,2,15,-7,.677,.563,.375,.875,4.1,26.4,14.8,6.7,0.0,2.9,8.3,21.9,130,108
1444,201704080SAS,"8:30 PM, April 8, 2017",2017,San Antonio Spurs,Los Angeles Clippers,0,Patty Mills,24:09,1,6,.167,1,3,.333,0,0,,0,3,3,2,1,0,1,0,3,-4,.250,.250,.500,.000,0.0,14.5,7.0,12.4,2.2,0.0,14.3,14.0,57,109
1445,201704080SAS,"8:30 PM, April 8, 2017",2017,San Antonio Spurs,Los Angeles Clippers,0,Manu Ginobili,21:07,1,4,.250,1,1,1.000,0,0,,0,4,4,2,0,0,3,2,3,-13,.375,.375,.250,.000,0.0,22.2,10.7,14.3,0.0,0.0,42.9,16.0,52,112
1446,201704080SAS,"8:30 PM, April 8, 2017",2017,San Antonio Spurs,Los Angeles Clippers,0,Kyle Anderson,14:59,0,1,.000,0,1,.000,0,0,,1,3,4,2,0,0,2,1,0,-1,.000,.000,1.000,.000,7.3,23.4,15.1,18.8,0.0,0.0,66.7,9.7,47,112
1447,201704080SAS,"8:30 PM, April 8, 2017",2017,San Antonio Spurs,Los Angeles Clippers,0,David Lee,12:32,3,6,.500,0,0,,0,0,,0,0,0,0,0,0,0,0,6,-2,.500,.500,.000,.000,0.0,0.0,0.0,0.0,0.0,0.0,0.0,23.2,95,117
1448,201704080SAS,"8:30 PM, April 8, 2017",2017,San Antonio Spurs,Los Angeles Clippers,0,Bryn Forbes,4:33,0,1,.000,0,1,.000,0,0,,0,1,1,0,0,0,0,1,0,+1,.000,.000,1.000,.000,0.0,25.7,12.4,0.0,0.0,0.0,0.0,10.6,0,110
1449,201704080SAS,"8:30 PM, April 8, 2017",2017,San Antonio Spurs,Los Angeles Clippers,0,Joel Anthony,2:13,0,0,,0,0,,0,0,,0,0,0,0,0,0,0,0,0,0,,,,,0.0,0.0,0.0,0.0,0.0,0.0,,0.0,0,117
1450,201704080SAS,"8:30 PM, April 8, 2017",2017,San Antonio Spurs,Los Angeles Clippers,0,Davis Bertans,2:13,0,1,.000,0,1,.000,0,0,,0,0,0,0,0,0,0,0,0,0,.000,.000,1.000,.000,0.0,0.0,0.0,0.0,0.0,0.0,0.0,21.8,0,117
1451,201704080WAS,"7:00 PM, April 8, 2017",2017,Miami Heat,Washington Wizards,1,Hassan Whiteside,37:27,12,19,.632,0,0,,6,9,.667,5,7,12,2,2,3,3,2,30,+10,.653,.632,.000,.474,16.0,22.4,19.2,11.9,2.6,6.5,11.6,30.6,122,102
1452,201704080WAS,"7:00 PM, April 8, 2017",2017,Miami Heat,Washington Wizards,1,Goran Dragic,37:20,6,16,.375,0,2,.000,6,8,.750,0,4,4,7,2,0,3,2,18,-9,.461,.375,.125,.500,0.0,12.9,6.4,30.7,2.7,0.0,13.3,26.6,96,109
1453,201704080WAS,"7:00 PM, April 8, 2017",2017,Miami Heat,Washington Wizards,1,James Johnson,37:18,6,14,.429,0,3,.000,3,4,.750,2,9,11,5,1,1,4,4,15,+7,.476,.429,.214,.286,6.4,29.0,17.7,22.0,1.3,2.2,20.2,23.4,91,106
1454,201704080WAS,"7:00 PM, April 8, 2017",2017,Miami Heat,Washington Wizards,1,Josh Richardson,36:36,2,6,.333,2,3,.667,4,4,1.000,0,1,1,3,5,2,1,1,10,+9,.644,.500,.500,.667,0.0,3.3,1.6,11.4,6.8,4.4,11.4,10.6,127,100
1455,201704080WAS,"7:00 PM, April 8, 2017",2017,Miami Heat,Washington Wizards,1,Rodney McGruder,13:23,0,0,,0,0,,0,0,,0,0,0,1,0,0,1,2,0,+2,,,,,0.0,0.0,0.0,9.7,0.0,0.0,100.0,3.3,42,118
1456,201704080WAS,"7:00 PM, April 8, 2017",2017,Miami Heat,Washington Wizards,0,Tyler Johnson,37:09,6,15,.400,3,5,.600,4,7,.571,0,4,4,2,1,0,1,2,19,+7,.525,.500,.333,.467,0.0,12.9,6.5,8.8,1.3,0.0,5.2,22.7,104,112
1457,201704080WAS,"7:00 PM, April 8, 2017",2017,Miami Heat,Washington Wizards,0,Wayne Ellington,19:32,3,6,.500,2,5,.400,2,2,1.000,0,1,1,1,2,0,0,3,10,0,.727,.667,.833,.333,0.0,6.1,3.1,8.3,5.1,0.0,0.0,15.5,148,105
1458,201704080WAS,"7:00 PM, April 8, 2017",2017,Miami Heat,Washington Wizards,0,Okaro White,10:42,1,2,.500,0,0,,0,0,,0,0,0,1,0,0,0,0,2,-4,.500,.500,.000,.000,0.0,0.0,0.0,13.8,0.0,0.0,0.0,8.2,116,119
1459,201704080WAS,"7:00 PM, April 8, 2017",2017,Miami Heat,Washington Wizards,0,Willie Reed,10:33,1,2,.500,0,0,,0,2,.000,1,2,3,1,0,1,0,3,2,-7,.347,.500,.000,1.000,11.4,22.7,17.1,14.0,0.0,7.7,0.0,12.0,97,106
1460,201704080WAS,"7:00 PM, April 8, 2017",2017,Miami Heat,Washington Wizards,0,Udonis Haslem,0:00,0.0,0.0,0.0,0.0,0.0,0.0,0.0,0.0,0.0,0.0,0.0,0.0,0.0,0.0,0.0,0.0,0.0,0.0,0.0,0.0,0.0,0.0,0.0,0.0,0.0,0.0,0.0,0.0,0.0,0.0,0.0,0.0,0.0
1461,201704080WAS,"7:00 PM, April 8, 2017",2017,Washington Wizards,Miami Heat,1,Bradley Beal,37:56,6,15,.400,1,5,.200,3,3,1.000,2,3,5,5,2,1,5,4,16,+3,.490,.433,.333,.200,6.3,9.5,7.9,20.1,2.6,2.0,23.5,24.6,93,108
1462,201704080WAS,"7:00 PM, April 8, 2017",2017,Washington Wizards,Miami Heat,1,John Wall,35:52,5,18,.278,1,3,.333,5,7,.714,0,6,6,8,2,2,8,2,16,-7,.380,.306,.167,.389,0.0,20.1,10.0,33.1,2.8,4.3,27.5,35.5,74,104
1463,201704080WAS,"7:00 PM, April 8, 2017",2017,Washington Wizards,Miami Heat,1,Kelly Oubre,32:47,5,9,.556,1,4,.250,1,2,.500,1,5,6,1,0,0,1,3,12,-3,.607,.611,.444,.222,3.7,18.3,11.0,4.6,0.0,0.0,9.2,14.5,119,114
1464,201704080WAS,"7:00 PM, April 8, 2017",2017,Washington Wizards,Miami Heat,1,Markieff Morris,30:10,9,13,.692,3,4,.750,0,0,,2,3,5,0,1,0,2,3,21,0,.808,.808,.308,.000,8.0,11.9,9.9,0.0,1.6,0.0,13.3,21.8,135,111
1465,201704080WAS,"7:00 PM, April 8, 2017",2017,Washington Wizards,Miami Heat,1,Marcin Gortat,29:12,4,7,.571,0,0,,3,4,.750,4,7,11,2,0,1,1,1,11,-6,.628,.571,.000,.571,16.4,28.8,22.6,10.1,0.0,2.7,10.2,14.6,136,110
1466,201704080WAS,"7:00 PM, April 8, 2017",2017,Washington Wizards,Miami Heat,0,Bojan Bogdanovic,24:42,3,7,.429,1,2,.500,2,2,1.000,0,1,1,1,0,0,0,4,9,-6,.571,.500,.286,.286,0.0,4.9,2.4,5.9,0.0,0.0,0.0,14.0,131,116
1467,201704080WAS,"7:00 PM, April 8, 2017",2017,Washington Wizards,Miami Heat,0,Ian Mahinmi,18:48,4,4,1.000,0,0,,3,4,.750,3,6,9,0,2,1,1,3,11,+3,.955,1.000,.000,1.000,19.1,38.3,28.7,0.0,5.3,4.1,14.8,15.7,164,95
1468,201704080WAS,"7:00 PM, April 8, 2017",2017,Washington Wizards,Miami Heat,0,Brandon Jennings,15:03,1,4,.250,0,2,.000,0,0,,0,0,0,4,0,0,1,2,2,+2,.250,.250,.500,.000,0.0,0.0,0.0,35.6,0.0,0.0,20.0,14.5,81,117
1469,201704080WAS,"7:00 PM, April 8, 2017",2017,Washington Wizards,Miami Heat,0,Jason Smith,9:17,1,2,.500,1,2,.500,0,0,,0,0,0,0,0,1,0,2,3,-1,.750,.750,1.000,.000,0.0,0.0,0.0,0.0,0.0,8.3,0.0,9.4,154,110
1470,201704080WAS,"7:00 PM, April 8, 2017",2017,Washington Wizards,Miami Heat,0,Tomas Satoransky,6:13,1,2,.500,0,0,,0,0,,0,1,1,0,0,0,0,0,2,0,.500,.500,.000,.000,0.0,19.3,9.7,0.0,0.0,0.0,0.0,14.1,107,114
1471,201704080WAS,"7:00 PM, April 8, 2017",2017,Washington Wizards,Miami Heat,0,Daniel Ochefu,0:00,0.0,0.0,0.0,0.0,0.0,0.0,0.0,0.0,0.0,0.0,0.0,0.0,0.0,0.0,0.0,0.0,0.0,0.0,0.0,0.0,0.0,0.0,0.0,0.0,0.0,0.0,0.0,0.0,0.0,0.0,0.0,0.0,0.0
1472,201704080WAS,"7:00 PM, April 8, 2017",2017,Washington Wizards,Miami Heat,0,Trey Burke,0:00,0.0,0.0,0.0,0.0,0.0,0.0,0.0,0.0,0.0,0.0,0.0,0.0,0.0,0.0,0.0,0.0,0.0,0.0,0.0,0.0,0.0,0.0,0.0,0.0,0.0,0.0,0.0,0.0,0.0,0.0,0.0,0.0,0.0
1473,201704080WAS,"7:00 PM, April 8, 2017",2017,Washington Wizards,Miami Heat,0,Chris McCullough,0:00,0.0,0.0,0.0,0.0,0.0,0.0,0.0,0.0,0.0,0.0,0.0,0.0,0.0,0.0,0.0,0.0,0.0,0.0,0.0,0.0,0.0,0.0,0.0,0.0,0.0,0.0,0.0,0.0,0.0,0.0,0.0,0.0,0.0
1474,201704090ATL,"3:30 PM, April 9, 2017",2017,Cleveland Cavaliers,Atlanta Hawks,1,LeBron James,46:50,11,21,.524,1,3,.333,9,10,.900,3,13,16,10,1,0,3,6,32,+1,.630,.548,.143,.476,7.1,29.4,18.5,34.8,1.1,0.0,10.6,26.6,136,114
1475,201704090ATL,"3:30 PM, April 9, 2017",2017,Cleveland Cavaliers,Atlanta Hawks,1,Kyrie Irving,44:37,16,30,.533,8,12,.667,5,6,.833,0,2,2,9,1,0,3,3,45,+9,.689,.667,.400,.200,0.0,4.8,2.4,41.1,1.1,0.0,8.4,35.0,137,119
1476,201704090ATL,"3:30 PM, April 9, 2017",2017,Cleveland Cavaliers,Atlanta Hawks,1,Kevin Love,42:27,4,14,.286,1,5,.200,2,4,.500,6,9,15,5,0,1,4,5,11,+11,.349,.321,.357,.286,15.6,22.5,19.1,15.6,0.0,2.0,20.2,20.4,89,116
1477,201704090ATL,"3:30 PM, April 9, 2017",2017,Cleveland Cavaliers,Atlanta Hawks,1,J.R. Smith,34:08,3,10,.300,3,10,.300,0,0,,1,3,4,2,0,0,0,3,9,+3,.450,.450,1.000,.000,3.2,9.3,6.3,7.7,0.0,0.0,0.0,12.9,111,121
1478,201704090ATL,"3:30 PM, April 9, 2017",2017,Cleveland Cavaliers,Atlanta Hawks,1,Channing Frye,24:14,5,8,.625,2,5,.400,0,0,,1,7,8,0,1,2,0,2,12,+12,.750,.750,.625,.000,4.6,30.6,17.9,0.0,2.0,6.9,0.0,14.5,151,106
1479,201704090ATL,"3:30 PM, April 9, 2017",2017,Cleveland Cavaliers,Atlanta Hawks,0,Kyle Korver,28:25,4,9,.444,3,7,.429,0,0,,1,2,3,1,0,0,0,3,11,-7,.611,.611,.778,.000,3.9,7.5,5.7,5.0,0.0,0.0,0.0,13.9,133,121
1480,201704090ATL,"3:30 PM, April 9, 2017",2017,Cleveland Cavaliers,Atlanta Hawks,0,Richard Jefferson,18:10,0,1,.000,0,1,.000,0,0,,1,1,2,1,1,0,1,3,0,-2,.000,.000,1.000,.000,6.1,5.8,6.0,6.5,2.7,0.0,50.0,4.8,59,115
1481,201704090ATL,"3:30 PM, April 9, 2017",2017,Cleveland Cavaliers,Atlanta Hawks,0,Iman Shumpert,17:46,1,3,.333,0,1,.000,0,0,,0,2,2,0,0,0,1,1,2,-22,.333,.333,.333,.000,0.0,11.9,6.1,0.0,0.0,0.0,25.0,9.9,51,120
1482,201704090ATL,"3:30 PM, April 9, 2017",2017,Cleveland Cavaliers,Atlanta Hawks,0,Deron Williams,8:23,1,2,.500,1,2,.500,0,0,,0,1,1,0,0,0,2,1,3,-10,.750,.750,1.000,.000,0.0,12.6,6.5,0.0,0.0,0.0,50.0,20.9,60,120
1483,201704090ATL,"3:30 PM, April 9, 2017",2017,Cleveland Cavaliers,Atlanta Hawks,0,James Jones,0:00,0.0,0.0,0.0,0.0,0.0,0.0,0.0,0.0,0.0,0.0,0.0,0.0,0.0,0.0,0.0,0.0,0.0,0.0,0.0,0.0,0.0,0.0,0.0,0.0,0.0,0.0,0.0,0.0,0.0,0.0,0.0,0.0,0.0
1484,201704090ATL,"3:30 PM, April 9, 2017",2017,Cleveland Cavaliers,Atlanta Hawks,0,Larry Sanders,0:00,0.0,0.0,0.0,0.0,0.0,0.0,0.0,0.0,0.0,0.0,0.0,0.0,0.0,0.0,0.0,0.0,0.0,0.0,0.0,0.0,0.0,0.0,0.0,0.0,0.0,0.0,0.0,0.0,0.0,0.0,0.0,0.0,0.0
1485,201704090ATL,"3:30 PM, April 9, 2017",2017,Cleveland Cavaliers,Atlanta Hawks,0,Derrick Williams,0:00,0.0,0.0,0.0,0.0,0.0,0.0,0.0,0.0,0.0,0.0,0.0,0.0,0.0,0.0,0.0,0.0,0.0,0.0,0.0,0.0,0.0,0.0,0.0,0.0,0.0,0.0,0.0,0.0,0.0,0.0,0.0,0.0,0.0
1486,201704090ATL,"3:30 PM, April 9, 2017",2017,Atlanta Hawks,Cleveland Cavaliers,1,Tim Hardaway,36:56,7,15,.467,1,4,.250,6,8,.750,1,8,9,4,0,0,0,1,21,+4,.567,.500,.267,.533,2.9,23.9,13.2,16.9,0.0,0.0,0.0,21.7,125,119
1487,201704090ATL,"3:30 PM, April 9, 2017",2017,Atlanta Hawks,Cleveland Cavaliers,1,Paul Millsap,36:25,5,11,.455,1,3,.333,11,11,1.000,1,8,9,2,1,0,4,4,22,+11,.694,.500,.273,1.000,2.9,24.3,13.4,7.9,1.4,0.0,20.2,23.6,117,115
1488,201704090ATL,"3:30 PM, April 9, 2017",2017,Atlanta Hawks,Cleveland Cavaliers,1,Dennis Schroder,27:24,6,13,.462,1,4,.250,0,0,,0,3,3,5,1,1,0,2,13,-24,.500,.500,.308,.000,0.0,12.1,5.9,29.9,1.8,3.7,0.0,20.6,112,116
1489,201704090ATL,"3:30 PM, April 9, 2017",2017,Atlanta Hawks,Cleveland Cavaliers,1,Taurean Waller-Prince,25:12,2,6,.333,2,4,.500,1,2,.500,0,0,0,3,0,1,1,2,7,-13,.509,.500,.667,.333,0.0,0.0,0.0,15.9,0.0,4.0,12.7,13.6,100,124
1490,201704090ATL,"3:30 PM, April 9, 2017",2017,Atlanta Hawks,Cleveland Cavaliers,1,Dwight Howard,23:44,9,12,.750,0,0,,1,3,.333,1,4,5,2,0,1,2,2,19,-13,.713,.750,.000,.250,4.5,18.6,11.4,18.7,0.0,4.3,13.1,28.0,117,118
1491,201704090ATL,"3:30 PM, April 9, 2017",2017,Atlanta Hawks,Cleveland Cavaliers,0,Kent Bazemore,29:38,4,8,.500,1,4,.250,4,5,.800,2,0,2,4,4,0,2,2,13,+14,.637,.563,.500,.625,7.2,0.0,3.7,19.4,6.7,0.0,16.4,17.8,122,111
1492,201704090ATL,"3:30 PM, April 9, 2017",2017,Atlanta Hawks,Cleveland Cavaliers,0,Mike Muscala,25:11,5,6,.833,2,2,1.000,0,0,,0,5,5,4,0,1,1,3,12,+15,1.000,1.000,.333,.000,0.0,21.9,10.7,25.1,0.0,4.0,14.3,12.0,162,117
1493,201704090ATL,"3:30 PM, April 9, 2017",2017,Atlanta Hawks,Cleveland Cavaliers,0,Ersan Ilyasova,20:37,2,10,.200,0,5,.000,2,3,.667,4,4,8,0,1,0,2,2,6,-9,.265,.200,.500,.300,20.6,21.4,21.0,0.0,2.4,0.0,15.0,28.0,68,114
1494,201704090ATL,"3:30 PM, April 9, 2017",2017,Atlanta Hawks,Cleveland Cavaliers,0,Mike Dunleavy,15:10,2,5,.400,1,2,.500,2,3,.667,0,0,0,2,1,0,0,3,7,+5,.554,.500,.400,.600,0.0,0.0,0.0,18.9,3.3,0.0,0.0,18.1,123,119
1495,201704090ATL,"3:30 PM, April 9, 2017",2017,Atlanta Hawks,Cleveland Cavaliers,0,Malcolm Delaney,12:54,1,4,.250,0,1,.000,2,2,1.000,0,1,1,2,0,0,0,1,4,+8,.410,.250,.250,.500,0.0,8.6,4.2,20.6,0.0,0.0,0.0,16.4,105,124
1496,201704090ATL,"3:30 PM, April 9, 2017",2017,Atlanta Hawks,Cleveland Cavaliers,0,Jose Calderon,11:49,1,4,.250,0,2,.000,0,0,,1,2,3,3,0,0,0,0,2,+7,.250,.250,.500,.000,9.0,18.7,13.7,34.1,0.0,0.0,0.0,14.7,97,121
1497,201704090ATL,"3:30 PM, April 9, 2017",2017,Atlanta Hawks,Cleveland Cavaliers,0,DeAndre' Bembry,0:00,0,0,,0,0,,0,0,,0,0,0,0,0,0,0,0,0,0,,,,,,,,,,,,,,
1498,201704090ATL,"3:30 PM, April 9, 2017",2017,Atlanta Hawks,Cleveland Cavaliers,0,Kris Humphries,0:00,0.0,0.0,0.0,0.0,0.0,0.0,0.0,0.0,0.0,0.0,0.0,0.0,0.0,0.0,0.0,0.0,0.0,0.0,0.0,0.0,0.0,0.0,0.0,0.0,0.0,0.0,0.0,0.0,0.0,0.0,0.0,0.0,0.0
1499,201704090DEN,"5:00 PM, April 9, 2017",2017,Oklahoma City Thunder,Denver Nuggets,1,Russell Westbrook,36:57,17,32,.531,5,12,.417,11,11,1.000,2,14,16,10,1,0,2,1,50,+10,.679,.609,.375,.344,4.6,45.5,21.7,72.5,1.3,0.0,5.1,42.9,146,107
1500,201704090DEN,"5:00 PM, April 9, 2017",2017,Oklahoma City Thunder,Denver Nuggets,1,Victor Oladipo,32:40,3,15,.200,0,6,.000,2,2,1.000,0,6,6,2,0,0,3,1,8,+1,.252,.200,.400,.133,0.0,22.0,9.2,8.3,0.0,0.0,15.9,23.6,54,112
1501,201704090DEN,"5:00 PM, April 9, 2017",2017,Oklahoma City Thunder,Denver Nuggets,1,Steven Adams,26:36,4,9,.444,0,0,,2,2,1.000,6,4,10,2,1,0,1,4,10,+8,.506,.444,.000,.222,19.3,18.0,18.8,11.0,1.9,0.0,9.2,16.7,123,108
1502,201704090DEN,"5:00 PM, April 9, 2017",2017,Oklahoma City Thunder,Denver Nuggets,1,Taj Gibson,17:45,3,9,.333,0,0,,2,2,1.000,1,2,3,0,0,0,2,1,8,-14,.405,.333,.000,.222,4.8,13.5,8.5,0.0,0.0,0.0,16.8,27.3,78,113
1503,201704090DEN,"5:00 PM, April 9, 2017",2017,Oklahoma City Thunder,Denver Nuggets,1,Andre Roberson,17:42,1,1,1.000,0,0,,0,0,,0,2,2,1,0,0,0,4,2,-8,1.000,1.000,.000,.000,0.0,13.6,5.6,7.3,0.0,0.0,0.0,2.3,203,113
1504,201704090DEN,"5:00 PM, April 9, 2017",2017,Oklahoma City Thunder,Denver Nuggets,0,Kyle Singler,34:10,4,8,.500,0,4,.000,0,0,,2,2,4,3,3,1,0,3,8,+10,.500,.500,.500,.000,5.0,7.0,5.9,12.3,4.3,2.8,0.0,9.6,127,101
1505,201704090DEN,"5:00 PM, April 9, 2017",2017,Oklahoma City Thunder,Denver Nuggets,0,Semaj Christon,22:39,1,3,.333,1,2,.500,0,0,,0,1,1,0,0,0,0,1,3,-10,.500,.500,.667,.000,0.0,5.3,2.2,0.0,0.0,0.0,0.0,5.4,113,114
1506,201704090DEN,"5:00 PM, April 9, 2017",2017,Oklahoma City Thunder,Denver Nuggets,0,Jerami Grant,22:10,1,2,.500,0,0,,0,0,,0,1,1,0,1,1,0,2,2,+20,.500,.500,.000,.000,0.0,5.4,2.3,0.0,2.2,4.3,0.0,3.7,109,105
1507,201704090DEN,"5:00 PM, April 9, 2017",2017,Oklahoma City Thunder,Denver Nuggets,0,Enes Kanter,16:51,6,13,.462,0,0,,3,5,.600,6,2,8,1,0,0,2,1,15,-7,.493,.462,.000,.385,30.5,14.2,23.7,12.4,0.0,0.0,11.6,41.6,106,113
1508,201704090DEN,"5:00 PM, April 9, 2017",2017,Oklahoma City Thunder,Denver Nuggets,0,Domantas Sabonis,12:30,0,4,.000,0,1,.000,0,0,,1,2,3,0,1,1,2,1,0,-5,.000,.000,.250,.000,6.9,19.2,12.0,0.0,3.9,7.7,33.3,19.6,11,96
1509,201704090DEN,"5:00 PM, April 9, 2017",2017,Oklahoma City Thunder,Denver Nuggets,0,Doug McDermott,0:00,0.0,0.0,0.0,0.0,0.0,0.0,0.0,0.0,0.0,0.0,0.0,0.0,0.0,0.0,0.0,0.0,0.0,0.0,0.0,0.0,0.0,0.0,0.0,0.0,0.0,0.0,0.0,0.0,0.0,0.0,0.0,0.0,0.0
1510,201704090DEN,"5:00 PM, April 9, 2017",2017,Oklahoma City Thunder,Denver Nuggets,0,Norris Cole,0:00,0.0,0.0,0.0,0.0,0.0,0.0,0.0,0.0,0.0,0.0,0.0,0.0,0.0,0.0,0.0,0.0,0.0,0.0,0.0,0.0,0.0,0.0,0.0,0.0,0.0,0.0,0.0,0.0,0.0,0.0,0.0,0.0,0.0
1511,201704090DEN,"5:00 PM, April 9, 2017",2017,Oklahoma City Thunder,Denver Nuggets,0,Nick Collison,0:00,0.0,0.0,0.0,0.0,0.0,0.0,0.0,0.0,0.0,0.0,0.0,0.0,0.0,0.0,0.0,0.0,0.0,0.0,0.0,0.0,0.0,0.0,0.0,0.0,0.0,0.0,0.0,0.0,0.0,0.0,0.0,0.0,0.0
1512,201704090DEN,"5:00 PM, April 9, 2017",2017,Denver Nuggets,Oklahoma City Thunder,1,Wilson Chandler,41:51,6,11,.545,5,10,.500,0,0,,0,10,10,2,0,1,1,2,17,-2,.773,.773,.909,.000,0.0,20.5,11.9,6.9,0.0,1.6,8.3,13.4,132,107
1513,201704090DEN,"5:00 PM, April 9, 2017",2017,Denver Nuggets,Oklahoma City Thunder,1,Danilo Gallinari,37:52,12,20,.600,4,9,.444,6,6,1.000,0,10,10,3,2,0,2,2,34,-6,.751,.700,.450,.300,0.0,22.6,13.2,15.3,2.6,0.0,8.1,30.4,135,102
1514,201704090DEN,"5:00 PM, April 9, 2017",2017,Denver Nuggets,Oklahoma City Thunder,1,Jamal Murray,35:59,3,9,.333,0,3,.000,0,0,,0,6,6,5,0,0,1,1,6,+1,.333,.333,.333,.000,0.0,14.3,8.3,18.5,0.0,0.0,10.0,13.0,82,112
1515,201704090DEN,"5:00 PM, April 9, 2017",2017,Denver Nuggets,Oklahoma City Thunder,1,Gary Harris,35:52,1,8,.125,0,3,.000,0,0,,0,0,0,5,0,0,1,1,2,-9,.125,.125,.375,.000,0.0,0.0,0.0,17.3,0.0,0.0,11.1,11.7,53,119
1516,201704090DEN,"5:00 PM, April 9, 2017",2017,Denver Nuggets,Oklahoma City Thunder,1,Nikola Jokic,31:28,8,16,.500,1,5,.200,6,6,1.000,1,5,6,3,1,1,3,5,23,-3,.617,.531,.313,.375,3.8,13.6,9.5,16.5,1.6,2.1,13.9,32.2,111,107
1517,201704090DEN,"5:00 PM, April 9, 2017",2017,Denver Nuggets,Oklahoma City Thunder,0,Emmanuel Mudiay,24:09,7,10,.700,0,1,.000,0,0,,1,4,5,3,1,0,3,1,14,+6,.700,.700,.100,.000,5.0,14.2,10.4,22.9,2.0,0.0,23.1,25.2,110,107
1518,201704090DEN,"5:00 PM, April 9, 2017",2017,Denver Nuggets,Oklahoma City Thunder,0,Mason Plumlee,18:25,2,6,.333,0,0,,2,3,.667,1,2,3,1,2,2,1,4,6,+4,.410,.333,.000,.500,6.5,9.3,8.1,7.5,5.4,7.3,12.0,21.1,85,98
1519,201704090DEN,"5:00 PM, April 9, 2017",2017,Denver Nuggets,Oklahoma City Thunder,0,Juan Hernangomez,13:18,1,4,.250,1,3,.333,0,0,,1,1,2,0,0,0,0,0,3,+4,.375,.375,.750,.000,9.0,6.4,7.5,0.0,0.0,0.0,0.0,14.1,88,116
1520,201704090DEN,"5:00 PM, April 9, 2017",2017,Denver Nuggets,Oklahoma City Thunder,0,Roy Hibbert,1:06,0,0,,0,0,,0,0,,0,0,0,0,0,0,0,0,0,0,,,,,0.0,0.0,0.0,0.0,0.0,0.0,,0.0,0,119
1521,201704090DEN,"5:00 PM, April 9, 2017",2017,Denver Nuggets,Oklahoma City Thunder,0,Malik Beasley,0:00,0.0,0.0,0.0,0.0,0.0,0.0,0.0,0.0,0.0,0.0,0.0,0.0,0.0,0.0,0.0,0.0,0.0,0.0,0.0,0.0,0.0,0.0,0.0,0.0,0.0,0.0,0.0,0.0,0.0,0.0,0.0,0.0,0.0
1522,201704090DEN,"5:00 PM, April 9, 2017",2017,Denver Nuggets,Oklahoma City Thunder,0,Will Barton,0:00,0.0,0.0,0.0,0.0,0.0,0.0,0.0,0.0,0.0,0.0,0.0,0.0,0.0,0.0,0.0,0.0,0.0,0.0,0.0,0.0,0.0,0.0,0.0,0.0,0.0,0.0,0.0,0.0,0.0,0.0,0.0,0.0,0.0
1523,201704090DEN,"5:00 PM, April 9, 2017",2017,Denver Nuggets,Oklahoma City Thunder,0,Mike Miller,0:00,0.0,0.0,0.0,0.0,0.0,0.0,0.0,0.0,0.0,0.0,0.0,0.0,0.0,0.0,0.0,0.0,0.0,0.0,0.0,0.0,0.0,0.0,0.0,0.0,0.0,0.0,0.0,0.0,0.0,0.0,0.0,0.0,0.0
1524,201704090DEN,"5:00 PM, April 9, 2017",2017,Denver Nuggets,Oklahoma City Thunder,0,Darrell Arthur,0:00,0.0,0.0,0.0,0.0,0.0,0.0,0.0,0.0,0.0,0.0,0.0,0.0,0.0,0.0,0.0,0.0,0.0,0.0,0.0,0.0,0.0,0.0,0.0,0.0,0.0,0.0,0.0,0.0,0.0,0.0,0.0,0.0,0.0
1525,201704090LAL,"9:30 PM, April 9, 2017",2017,Minnesota Timberwolves,Los Angeles Lakers,1,Karl-Anthony Towns,41:16,17,22,.773,1,2,.500,5,8,.625,3,18,21,4,1,1,3,3,40,+6,.784,.795,.091,.364,9.7,46.5,30.2,23.0,1.2,2.0,10.5,30.8,139,105
1526,201704090LAL,"9:30 PM, April 9, 2017",2017,Minnesota Timberwolves,Los Angeles Lakers,1,Andrew Wiggins,38:25,13,26,.500,2,5,.400,13,14,.929,1,1,2,1,0,0,2,2,41,+2,.637,.538,.192,.538,3.5,2.8,3.1,5.3,0.0,0.0,5.9,39.7,125,121
1527,201704090LAL,"9:30 PM, April 9, 2017",2017,Minnesota Timberwolves,Los Angeles Lakers,1,Gorgui Dieng,37:27,4,6,.667,0,0,,4,4,1.000,2,5,7,4,1,3,1,2,12,+3,.773,.667,.000,.667,7.1,14.2,11.1,14.7,1.3,6.5,11.4,10.4,152,111
1528,201704090LAL,"9:30 PM, April 9, 2017",2017,Minnesota Timberwolves,Los Angeles Lakers,1,Ricky Rubio,33:18,1,10,.100,0,2,.000,0,0,,0,3,3,11,3,0,4,4,2,+10,.100,.100,.200,.000,0.0,9.6,5.3,41.1,4.5,0.0,28.6,18.7,55,109
1529,201704090LAL,"9:30 PM, April 9, 2017",2017,Minnesota Timberwolves,Los Angeles Lakers,1,Brandon Rush,30:25,0,2,.000,0,2,.000,0,0,,0,0,0,0,0,1,1,0,0,+8,.000,.000,1.000,.000,0.0,0.0,0.0,0.0,0.0,2.7,33.3,4.4,0,120
1530,201704090LAL,"9:30 PM, April 9, 2017",2017,Minnesota Timberwolves,Los Angeles Lakers,0,Shabazz Muhammad,17:35,4,8,.500,0,3,.000,4,5,.800,1,1,2,0,0,0,2,0,12,-9,.588,.500,.375,.625,7.6,6.1,6.7,0.0,0.0,0.0,16.4,30.9,102,121
1531,201704090LAL,"9:30 PM, April 9, 2017",2017,Minnesota Timberwolves,Los Angeles Lakers,0,Omri Casspi,17:17,1,4,.250,0,1,.000,0,0,,0,0,0,1,2,1,0,1,2,-11,.250,.250,.250,.000,0.0,0.0,0.0,7.5,5.7,4.7,0.0,10.3,66,106
1532,201704090LAL,"9:30 PM, April 9, 2017",2017,Minnesota Timberwolves,Los Angeles Lakers,0,Kris Dunn,14:42,0,1,.000,0,0,,0,0,,1,3,4,3,0,0,1,3,0,-11,.000,.000,.000,.000,9.1,21.8,16.1,24.5,0.0,0.0,50.0,6.1,81,116
1533,201704090LAL,"9:30 PM, April 9, 2017",2017,Minnesota Timberwolves,Los Angeles Lakers,0,Tyus Jones,9:35,0,1,.000,0,0,,0,0,,0,2,2,3,1,0,0,1,0,-3,.000,.000,.000,.000,0.0,22.3,12.4,37.6,5.2,0.0,0.0,4.7,102,104
1534,201704090LAL,"9:30 PM, April 9, 2017",2017,Minnesota Timberwolves,Los Angeles Lakers,0,Jordan Hill,0:00,0.0,0.0,0.0,0.0,0.0,0.0,0.0,0.0,0.0,0.0,0.0,0.0,0.0,0.0,0.0,0.0,0.0,0.0,0.0,0.0,0.0,0.0,0.0,0.0,0.0,0.0,0.0,0.0,0.0,0.0,0.0,0.0,0.0
1535,201704090LAL,"9:30 PM, April 9, 2017",2017,Minnesota Timberwolves,Los Angeles Lakers,0,Cole Aldrich,0:00,0.0,0.0,0.0,0.0,0.0,0.0,0.0,0.0,0.0,0.0,0.0,0.0,0.0,0.0,0.0,0.0,0.0,0.0,0.0,0.0,0.0,0.0,0.0,0.0,0.0,0.0,0.0,0.0,0.0,0.0,0.0,0.0,0.0
1536,201704090LAL,"9:30 PM, April 9, 2017",2017,Minnesota Timberwolves,Los Angeles Lakers,0,Adreian Payne,0:00,0.0,0.0,0.0,0.0,0.0,0.0,0.0,0.0,0.0,0.0,0.0,0.0,0.0,0.0,0.0,0.0,0.0,0.0,0.0,0.0,0.0,0.0,0.0,0.0,0.0,0.0,0.0,0.0,0.0,0.0,0.0,0.0,0.0
1537,201704090LAL,"9:30 PM, April 9, 2017",2017,Los Angeles Lakers,Minnesota Timberwolves,1,D'Angelo Russell,34:27,6,19,.316,2,8,.250,2,2,1.000,1,3,4,4,3,0,5,2,16,-2,.402,.368,.421,.105,3.1,11.6,6.9,16.6,4.3,0.0,20.1,31.3,77,111
1538,201704090LAL,"9:30 PM, April 9, 2017",2017,Los Angeles Lakers,Minnesota Timberwolves,1,Larry Nance,33:45,5,7,.714,0,1,.000,0,0,,6,4,10,6,1,2,2,3,10,-5,.714,.714,.143,.000,19.0,15.8,17.6,24.5,1.5,4.4,22.2,11.6,142,112
1539,201704090LAL,"9:30 PM, April 9, 2017",2017,Los Angeles Lakers,Minnesota Timberwolves,1,Jordan Clarkson,31:11,7,13,.538,1,4,.250,2,2,1.000,0,4,4,3,0,0,2,2,17,-2,.612,.577,.308,.154,0.0,17.1,7.6,14.8,0.0,0.0,12.6,22.1,114,119
1540,201704090LAL,"9:30 PM, April 9, 2017",2017,Los Angeles Lakers,Minnesota Timberwolves,1,Brandon Ingram,29:59,3,10,.300,1,1,1.000,3,5,.600,2,0,2,1,2,1,2,4,10,-7,.410,.350,.100,.500,7.1,0.0,4.0,4.3,3.3,2.5,14.1,20.5,86,113
1541,201704090LAL,"9:30 PM, April 9, 2017",2017,Los Angeles Lakers,Minnesota Timberwolves,1,Julius Randle,27:35,5,9,.556,0,2,.000,3,5,.600,3,5,8,2,1,1,2,3,13,-5,.580,.556,.222,.556,11.6,24.2,17.2,10.5,1.8,2.7,15.2,20.7,113,111
1542,201704090LAL,"9:30 PM, April 9, 2017",2017,Los Angeles Lakers,Minnesota Timberwolves,0,Tyler Ennis,22:31,7,9,.778,4,5,.800,2,2,1.000,0,2,2,5,0,1,0,3,20,+7,1.012,1.000,.556,.222,0.0,11.8,5.3,39.4,0.0,3.3,0.0,19.0,204,117
1543,201704090LAL,"9:30 PM, April 9, 2017",2017,Los Angeles Lakers,Minnesota Timberwolves,0,Thomas Robinson,17:34,3,6,.500,0,0,,1,1,1.000,0,7,7,1,0,0,3,3,7,+9,.543,.500,.000,.167,0.0,53.1,23.6,8.1,0.0,0.0,31.8,23.3,76,112
1544,201704090LAL,"9:30 PM, April 9, 2017",2017,Los Angeles Lakers,Minnesota Timberwolves,0,Tarik Black,17:06,2,3,.667,0,0,,3,3,1.000,0,2,2,0,2,3,0,2,7,+3,.810,.667,.000,1.000,0.0,15.6,6.9,0.0,5.8,13.0,0.0,10.9,173,96
1545,201704090LAL,"9:30 PM, April 9, 2017",2017,Los Angeles Lakers,Minnesota Timberwolves,0,Corey Brewer,15:08,1,2,.500,0,1,.000,0,0,,0,0,0,3,0,0,0,1,2,+7,.500,.500,.500,.000,0.0,0.0,0.0,24.5,0.0,0.0,0.0,5.7,146,122
1546,201704090LAL,"9:30 PM, April 9, 2017",2017,Los Angeles Lakers,Minnesota Timberwolves,0,Metta World Peace,10:44,3,8,.375,2,5,.400,0,0,,0,1,1,1,1,0,0,0,8,0,.500,.500,.625,.000,0.0,12.4,5.5,15.6,4.6,0.0,0.0,32.3,108,110
1547,201704090LAL,"9:30 PM, April 9, 2017",2017,Los Angeles Lakers,Minnesota Timberwolves,0,David Nwaba,0:00,0.0,0.0,0.0,0.0,0.0,0.0,0.0,0.0,0.0,0.0,0.0,0.0,0.0,0.0,0.0,0.0,0.0,0.0,0.0,0.0,0.0,0.0,0.0,0.0,0.0,0.0,0.0,0.0,0.0,0.0,0.0,0.0,0.0
1548,201704090LAL,"9:30 PM, April 9, 2017",2017,Los Angeles Lakers,Minnesota Timberwolves,0,Nick Young,0:00,0.0,0.0,0.0,0.0,0.0,0.0,0.0,0.0,0.0,0.0,0.0,0.0,0.0,0.0,0.0,0.0,0.0,0.0,0.0,0.0,0.0,0.0,0.0,0.0,0.0,0.0,0.0,0.0,0.0,0.0,0.0,0.0,0.0
1549,201704090LAL,"9:30 PM, April 9, 2017",2017,Los Angeles Lakers,Minnesota Timberwolves,0,Timofey Mozgov,0:00,0.0,0.0,0.0,0.0,0.0,0.0,0.0,0.0,0.0,0.0,0.0,0.0,0.0,0.0,0.0,0.0,0.0,0.0,0.0,0.0,0.0,0.0,0.0,0.0,0.0,0.0,0.0,0.0,0.0,0.0,0.0,0.0,0.0
1550,201704090MEM,"6:00 PM, April 9, 2017",2017,Detroit Pistons,Memphis Grizzlies,1,Ish Smith,26:47,5,12,.417,0,1,.000,1,2,.500,0,2,2,7,0,0,3,1,11,+9,.427,.417,.083,.167,0.0,9.7,4.7,41.8,0.0,0.0,18.9,26.6,100,108
1551,201704090MEM,"6:00 PM, April 9, 2017",2017,Detroit Pistons,Memphis Grizzlies,1,Andre Drummond,25:08,2,6,.333,0,0,,1,2,.500,6,5,11,2,1,1,2,2,5,+3,.363,.333,.000,.333,29.4,25.8,27.6,10.9,2.2,3.5,22.5,15.8,100,97
1552,201704090MEM,"6:00 PM, April 9, 2017",2017,Detroit Pistons,Memphis Grizzlies,1,Tobias Harris,25:07,5,9,.556,1,3,.333,1,1,1.000,1,2,3,2,2,0,2,0,12,+3,.636,.611,.333,.111,4.9,10.3,7.5,13.0,4.3,0.0,17.5,20.4,119,98
1553,201704090MEM,"6:00 PM, April 9, 2017",2017,Detroit Pistons,Memphis Grizzlies,1,Reggie Bullock,22:34,5,8,.625,4,7,.571,0,0,,1,3,4,0,1,0,0,2,14,+17,.875,.875,.875,.000,5.5,17.2,11.2,0.0,2.4,0.0,0.0,15.9,183,101
1554,201704090MEM,"6:00 PM, April 9, 2017",2017,Detroit Pistons,Memphis Grizzlies,1,Jon Leuer,20:23,3,8,.375,1,3,.333,2,4,.500,1,0,1,0,1,0,1,0,9,+1,.461,.438,.375,.500,6.0,0.0,3.1,0.0,2.7,0.0,9.3,23.7,98,103
1555,201704090MEM,"6:00 PM, April 9, 2017",2017,Detroit Pistons,Memphis Grizzlies,0,Henry Ellenson,27:37,3,11,.273,3,6,.500,0,0,,2,7,9,2,0,0,3,1,9,+12,.409,.409,.545,.000,8.9,32.9,20.6,10.3,0.0,0.0,21.4,22.7,87,104
1556,201704090MEM,"6:00 PM, April 9, 2017",2017,Detroit Pistons,Memphis Grizzlies,0,Stanley Johnson,26:53,2,8,.250,1,2,.500,0,0,,0,4,4,3,1,0,1,0,5,+3,.313,.313,.250,.000,0.0,19.3,9.4,15.1,2.0,0.0,11.1,15.0,88,102
1557,201704090MEM,"6:00 PM, April 9, 2017",2017,Detroit Pistons,Memphis Grizzlies,0,Boban Marjanovic,22:52,4,6,.667,0,0,,6,7,.857,4,6,10,0,1,0,1,2,14,+10,.771,.667,.000,1.167,21.5,34.0,27.6,0.0,2.4,0.0,9.9,19.8,157,98
1558,201704090MEM,"6:00 PM, April 9, 2017",2017,Detroit Pistons,Memphis Grizzlies,0,Darrun Hilliard,21:26,5,7,.714,3,5,.600,0,0,,0,0,0,0,1,1,3,3,13,+3,.929,.929,.714,.000,0.0,0.0,0.0,0.0,2.5,4.1,30.0,20.9,111,99
1559,201704090MEM,"6:00 PM, April 9, 2017",2017,Detroit Pistons,Memphis Grizzlies,0,Beno Udrih,21:13,5,7,.714,1,1,1.000,0,0,,0,2,2,5,0,0,2,1,11,+4,.786,.786,.143,.000,0.0,12.2,6.0,40.9,0.0,0.0,22.2,19.0,139,107
1560,201704090MEM,"6:00 PM, April 9, 2017",2017,Detroit Pistons,Memphis Grizzlies,0,Kentavious Caldwell-Pope,0:00,0.0,0.0,0.0,0.0,0.0,0.0,0.0,0.0,0.0,0.0,0.0,0.0,0.0,0.0,0.0,0.0,0.0,0.0,0.0,0.0,0.0,0.0,0.0,0.0,0.0,0.0,0.0,0.0,0.0,0.0,0.0,0.0,0.0
1561,201704090MEM,"6:00 PM, April 9, 2017",2017,Detroit Pistons,Memphis Grizzlies,0,Marcus Morris,0:00,0.0,0.0,0.0,0.0,0.0,0.0,0.0,0.0,0.0,0.0,0.0,0.0,0.0,0.0,0.0,0.0,0.0,0.0,0.0,0.0,0.0,0.0,0.0,0.0,0.0,0.0,0.0,0.0,0.0,0.0,0.0,0.0,0.0
1562,201704090MEM,"6:00 PM, April 9, 2017",2017,Detroit Pistons,Memphis Grizzlies,0,Aron Baynes,0:00,0.0,0.0,0.0,0.0,0.0,0.0,0.0,0.0,0.0,0.0,0.0,0.0,0.0,0.0,0.0,0.0,0.0,0.0,0.0,0.0,0.0,0.0,0.0,0.0,0.0,0.0,0.0,0.0,0.0,0.0,0.0,0.0,0.0
1563,201704090MEM,"6:00 PM, April 9, 2017",2017,Memphis Grizzlies,Detroit Pistons,1,Marc Gasol,24:20,5,9,.556,1,2,.500,2,2,1.000,0,2,2,5,2,1,3,2,13,+1,.658,.611,.222,.222,0.0,10.1,5.2,37.7,4.5,3.7,23.3,26.5,110,112
1564,201704090MEM,"6:00 PM, April 9, 2017",2017,Memphis Grizzlies,Detroit Pistons,1,JaMychal Green,24:04,5,7,.714,2,2,1.000,0,0,,2,5,7,2,0,0,5,2,12,+3,.857,.857,.286,.000,10.8,25.6,18.4,15.3,0.0,0.0,41.7,25.0,95,118
1565,201704090MEM,"6:00 PM, April 9, 2017",2017,Memphis Grizzlies,Detroit Pistons,1,Mike Conley,23:24,5,8,.625,1,2,.500,4,5,.800,0,2,2,3,1,0,2,3,15,-5,.735,.688,.250,.625,0.0,10.5,5.4,23.9,2.3,0.0,16.4,26.1,126,118
1566,201704090MEM,"6:00 PM, April 9, 2017",2017,Memphis Grizzlies,Detroit Pistons,1,Vince Carter,22:26,2,4,.500,2,3,.667,0,0,,0,1,1,0,0,0,2,1,6,+2,.750,.750,.750,.000,0.0,5.5,2.8,0.0,0.0,0.0,33.3,13.4,82,126
1567,201704090MEM,"6:00 PM, April 9, 2017",2017,Memphis Grizzlies,Detroit Pistons,1,Tony Allen,20:10,2,5,.400,0,1,.000,1,2,.500,1,3,4,2,2,0,0,0,5,+4,.425,.400,.200,.400,6.4,18.3,12.5,15.2,5.4,0.0,0.0,14.6,108,109
1568,201704090MEM,"6:00 PM, April 9, 2017",2017,Memphis Grizzlies,Detroit Pistons,0,Wayne Selden,27:31,2,9,.222,0,3,.000,1,2,.500,0,1,1,2,0,0,0,0,5,-20,.253,.222,.333,.222,0.0,4.5,2.3,10.7,0.0,0.0,0.0,18.0,65,127
1569,201704090MEM,"6:00 PM, April 9, 2017",2017,Memphis Grizzlies,Detroit Pistons,0,James Ennis,21:40,2,4,.500,1,3,.333,0,0,,1,5,6,1,1,0,1,1,5,-9,.625,.625,.750,.000,6.0,28.4,17.5,7.0,2.5,0.0,20.0,11.6,107,111
1570,201704090MEM,"6:00 PM, April 9, 2017",2017,Memphis Grizzlies,Detroit Pistons,0,Deyonta Davis,15:19,1,2,.500,0,0,,0,0,,0,0,0,0,2,0,0,2,2,-15,.500,.500,.000,.000,0.0,0.0,0.0,0.0,7.1,0.0,0.0,6.5,97,112
1571,201704090MEM,"6:00 PM, April 9, 2017",2017,Memphis Grizzlies,Detroit Pistons,0,Jarell Martin,14:16,3,4,.750,0,0,,0,0,,0,2,2,1,2,1,0,1,6,-12,.750,.750,.000,.000,0.0,17.3,8.9,13.0,7.6,6.2,0.0,14.1,149,101
1572,201704090MEM,"6:00 PM, April 9, 2017",2017,Memphis Grizzlies,Detroit Pistons,0,Troy Daniels,13:53,3,9,.333,2,4,.500,0,0,,0,0,0,0,0,0,0,1,8,-7,.444,.444,.444,.000,0.0,0.0,0.0,0.0,0.0,0.0,0.0,32.5,85,128
1573,201704090MEM,"6:00 PM, April 9, 2017",2017,Memphis Grizzlies,Detroit Pistons,0,Andrew Harrison,12:36,2,3,.667,0,1,.000,0,0,,0,1,1,5,1,0,1,0,4,-3,.667,.667,.333,.000,0.0,9.8,5.0,67.1,4.3,0.0,25.0,15.9,131,115
1574,201704090MEM,"6:00 PM, April 9, 2017",2017,Memphis Grizzlies,Detroit Pistons,0,Wade Baldwin,12:00,3,8,.375,0,0,,0,0,,1,0,1,1,1,0,0,0,6,-5,.375,.375,.000,.000,10.8,0.0,5.3,16.7,4.5,0.0,0.0,33.4,87,118
1575,201704090MEM,"6:00 PM, April 9, 2017",2017,Memphis Grizzlies,Detroit Pistons,0,Brandan Wright,8:21,1,3,.333,0,0,,1,2,.500,1,2,3,1,0,1,1,3,3,+1,.387,.333,.000,.667,15.5,29.5,22.7,19.0,0.0,10.6,20.5,29.3,82,110
1576,201704090NYK,"12:00 PM, April 9, 2017",2017,Toronto Raptors,New York Knicks,1,Kyle Lowry,37:52,5,10,.500,4,9,.444,3,3,1.000,0,7,7,11,3,1,4,0,17,+18,.751,.700,.900,.300,0.0,21.1,11.5,41.4,4.2,2.3,26.1,20.0,129,98
1577,201704090NYK,"12:00 PM, April 9, 2017",2017,Toronto Raptors,New York Knicks,1,DeMar DeRozan,29:21,11,15,.733,0,0,,13,15,.867,0,2,2,0,0,0,2,2,35,+8,.810,.733,.000,1.000,0.0,7.8,4.2,0.0,0.0,0.0,8.5,39.7,148,112
1578,201704090NYK,"12:00 PM, April 9, 2017",2017,Toronto Raptors,New York Knicks,1,Serge Ibaka,27:06,5,10,.500,1,4,.250,1,2,.500,0,4,4,0,0,0,0,1,12,+5,.551,.550,.400,.200,0.0,16.9,9.2,0.0,0.0,0.0,0.0,19.8,108,111
1579,201704090NYK,"12:00 PM, April 9, 2017",2017,Toronto Raptors,New York Knicks,1,DeMarre Carroll,22:39,1,6,.167,0,3,.000,1,1,1.000,0,2,2,1,0,0,0,2,3,+9,.233,.167,.500,.167,0.0,10.1,5.5,5.6,0.0,0.0,0.0,14.1,59,112
1580,201704090NYK,"12:00 PM, April 9, 2017",2017,Toronto Raptors,New York Knicks,1,Jonas Valanciunas,19:43,3,8,.375,0,0,,0,0,,3,4,7,0,1,0,1,1,6,-12,.375,.375,.000,.000,20.9,23.2,22.1,0.0,2.7,0.0,11.1,22.6,88,103
1581,201704090NYK,"12:00 PM, April 9, 2017",2017,Toronto Raptors,New York Knicks,0,Patrick Patterson,28:39,6,9,.667,3,6,.500,0,0,,0,3,3,1,1,0,0,0,15,+6,.833,.833,.667,.000,0.0,12.0,6.5,5.6,1.8,0.0,0.0,15.5,160,107
1582,201704090NYK,"12:00 PM, April 9, 2017",2017,Toronto Raptors,New York Knicks,0,P.J. Tucker,26:56,2,5,.400,2,5,.400,2,2,1.000,0,7,7,1,1,0,0,3,8,+20,.680,.600,1.000,.400,0.0,29.7,16.2,4.9,2.0,0.0,0.0,10.8,142,104
1583,201704090NYK,"12:00 PM, April 9, 2017",2017,Toronto Raptors,New York Knicks,0,Cory Joseph,24:55,2,6,.333,0,2,.000,0,0,,0,0,0,5,1,0,2,2,4,+3,.333,.333,.333,.000,0.0,0.0,0.0,26.6,2.1,0.0,25.0,15.9,80,109
1584,201704090NYK,"12:00 PM, April 9, 2017",2017,Toronto Raptors,New York Knicks,0,Jakob Poeltl,14:15,4,4,1.000,0,0,,0,0,,1,6,7,0,0,0,1,2,8,+16,1.000,1.000,.000,.000,9.6,48.1,30.6,0.0,0.0,0.0,20.0,17.3,152,105
1585,201704090NYK,"12:00 PM, April 9, 2017",2017,Toronto Raptors,New York Knicks,0,Delon Wright,3:52,0,2,.000,0,1,.000,0,0,,1,0,1,0,0,0,0,0,0,-4,.000,.000,.500,.000,35.5,0.0,16.1,0.0,0.0,0.0,0.0,25.6,46,113
1586,201704090NYK,"12:00 PM, April 9, 2017",2017,Toronto Raptors,New York Knicks,0,Norman Powell,3:24,1,2,.500,0,1,.000,0,0,,0,1,1,0,1,0,0,1,2,-4,.500,.500,.500,.000,0.0,33.6,18.3,0.0,15.5,0.0,0.0,29.1,95,73
1587,201704090NYK,"12:00 PM, April 9, 2017",2017,Toronto Raptors,New York Knicks,0,Fred VanVleet,1:18,0,0,,0,0,,0,0,,0,0,0,1,0,0,0,0,0,0,,,,,0.0,0.0,0.0,92.3,0.0,0.0,,0.0,225,113
1588,201704090NYK,"12:00 PM, April 9, 2017",2017,Toronto Raptors,New York Knicks,0,Lucas Nogueira,0:00,0.0,0.0,0.0,0.0,0.0,0.0,0.0,0.0,0.0,0.0,0.0,0.0,0.0,0.0,0.0,0.0,0.0,0.0,0.0,0.0,0.0,0.0,0.0,0.0,0.0,0.0,0.0,0.0,0.0,0.0,0.0,0.0,0.0
1589,201704090NYK,"12:00 PM, April 9, 2017",2017,New York Knicks,Toronto Raptors,1,Justin Holiday,40:09,4,13,.308,2,6,.333,0,0,,1,4,5,5,1,1,0,1,10,-11,.385,.385,.462,.000,2.8,13.7,7.8,18.6,1.3,2.6,0.0,15.6,94,119
1590,201704090NYK,"12:00 PM, April 9, 2017",2017,New York Knicks,Toronto Raptors,1,Ron Baker,38:06,5,12,.417,1,5,.200,0,0,,0,8,8,8,1,0,2,3,11,-4,.458,.458,.417,.000,0.0,28.8,13.1,32.8,1.4,0.0,14.3,17.7,96,120
1591,201704090NYK,"12:00 PM, April 9, 2017",2017,New York Knicks,Toronto Raptors,1,Courtney Lee,32:01,6,13,.462,2,5,.400,0,0,,1,0,1,3,1,0,2,3,14,-2,.538,.538,.385,.000,3.6,0.0,1.9,16.1,1.6,0.0,13.3,22.6,96,122
1592,201704090NYK,"12:00 PM, April 9, 2017",2017,New York Knicks,Toronto Raptors,1,Willy Hernangomez,30:31,9,15,.600,1,1,1.000,5,6,.833,3,8,11,5,3,0,2,3,24,-5,.680,.633,.067,.400,11.2,36.0,22.5,34.4,5.2,0.0,10.2,31.0,130,110
1593,201704090NYK,"12:00 PM, April 9, 2017",2017,New York Knicks,Toronto Raptors,1,Maurice Ndour,24:59,2,4,.500,0,0,,2,2,1.000,0,2,2,1,0,0,0,3,6,+7,.615,.500,.000,.500,0.0,11.0,5.0,5.8,0.0,0.0,0.0,9.4,130,125
1594,201704090NYK,"12:00 PM, April 9, 2017",2017,New York Knicks,Toronto Raptors,0,Mindaugas Kuzminskas,21:35,5,10,.500,2,6,.333,0,0,,0,1,1,0,0,0,1,1,12,-12,.600,.600,.600,.000,0.0,6.4,2.9,0.0,0.0,0.0,9.1,24.6,95,125
1595,201704090NYK,"12:00 PM, April 9, 2017",2017,New York Knicks,Toronto Raptors,0,Sasha Vujacic,17:27,1,4,.250,0,2,.000,0,0,,1,3,4,3,0,0,0,2,2,-16,.250,.250,.500,.000,6.5,23.6,14.3,24.1,0.0,0.0,0.0,11.0,94,123
1596,201704090NYK,"12:00 PM, April 9, 2017",2017,New York Knicks,Toronto Raptors,0,Kyle O'Quinn,17:21,3,7,.429,0,0,,1,1,1.000,0,2,2,0,0,0,1,0,7,-16,.470,.429,.000,.143,0.0,15.8,7.2,0.0,0.0,0.0,11.8,23.4,79,124
1597,201704090NYK,"12:00 PM, April 9, 2017",2017,New York Knicks,Toronto Raptors,0,Chasson Randle,14:50,1,3,.333,1,3,.333,6,6,1.000,0,2,2,2,0,0,3,2,9,-6,.798,.500,1.000,2.000,0.0,18.5,8.4,19.2,0.0,0.0,34.7,28.1,111,124
1598,201704090NYK,"12:00 PM, April 9, 2017",2017,New York Knicks,Toronto Raptors,0,Marshall Plumlee,3:01,1,1,1.000,0,0,,0,0,,0,0,0,0,0,0,0,0,2,0,1.000,1.000,.000,.000,0.0,0.0,0.0,0.0,0.0,0.0,0.0,16.0,200,126
1599,201704090PHO,"6:00 PM, April 9, 2017",2017,Dallas Mavericks,Phoenix Suns,1,Yogi Ferrell,32:12,8,16,.500,3,6,.500,2,2,1.000,2,2,4,4,0,0,2,2,21,-14,.622,.594,.375,.125,5.7,8.5,6.9,20.5,0.0,0.0,10.6,24.4,127,134
1600,201704090PHO,"6:00 PM, April 9, 2017",2017,Dallas Mavericks,Phoenix Suns,1,Dorian Finney-Smith,30:09,2,9,.222,0,2,.000,2,2,1.000,7,4,11,3,1,0,0,4,6,-13,.304,.222,.222,.222,21.4,18.2,20.1,12.6,1.7,0.0,0.0,13.6,117,128
1601,201704090PHO,"6:00 PM, April 9, 2017",2017,Dallas Mavericks,Phoenix Suns,1,Dirk Nowitzki,20:06,4,12,.333,1,2,.500,2,2,1.000,0,3,3,3,0,0,1,2,11,-1,.427,.375,.167,.167,0.0,20.5,8.2,22.8,0.0,0.0,7.2,28.7,100,132
1602,201704090PHO,"6:00 PM, April 9, 2017",2017,Dallas Mavericks,Phoenix Suns,1,Wesley Matthews,19:06,3,10,.300,1,8,.125,0,0,,0,1,1,2,0,0,1,1,7,-9,.350,.350,.800,.000,0.0,7.2,2.9,15.0,0.0,0.0,9.1,24.0,81,134
1603,201704090PHO,"6:00 PM, April 9, 2017",2017,Dallas Mavericks,Phoenix Suns,1,Nerlens Noel,9:27,1,2,.500,0,0,,1,1,1.000,1,0,1,2,1,0,0,1,3,-3,.615,.500,.000,.500,9.8,0.0,5.8,28.3,5.3,0.0,0.0,10.7,166,123
1604,201704090PHO,"6:00 PM, April 9, 2017",2017,Dallas Mavericks,Phoenix Suns,0,Nicolas Brussino,33:04,4,12,.333,2,10,.200,1,2,.500,0,5,5,5,0,0,1,4,11,-8,.427,.417,.833,.167,0.0,20.7,8.3,20.6,0.0,0.0,7.2,17.5,104,132
1605,201704090PHO,"6:00 PM, April 9, 2017",2017,Dallas Mavericks,Phoenix Suns,0,Dwight Powell,32:28,8,14,.571,4,8,.500,1,3,.333,0,5,5,2,2,1,2,2,21,+1,.685,.714,.571,.214,0.0,21.1,8.5,10.1,3.1,2.4,11.5,22.2,123,123
1606,201704090PHO,"6:00 PM, April 9, 2017",2017,Dallas Mavericks,Phoenix Suns,0,Jarrod Uthoff,26:48,4,8,.500,2,3,.667,2,3,.667,5,4,9,1,1,0,1,3,12,-13,.644,.625,.375,.375,17.2,20.5,18.5,5.3,1.9,0.0,9.7,16.0,138,128
1607,201704090PHO,"6:00 PM, April 9, 2017",2017,Dallas Mavericks,Phoenix Suns,0,A.J. Hammons,18:57,2,7,.286,0,1,.000,1,2,.500,0,1,1,0,0,1,1,2,5,-8,.317,.286,.143,.286,0.0,7.2,2.9,0.0,0.0,4.2,11.3,19.5,63,130
1608,201704090PHO,"6:00 PM, April 9, 2017",2017,Dallas Mavericks,Phoenix Suns,0,Salah Mejri,9:11,2,2,1.000,0,0,,1,2,.500,2,1,3,0,0,0,0,1,5,+2,.868,1.000,.000,1.000,20.1,14.9,18.0,0.0,0.0,0.0,0.0,13.0,182,133
1609,201704090PHO,"6:00 PM, April 9, 2017",2017,Dallas Mavericks,Phoenix Suns,0,Devin Harris,8:32,3,5,.600,3,5,.600,0,0,,0,1,1,1,0,0,1,1,9,+1,.900,.900,1.000,.000,0.0,16.1,6.5,23.3,0.0,0.0,16.7,29.3,140,132
1610,201704090PHO,"6:00 PM, April 9, 2017",2017,Dallas Mavericks,Phoenix Suns,0,Harrison Barnes,0:00,0.0,0.0,0.0,0.0,0.0,0.0,0.0,0.0,0.0,0.0,0.0,0.0,0.0,0.0,0.0,0.0,0.0,0.0,0.0,0.0,0.0,0.0,0.0,0.0,0.0,0.0,0.0,0.0,0.0,0.0,0.0,0.0,0.0
1611,201704090PHO,"6:00 PM, April 9, 2017",2017,Phoenix Suns,Dallas Mavericks,1,Tyler Ulis,33:27,7,13,.538,2,3,.667,4,4,1.000,0,2,2,10,0,1,3,0,20,+11,.678,.615,.231,.308,0.0,5.5,3.3,42.3,0.0,2.8,16.9,24.0,131,123
1612,201704090PHO,"6:00 PM, April 9, 2017",2017,Phoenix Suns,Dallas Mavericks,1,T.J. Warren,29:22,8,8,1.000,2,2,1.000,3,3,1.000,0,7,7,0,2,0,0,1,21,+29,1.127,1.125,.250,.375,0.0,22.0,13.2,0.0,3.4,0.0,0.0,14.4,230,108
1613,201704090PHO,"6:00 PM, April 9, 2017",2017,Phoenix Suns,Dallas Mavericks,1,Alex Len,28:14,5,7,.714,0,0,,4,5,.800,3,7,10,1,0,2,1,2,14,+10,.761,.714,.000,.714,14.6,22.9,19.5,4.8,0.0,6.5,9.8,16.3,150,112
1614,201704090PHO,"6:00 PM, April 9, 2017",2017,Phoenix Suns,Dallas Mavericks,1,Devin Booker,22:44,8,15,.533,1,4,.250,4,5,.800,0,2,2,3,0,0,2,1,21,+13,.610,.567,.267,.333,0.0,8.1,4.9,23.4,0.0,0.0,10.4,38.2,115,123
1615,201704090PHO,"6:00 PM, April 9, 2017",2017,Phoenix Suns,Dallas Mavericks,1,Marquese Chriss,17:04,3,4,.750,1,1,1.000,2,2,1.000,0,4,4,3,0,0,0,1,9,+5,.922,.875,.250,.500,0.0,21.6,12.9,23.7,0.0,0.0,0.0,12.9,194,116
1616,201704090PHO,"6:00 PM, April 9, 2017",2017,Phoenix Suns,Dallas Mavericks,0,Dragan Bender,35:13,4,10,.400,1,6,.167,0,0,,2,6,8,3,1,1,3,4,9,+1,.450,.450,.600,.000,7.8,15.7,12.5,10.6,1.4,2.6,23.1,16.7,89,114
1617,201704090PHO,"6:00 PM, April 9, 2017",2017,Phoenix Suns,Dallas Mavericks,0,Derrick Jones,27:49,5,11,.455,1,1,1.000,4,4,1.000,2,1,3,0,3,0,2,4,15,+8,.588,.500,.091,.364,9.9,3.3,6.0,0.0,5.4,0.0,13.6,24.0,111,112
1618,201704090PHO,"6:00 PM, April 9, 2017",2017,Phoenix Suns,Dallas Mavericks,0,Ronnie Price,18:38,0,0,,0,0,,0,0,,0,1,1,3,0,0,0,2,0,-16,,,,,0.0,5.0,3.0,17.6,0.0,0.0,,0.0,218,124
1619,201704090PHO,"6:00 PM, April 9, 2017",2017,Phoenix Suns,Dallas Mavericks,0,Alan Williams,12:56,4,7,.571,0,0,,5,7,.714,1,2,3,1,0,0,0,1,13,+2,.645,.571,.000,1.000,10.6,14.3,12.8,12.7,0.0,0.0,0.0,35.3,142,120
1620,201704090PHO,"6:00 PM, April 9, 2017",2017,Phoenix Suns,Dallas Mavericks,0,Elijah Millsap,12:00,0,5,.000,0,2,.000,0,0,,0,2,2,1,0,0,1,2,0,-6,.000,.000,.400,.000,0.0,15.4,9.2,9.1,0.0,0.0,16.7,22.6,13,119
1621,201704090PHO,"6:00 PM, April 9, 2017",2017,Phoenix Suns,Dallas Mavericks,0,Jared Dudley,2:33,0,0,,0,0,,2,2,1.000,0,1,1,1,0,0,0,0,2,+8,1.136,,,,0.0,36.2,21.6,42.8,0.0,0.0,0.0,15.6,241,109
1622,201704090PHO,"6:00 PM, April 9, 2017",2017,Phoenix Suns,Dallas Mavericks,0,Brandon Knight,0:00,0.0,0.0,0.0,0.0,0.0,0.0,0.0,0.0,0.0,0.0,0.0,0.0,0.0,0.0,0.0,0.0,0.0,0.0,0.0,0.0,0.0,0.0,0.0,0.0,0.0,0.0,0.0,0.0,0.0,0.0,0.0,0.0,0.0
1623,201704090PHO,"6:00 PM, April 9, 2017",2017,Phoenix Suns,Dallas Mavericks,0,Eric Bledsoe,0:00,0.0,0.0,0.0,0.0,0.0,0.0,0.0,0.0,0.0,0.0,0.0,0.0,0.0,0.0,0.0,0.0,0.0,0.0,0.0,0.0,0.0,0.0,0.0,0.0,0.0,0.0,0.0,0.0,0.0,0.0,0.0,0.0,0.0
1624,201704090SAC,"6:00 PM, April 9, 2017",2017,Houston Rockets,Sacramento Kings,1,Troy Williams,36:13,5,9,.556,1,4,.250,1,1,1.000,4,5,9,2,0,0,0,3,12,+4,.636,.611,.444,.111,14.7,15.4,15.1,6.9,0.0,0.0,0.0,11.4,152,127
1625,201704090SAC,"6:00 PM, April 9, 2017",2017,Houston Rockets,Sacramento Kings,1,James Harden,36:00,9,22,.409,5,13,.385,12,13,.923,0,11,11,15,1,0,10,2,35,+8,.631,.523,.591,.591,0.0,34.1,18.6,60.6,1.3,0.0,26.5,45.9,113,121
1626,201704090SAC,"6:00 PM, April 9, 2017",2017,Houston Rockets,Sacramento Kings,1,Patrick Beverley,28:49,4,6,.667,1,2,.500,0,3,.000,0,3,3,4,1,0,1,4,9,-7,.615,.750,.333,.500,0.0,11.6,6.3,17.4,1.6,0.0,12.0,12.6,121,124
1627,201704090SAC,"6:00 PM, April 9, 2017",2017,Houston Rockets,Sacramento Kings,1,Clint Capela,23:48,8,8,1.000,0,0,,2,2,1.000,0,6,6,0,0,1,1,2,18,+28,1.014,1.000,.000,.250,0.0,28.1,15.3,0.0,0.0,3.2,10.1,18.2,175,122
1628,201704090SAC,"6:00 PM, April 9, 2017",2017,Houston Rockets,Sacramento Kings,1,Ryan Anderson,23:07,7,9,.778,6,8,.750,1,1,1.000,0,1,1,0,1,0,0,0,21,+7,1.112,1.111,.889,.111,0.0,4.8,2.6,0.0,2.0,0.0,0.0,17.9,202,124
1629,201704090SAC,"6:00 PM, April 9, 2017",2017,Houston Rockets,Sacramento Kings,0,Lou Williams,31:14,5,14,.357,1,8,.125,7,7,1.000,0,4,4,2,0,1,3,1,18,+13,.527,.393,.571,.500,0.0,14.3,7.8,8.2,0.0,2.4,14.9,28.1,97,125
1630,201704090SAC,"6:00 PM, April 9, 2017",2017,Houston Rockets,Sacramento Kings,0,Bobby Brown,24:43,5,9,.556,4,7,.571,2,2,1.000,0,1,1,2,0,0,1,2,16,+10,.810,.778,.778,.222,0.0,4.5,2.5,11.0,0.0,0.0,9.2,19.3,144,128
1631,201704090SAC,"6:00 PM, April 9, 2017",2017,Houston Rockets,Sacramento Kings,0,Montrezl Harrell,12:12,1,1,1.000,0,0,,0,0,,1,3,4,0,0,0,0,4,2,-10,1.000,1.000,.000,.000,10.9,27.4,19.9,0.0,0.0,0.0,0.0,3.6,215,124
1632,201704090SAC,"6:00 PM, April 9, 2017",2017,Houston Rockets,Sacramento Kings,0,Chinanu Onuaku,12:00,1,1,1.000,0,0,,2,2,1.000,0,1,1,1,0,0,0,1,4,-11,1.064,1.000,.000,2.000,0.0,9.3,5.1,9.8,0.0,0.0,0.0,6.9,229,127
1633,201704090SAC,"6:00 PM, April 9, 2017",2017,Houston Rockets,Sacramento Kings,0,Isaiah Taylor,11:54,0,1,.000,0,1,.000,0,0,,0,1,1,0,0,0,0,3,0,-7,.000,.000,1.000,.000,0.0,9.4,5.1,0.0,0.0,0.0,0.0,3.7,0,127
1634,201704090SAC,"6:00 PM, April 9, 2017",2017,Houston Rockets,Sacramento Kings,0,Eric Gordon,0:00,0.0,0.0,0.0,0.0,0.0,0.0,0.0,0.0,0.0,0.0,0.0,0.0,0.0,0.0,0.0,0.0,0.0,0.0,0.0,0.0,0.0,0.0,0.0,0.0,0.0,0.0,0.0,0.0,0.0,0.0,0.0,0.0,0.0
1635,201704090SAC,"6:00 PM, April 9, 2017",2017,Houston Rockets,Sacramento Kings,0,Nene Hilario,0:00,0.0,0.0,0.0,0.0,0.0,0.0,0.0,0.0,0.0,0.0,0.0,0.0,0.0,0.0,0.0,0.0,0.0,0.0,0.0,0.0,0.0,0.0,0.0,0.0,0.0,0.0,0.0,0.0,0.0,0.0,0.0,0.0,0.0
1636,201704090SAC,"6:00 PM, April 9, 2017",2017,Sacramento Kings,Houston Rockets,1,Garrett Temple,35:33,5,12,.417,3,8,.375,0,0,,0,5,5,1,4,0,0,2,13,-1,.542,.542,.667,.000,0.0,18.8,8.5,3.4,5.2,0.0,0.0,14.4,108,123
1637,201704090SAC,"6:00 PM, April 9, 2017",2017,Sacramento Kings,Houston Rockets,1,Buddy Hield,32:20,4,16,.250,1,8,.125,3,4,.750,1,5,6,3,0,0,1,3,12,-10,.338,.281,.500,.250,3.5,20.6,11.3,10.8,0.0,0.0,5.3,24.8,79,135
1638,201704090SAC,"6:00 PM, April 9, 2017",2017,Sacramento Kings,Houston Rockets,1,Skal Labissiere,31:05,10,12,.833,0,0,,5,6,.833,2,4,6,3,2,1,0,3,25,+12,.854,.833,.000,.500,7.2,17.2,11.7,14.7,3.0,4.2,0.0,20.1,178,126
1639,201704090SAC,"6:00 PM, April 9, 2017",2017,Sacramento Kings,Houston Rockets,1,Ty Lawson,28:28,7,12,.583,0,1,.000,6,6,1.000,0,2,2,11,1,0,2,1,20,-13,.683,.583,.083,.500,0.0,9.4,4.3,52.7,1.6,0.0,12.0,25.0,139,132
1640,201704090SAC,"6:00 PM, April 9, 2017",2017,Sacramento Kings,Houston Rockets,1,Willie Cauley-Stein,25:02,6,12,.500,0,0,,4,4,1.000,2,8,10,0,0,1,0,2,16,-15,.581,.500,.000,.333,8.9,42.6,24.3,0.0,0.0,5.2,0.0,23.5,126,130
1641,201704090SAC,"6:00 PM, April 9, 2017",2017,Sacramento Kings,Houston Rockets,0,Langston Galloway,26:02,4,6,.667,2,3,.667,0,0,,1,1,2,3,0,0,0,1,10,+10,.833,.833,.500,.000,4.3,5.1,4.7,14.0,0.0,0.0,0.0,9.9,172,136
1642,201704090SAC,"6:00 PM, April 9, 2017",2017,Sacramento Kings,Houston Rockets,0,Ben McLemore,24:11,6,15,.400,3,7,.429,3,4,.750,0,3,3,0,0,0,0,2,18,0,.537,.500,.467,.267,0.0,16.5,7.5,0.0,0.0,0.0,0.0,29.6,107,135
1643,201704090SAC,"6:00 PM, April 9, 2017",2017,Sacramento Kings,Houston Rockets,0,Anthony Tolliver,24:07,2,6,.333,0,4,.000,4,6,.667,0,1,1,2,0,0,1,2,8,-7,.463,.333,.667,1.000,0.0,5.5,2.5,9.3,0.0,0.0,10.4,17.1,95,136
1644,201704090SAC,"6:00 PM, April 9, 2017",2017,Sacramento Kings,Houston Rockets,0,Georgios Papagiannis,13:12,3,3,1.000,0,0,,0,0,,1,2,3,3,1,0,1,2,6,-11,1.000,1.000,.000,.000,8.5,20.2,13.8,30.2,3.5,0.0,25.0,13.0,160,127
1645,201704090SAC,"6:00 PM, April 9, 2017",2017,Sacramento Kings,Houston Rockets,0,Darren Collison,0:00,0.0,0.0,0.0,0.0,0.0,0.0,0.0,0.0,0.0,0.0,0.0,0.0,0.0,0.0,0.0,0.0,0.0,0.0,0.0,0.0,0.0,0.0,0.0,0.0,0.0,0.0,0.0,0.0,0.0,0.0,0.0,0.0,0.0
1646,201704090SAC,"6:00 PM, April 9, 2017",2017,Sacramento Kings,Houston Rockets,0,Tyreke Evans,0:00,0.0,0.0,0.0,0.0,0.0,0.0,0.0,0.0,0.0,0.0,0.0,0.0,0.0,0.0,0.0,0.0,0.0,0.0,0.0,0.0,0.0,0.0,0.0,0.0,0.0,0.0,0.0,0.0,0.0,0.0,0.0,0.0,0.0
1647,201704090SAC,"6:00 PM, April 9, 2017",2017,Sacramento Kings,Houston Rockets,0,Arron Afflalo,0:00,0.0,0.0,0.0,0.0,0.0,0.0,0.0,0.0,0.0,0.0,0.0,0.0,0.0,0.0,0.0,0.0,0.0,0.0,0.0,0.0,0.0,0.0,0.0,0.0,0.0,0.0,0.0,0.0,0.0,0.0,0.0,0.0,0.0
1648,201704090SAC,"6:00 PM, April 9, 2017",2017,Sacramento Kings,Houston Rockets,0,Kosta Koufos,0:00,0.0,0.0,0.0,0.0,0.0,0.0,0.0,0.0,0.0,0.0,0.0,0.0,0.0,0.0,0.0,0.0,0.0,0.0,0.0,0.0,0.0,0.0,0.0,0.0,0.0,0.0,0.0,0.0,0.0,0.0,0.0,0.0,0.0
1649,201704100BOS,"7:30 PM, April 10, 2017",2017,Brooklyn Nets,Boston Celtics,1,Rondae Hollis-Jefferson,36:59,4,15,.267,1,2,.500,8,8,1.000,1,10,11,3,4,2,3,2,17,-3,.459,.300,.133,.533,2.5,26.5,14.3,15.1,5.0,4.9,13.9,24.3,90,98
1650,201704100BOS,"7:30 PM, April 10, 2017",2017,Brooklyn Nets,Boston Celtics,1,Brook Lopez,34:25,10,21,.476,1,6,.167,4,4,1.000,3,4,7,2,0,1,1,2,25,-7,.549,.500,.286,.190,8.2,11.4,9.8,16.4,0.0,2.6,4.2,28.8,113,115
1651,201704100BOS,"7:30 PM, April 10, 2017",2017,Brooklyn Nets,Boston Celtics,1,Jeremy Lin,33:35,4,9,.444,2,5,.400,16,17,.941,3,9,12,4,0,0,1,4,26,-10,.789,.556,.556,1.889,8.4,26.3,17.2,22.6,0.0,0.0,5.7,21.7,164,114
1652,201704100BOS,"7:30 PM, April 10, 2017",2017,Brooklyn Nets,Boston Celtics,1,Caris LeVert,27:43,4,12,.333,2,6,.333,2,2,1.000,0,3,3,2,0,1,1,2,12,-5,.466,.417,.500,.167,0.0,10.6,5.2,14.4,0.0,3.3,7.2,20.9,92,115
1653,201704100BOS,"7:30 PM, April 10, 2017",2017,Brooklyn Nets,Boston Celtics,1,Randy Foye,15:33,0,2,.000,0,2,.000,2,2,1.000,0,1,1,0,2,0,0,1,2,-1,.347,.000,1.000,1.000,0.0,6.3,3.1,0.0,6.0,0.0,0.0,7.7,79,105
1654,201704100BOS,"7:30 PM, April 10, 2017",2017,Brooklyn Nets,Boston Celtics,0,Isaiah Whitehead,25:32,3,8,.375,0,2,.000,0,2,.000,0,1,1,4,1,0,1,1,6,-7,.338,.375,.250,.250,0.0,3.8,1.9,29.7,1.8,0.0,10.1,16.1,75,115
1655,201704100BOS,"7:30 PM, April 10, 2017",2017,Brooklyn Nets,Boston Celtics,0,Spencer Dinwiddie,17:08,0,2,.000,0,1,.000,2,2,1.000,0,3,3,2,0,0,0,2,2,-5,.347,.000,.500,1.000,0.0,17.2,8.4,18.1,0.0,0.0,0.0,7.0,100,116
1656,201704100BOS,"7:30 PM, April 10, 2017",2017,Brooklyn Nets,Boston Celtics,0,Justin Hamilton,16:53,5,8,.625,1,3,.333,0,0,,1,3,4,0,1,1,0,2,11,-3,.688,.688,.375,.000,5.6,17.4,11.4,0.0,2.8,5.4,0.0,19.8,131,105
1657,201704100BOS,"7:30 PM, April 10, 2017",2017,Brooklyn Nets,Boston Celtics,0,Archie Goodwin,14:25,1,4,.250,1,1,1.000,0,0,,0,2,2,1,0,0,2,0,3,+1,.375,.375,.250,.000,0.0,13.6,6.7,12.0,0.0,0.0,33.3,17.3,54,117
1658,201704100BOS,"7:30 PM, April 10, 2017",2017,Brooklyn Nets,Boston Celtics,0,K.J. McDaniels,10:04,0,3,.000,0,1,.000,1,2,.500,1,3,4,0,0,1,2,0,1,0,.129,.000,.333,.667,9.3,29.2,19.1,0.0,0.0,9.0,34.0,24.3,30,106
1659,201704100BOS,"7:30 PM, April 10, 2017",2017,Brooklyn Nets,Boston Celtics,0,Andrew Nicholson,7:43,0,2,.000,0,2,.000,0,0,,0,1,1,0,0,0,1,3,0,-5,.000,.000,1.000,.000,0.0,12.7,6.2,0.0,0.0,0.0,33.3,16.2,0,117
1660,201704100BOS,"7:30 PM, April 10, 2017",2017,Brooklyn Nets,Boston Celtics,0,Trevor Booker,0:00,0.0,0.0,0.0,0.0,0.0,0.0,0.0,0.0,0.0,0.0,0.0,0.0,0.0,0.0,0.0,0.0,0.0,0.0,0.0,0.0,0.0,0.0,0.0,0.0,0.0,0.0,0.0,0.0,0.0,0.0,0.0,0.0,0.0
1661,201704100BOS,"7:30 PM, April 10, 2017",2017,Boston Celtics,Brooklyn Nets,1,Jae Crowder,33:28,4,6,.667,3,4,.750,0,0,,1,7,8,6,1,2,2,0,11,+9,.917,.917,.667,.000,2.9,19.7,11.5,24.4,1.4,5.2,25.0,10.1,140,99
1662,201704100BOS,"7:30 PM, April 10, 2017",2017,Boston Celtics,Brooklyn Nets,1,Avery Bradley,32:44,7,10,.700,3,5,.600,1,1,1.000,2,3,5,2,0,0,0,4,18,+7,.862,.850,.500,.100,6.0,8.6,7.3,9.5,0.0,0.0,0.0,13.5,170,109
1663,201704100BOS,"7:30 PM, April 10, 2017",2017,Boston Celtics,Brooklyn Nets,1,Al Horford,32:38,8,17,.471,1,3,.333,2,4,.500,1,7,8,4,1,1,1,3,19,+6,.506,.500,.176,.235,3.0,20.2,11.8,20.1,1.4,2.7,5.1,25.7,104,100
1664,201704100BOS,"7:30 PM, April 10, 2017",2017,Boston Celtics,Brooklyn Nets,1,Isaiah Thomas,29:47,10,21,.476,2,10,.200,5,5,1.000,1,3,4,3,1,0,4,4,27,+16,.582,.524,.476,.238,3.3,9.5,6.4,19.4,1.6,0.0,14.7,38.7,101,105
1665,201704100BOS,"7:30 PM, April 10, 2017",2017,Boston Celtics,Brooklyn Nets,1,Amir Johnson,14:40,1,5,.200,0,1,.000,0,0,,0,4,4,1,1,0,1,3,2,+11,.200,.200,.200,.000,0.0,25.7,13.1,8.7,3.2,0.0,16.7,17.3,44,96
1666,201704100BOS,"7:30 PM, April 10, 2017",2017,Boston Celtics,Brooklyn Nets,0,Marcus Smart,30:49,3,9,.333,2,6,.333,5,5,1.000,0,2,2,6,1,1,1,2,13,+3,.580,.444,.667,.556,0.0,6.1,3.1,25.7,1.5,2.8,8.2,16.8,126,104
1667,201704100BOS,"7:30 PM, April 10, 2017",2017,Boston Celtics,Brooklyn Nets,0,Jaylen Brown,17:56,1,5,.200,1,3,.333,0,0,,0,1,1,1,1,0,2,0,3,-1,.300,.300,.600,.000,0.0,5.2,2.7,7.0,2.6,0.0,28.6,16.5,49,104
1668,201704100BOS,"7:30 PM, April 10, 2017",2017,Boston Celtics,Brooklyn Nets,0,Kelly Olynyk,15:03,4,9,.444,1,3,.333,2,2,1.000,1,5,6,3,0,0,2,3,11,+2,.557,.500,.333,.222,6.5,31.3,19.1,33.9,0.0,0.0,16.8,33.5,103,102
1669,201704100BOS,"7:30 PM, April 10, 2017",2017,Boston Celtics,Brooklyn Nets,0,Jonas Jerebko,14:26,1,3,.333,1,1,1.000,1,2,.500,2,6,8,3,0,0,0,2,4,+4,.515,.500,.333,.667,13.6,39.1,26.6,26.5,0.0,0.0,0.0,11.4,144,99
1670,201704100BOS,"7:30 PM, April 10, 2017",2017,Boston Celtics,Brooklyn Nets,0,Terry Rozier,11:00,1,4,.250,0,2,.000,0,0,,1,4,5,2,1,0,0,2,2,-4,.250,.250,.500,.000,8.9,34.2,21.8,23.8,4.2,0.0,0.0,15.4,90,91
1671,201704100BOS,"7:30 PM, April 10, 2017",2017,Boston Celtics,Brooklyn Nets,0,Tyler Zeller,7:29,1,2,.500,0,0,,2,2,1.000,0,0,0,0,0,0,0,0,4,-8,.694,.500,.000,1.000,0.0,0.0,0.0,0.0,0.0,0.0,0.0,16.3,146,112
1672,201704100BOS,"7:30 PM, April 10, 2017",2017,Boston Celtics,Brooklyn Nets,0,Gerald Green,0:00,0.0,0.0,0.0,0.0,0.0,0.0,0.0,0.0,0.0,0.0,0.0,0.0,0.0,0.0,0.0,0.0,0.0,0.0,0.0,0.0,0.0,0.0,0.0,0.0,0.0,0.0,0.0,0.0,0.0,0.0,0.0,0.0,0.0
1673,201704100BOS,"7:30 PM, April 10, 2017",2017,Boston Celtics,Brooklyn Nets,0,James Young,0:00,0.0,0.0,0.0,0.0,0.0,0.0,0.0,0.0,0.0,0.0,0.0,0.0,0.0,0.0,0.0,0.0,0.0,0.0,0.0,0.0,0.0,0.0,0.0,0.0,0.0,0.0,0.0,0.0,0.0,0.0,0.0,0.0,0.0
1674,201704100CHI,"8:00 PM, April 10, 2017",2017,Orlando Magic,Chicago Bulls,1,Aaron Gordon,28:37,4,6,.667,0,0,,2,2,1.000,1,5,6,2,0,0,2,1,10,-29,.727,.667,.000,.333,3.2,21.5,11.1,15.0,0.0,0.0,22.5,13.9,114,130
1675,201704100CHI,"8:00 PM, April 10, 2017",2017,Orlando Magic,Chicago Bulls,1,Evan Fournier,27:38,6,13,.462,1,4,.250,1,1,1.000,0,0,0,3,0,1,3,2,14,-21,.521,.500,.308,.077,0.0,0.0,0.0,28.1,0.0,2.8,18.2,26.7,86,133
1676,201704100CHI,"8:00 PM, April 10, 2017",2017,Orlando Magic,Chicago Bulls,1,Nikola Vucevic,26:36,6,14,.429,1,1,1.000,1,2,.500,5,5,10,2,0,1,2,1,14,-23,.470,.464,.071,.143,17.4,23.1,19.8,19.9,0.0,2.9,11.8,28.5,93,127
1677,201704100CHI,"8:00 PM, April 10, 2017",2017,Orlando Magic,Chicago Bulls,1,Elfrid Payton,24:36,5,13,.385,1,4,.250,0,1,.000,2,5,7,4,0,0,2,1,11,-20,.409,.423,.308,.077,7.5,25.0,15.0,40.6,0.0,0.0,13.0,28.1,82,129
1678,201704100CHI,"8:00 PM, April 10, 2017",2017,Orlando Magic,Chicago Bulls,1,Terrence Ross,17:01,1,5,.200,0,2,.000,1,1,1.000,0,1,1,1,0,1,0,4,3,-15,.276,.200,.400,.200,0.0,7.2,3.1,10.8,0.0,4.5,0.0,14.3,66,129
1679,201704100CHI,"8:00 PM, April 10, 2017",2017,Orlando Magic,Chicago Bulls,0,Mario Hezonja,31:35,2,9,.222,2,6,.333,1,2,.500,0,0,0,1,2,0,0,0,7,-26,.354,.333,.667,.222,0.0,0.0,0.0,5.9,3.2,0.0,0.0,14.0,76,128
1680,201704100CHI,"8:00 PM, April 10, 2017",2017,Orlando Magic,Chicago Bulls,0,D.J. Augustin,23:24,2,9,.222,0,6,.000,1,2,.500,0,1,1,2,0,0,3,2,5,-27,.253,.222,.667,.222,0.0,5.3,2.3,16.5,0.0,0.0,23.3,24.7,45,134
1681,201704100CHI,"8:00 PM, April 10, 2017",2017,Orlando Magic,Chicago Bulls,0,Bismack Biyombo,16:43,2,4,.500,0,0,,3,3,1.000,1,6,7,0,2,2,1,3,7,-17,.658,.500,.000,.750,5.5,44.2,22.1,0.0,6.0,9.1,15.8,17.0,116,104
1682,201704100CHI,"8:00 PM, April 10, 2017",2017,Orlando Magic,Chicago Bulls,0,Jodie Meeks,14:13,0,5,.000,0,3,.000,0,0,,0,0,0,1,0,0,2,1,0,-18,.000,.000,.600,.000,0.0,0.0,0.0,11.6,0.0,0.0,28.6,22.1,7,135
1683,201704100CHI,"8:00 PM, April 10, 2017",2017,Orlando Magic,Chicago Bulls,0,Marcus Georges-Hunt,12:00,0,2,.000,0,0,,2,2,1.000,0,1,1,2,0,0,0,2,2,-14,.347,.000,.000,1.000,0.0,10.3,4.4,27.6,0.0,0.0,0.0,10.8,97,132
1684,201704100CHI,"8:00 PM, April 10, 2017",2017,Orlando Magic,Chicago Bulls,0,Patricio Garino,12:00,0,1,.000,0,1,.000,0,0,,0,4,4,0,0,0,1,1,0,-14,.000,.000,1.000,.000,0.0,41.0,17.6,0.0,0.0,0.0,50.0,7.5,0,125
1685,201704100CHI,"8:00 PM, April 10, 2017",2017,Orlando Magic,Chicago Bulls,0,Damjan Rudez,5:37,1,3,.333,0,0,,0,0,,0,0,0,0,1,0,0,0,2,-11,.333,.333,.000,.000,0.0,0.0,0.0,0.0,8.9,0.0,0.0,24.0,66,115
1686,201704100CHI,"8:00 PM, April 10, 2017",2017,Orlando Magic,Chicago Bulls,0,C.J. Watson,0:00,0.0,0.0,0.0,0.0,0.0,0.0,0.0,0.0,0.0,0.0,0.0,0.0,0.0,0.0,0.0,0.0,0.0,0.0,0.0,0.0,0.0,0.0,0.0,0.0,0.0,0.0,0.0,0.0,0.0,0.0,0.0,0.0,0.0
1687,201704100CHI,"8:00 PM, April 10, 2017",2017,Chicago Bulls,Orlando Magic,1,Jimmy Butler,30:48,5,11,.455,0,1,.000,7,7,1.000,2,3,5,3,3,0,2,2,17,+31,.604,.455,.091,.636,8.0,9.0,8.6,11.6,4.9,0.0,12.4,23.2,125,77
1688,201704100CHI,"8:00 PM, April 10, 2017",2017,Chicago Bulls,Orlando Magic,1,Robin Lopez,29:28,9,14,.643,0,0,,0,0,,3,5,8,1,0,1,2,1,18,+31,.643,.643,.000,.000,12.5,15.7,14.3,4.9,0.0,2.9,12.5,24.1,118,83
1689,201704100CHI,"8:00 PM, April 10, 2017",2017,Chicago Bulls,Orlando Magic,1,Jerian Grant,27:36,7,12,.583,2,5,.400,1,1,1.000,0,1,1,11,2,0,0,1,17,+23,.683,.667,.417,.083,0.0,3.3,1.9,53.4,3.6,0.0,0.0,20.0,164,82
1690,201704100CHI,"8:00 PM, April 10, 2017",2017,Chicago Bulls,Orlando Magic,1,Nikola Mirotic,26:42,6,12,.500,3,6,.500,1,1,1.000,1,4,5,2,2,1,0,3,16,+25,.643,.625,.500,.083,4.6,13.8,9.9,9.7,3.8,3.2,0.0,20.7,140,75
1691,201704100CHI,"8:00 PM, April 10, 2017",2017,Chicago Bulls,Orlando Magic,1,Dwyane Wade,21:54,5,10,.500,0,0,,3,4,.750,1,5,6,2,0,2,2,1,13,+13,.553,.500,.000,.400,5.6,21.1,14.5,11.8,0.0,7.7,14.5,27.9,106,78
1692,201704100CHI,"8:00 PM, April 10, 2017",2017,Chicago Bulls,Orlando Magic,0,Paul Zipser,26:07,3,8,.375,1,3,.333,0,0,,0,8,8,3,1,0,1,2,7,+21,.438,.438,.375,.000,0.0,28.3,16.2,13.0,1.9,0.0,11.1,15.3,97,77
1693,201704100CHI,"8:00 PM, April 10, 2017",2017,Chicago Bulls,Orlando Magic,0,Cristiano Felicio,18:32,2,3,.667,0,0,,0,1,.000,1,5,6,1,1,0,0,1,4,+16,.581,.667,.000,.333,6.6,24.9,17.1,6.0,2.7,0.0,0.0,8.2,135,76
1694,201704100CHI,"8:00 PM, April 10, 2017",2017,Chicago Bulls,Orlando Magic,0,Michael Carter-Williams,14:47,2,5,.400,0,1,.000,0,0,,0,1,1,4,3,0,2,2,4,+13,.400,.400,.200,.000,0.0,6.2,3.6,31.3,10.2,0.0,28.6,21.0,85,66
1695,201704100CHI,"8:00 PM, April 10, 2017",2017,Chicago Bulls,Orlando Magic,0,Bobby Portis,14:15,4,5,.800,2,3,.667,0,0,,3,3,6,0,0,0,0,1,10,+8,1.000,1.000,.600,.000,25.9,19.4,22.2,0.0,0.0,0.0,0.0,15.6,197,84
1696,201704100CHI,"8:00 PM, April 10, 2017",2017,Chicago Bulls,Orlando Magic,0,Denzel Valentine,10:08,2,2,1.000,2,2,1.000,0,0,,0,2,2,1,0,0,2,0,6,+15,1.500,1.500,1.000,.000,0.0,18.2,10.4,12.3,0.0,0.0,50.0,17.5,99,85
1697,201704100CHI,"8:00 PM, April 10, 2017",2017,Chicago Bulls,Orlando Magic,0,Isaiah Canaan,7:03,1,3,.333,1,2,.500,2,2,1.000,0,2,2,2,0,0,0,0,5,+14,.644,.500,.667,.667,0.0,26.2,15.0,33.1,0.0,0.0,0.0,24.5,158,82
1698,201704100CHI,"8:00 PM, April 10, 2017",2017,Chicago Bulls,Orlando Magic,0,Joffrey Lauvergne,7:03,1,2,.500,0,1,.000,0,0,,0,4,4,1,0,0,1,2,2,+14,.500,.500,.500,.000,0.0,52.4,29.9,16.5,0.0,0.0,33.3,18.9,79,73
1699,201704100CHI,"8:00 PM, April 10, 2017",2017,Chicago Bulls,Orlando Magic,0,Anthony Morrow,5:37,1,2,.500,1,2,.500,0,0,,0,0,0,2,0,0,0,0,3,+11,.750,.750,1.000,.000,0.0,0.0,0.0,43.3,0.0,0.0,0.0,15.8,176,91
1700,201704100DET,"8:00 PM, April 10, 2017",2017,Washington Wizards,Detroit Pistons,1,Kelly Oubre,36:46,2,10,.200,0,0,,6,8,.750,1,5,6,1,1,1,1,1,10,+7,.370,.200,.000,.800,3.3,14.5,9.3,3.3,1.3,1.9,6.9,17.7,84,104
1701,201704100DET,"8:00 PM, April 10, 2017",2017,Washington Wizards,Detroit Pistons,1,Bradley Beal,33:12,13,20,.650,3,8,.375,4,4,1.000,0,2,2,3,0,1,1,2,33,+13,.758,.725,.400,.200,0.0,6.4,3.4,18.7,0.0,2.1,4.4,30.7,144,108
1702,201704100DET,"8:00 PM, April 10, 2017",2017,Washington Wizards,Detroit Pistons,1,Brandon Jennings,28:18,1,6,.167,0,1,.000,0,0,,1,1,2,6,5,0,0,0,2,+2,.167,.167,.167,.000,4.3,3.8,4.0,25.2,8.7,0.0,0.0,9.5,91,92
1703,201704100DET,"8:00 PM, April 10, 2017",2017,Washington Wizards,Detroit Pistons,1,Markieff Morris,27:18,9,16,.563,2,4,.500,0,0,,1,7,8,1,0,0,5,2,20,+1,.625,.625,.250,.000,4.5,27.4,16.7,6.7,0.0,0.0,23.8,34.5,89,107
1704,201704100DET,"8:00 PM, April 10, 2017",2017,Washington Wizards,Detroit Pistons,1,Marcin Gortat,21:21,4,8,.500,0,0,,0,0,,4,4,8,5,0,0,1,1,8,+4,.500,.500,.000,.000,23.1,20.0,21.4,34.1,0.0,0.0,11.1,18.9,124,109
1705,201704100DET,"8:00 PM, April 10, 2017",2017,Washington Wizards,Detroit Pistons,0,Jason Smith,25:29,3,5,.600,0,2,.000,0,0,,1,5,6,3,0,1,1,1,6,+5,.600,.600,.400,.000,4.8,20.9,13.5,15.5,0.0,2.8,16.7,10.6,118,105
1706,201704100DET,"8:00 PM, April 10, 2017",2017,Washington Wizards,Detroit Pistons,0,Ian Mahinmi,21:52,3,5,.600,0,0,,0,0,,1,10,11,3,2,2,2,4,6,-2,.600,.600,.000,.000,5.6,48.8,28.7,18.6,4.5,6.5,28.6,14.4,101,87
1707,201704100DET,"8:00 PM, April 10, 2017",2017,Washington Wizards,Detroit Pistons,0,Tomas Satoransky,19:42,4,6,.667,1,2,.500,2,2,1.000,0,0,0,3,0,0,3,1,11,+2,.799,.750,.333,.333,0.0,0.0,0.0,22.7,0.0,0.0,30.4,22.5,112,112
1708,201704100DET,"8:00 PM, April 10, 2017",2017,Washington Wizards,Detroit Pistons,0,Bojan Bogdanovic,18:27,3,7,.429,1,2,.500,2,2,1.000,0,4,4,0,0,0,1,0,9,-7,.571,.500,.286,.286,0.0,23.1,12.4,0.0,0.0,0.0,11.3,21.6,102,108
1709,201704100DET,"8:00 PM, April 10, 2017",2017,Washington Wizards,Detroit Pistons,0,Trey Burke,7:35,0,0,,0,0,,0,0,,0,1,1,2,0,0,2,1,0,-5,,,,,0.0,14.1,7.5,30.1,0.0,0.0,100.0,11.8,44,109
1710,201704100DET,"8:00 PM, April 10, 2017",2017,Washington Wizards,Detroit Pistons,0,Chris McCullough,0:00,0.0,0.0,0.0,0.0,0.0,0.0,0.0,0.0,0.0,0.0,0.0,0.0,0.0,0.0,0.0,0.0,0.0,0.0,0.0,0.0,0.0,0.0,0.0,0.0,0.0,0.0,0.0,0.0,0.0,0.0,0.0,0.0,0.0
1711,201704100DET,"8:00 PM, April 10, 2017",2017,Washington Wizards,Detroit Pistons,0,Daniel Ochefu,0:00,0.0,0.0,0.0,0.0,0.0,0.0,0.0,0.0,0.0,0.0,0.0,0.0,0.0,0.0,0.0,0.0,0.0,0.0,0.0,0.0,0.0,0.0,0.0,0.0,0.0,0.0,0.0,0.0,0.0,0.0,0.0,0.0,0.0
1712,201704100DET,"8:00 PM, April 10, 2017",2017,Detroit Pistons,Washington Wizards,1,Ish Smith,31:52,7,14,.500,0,1,.000,2,2,1.000,1,1,2,9,0,1,2,2,16,-3,.538,.500,.071,.143,3.3,3.9,3.6,41.8,0.0,2.4,11.8,23.9,115,113
1713,201704100DET,"8:00 PM, April 10, 2017",2017,Detroit Pistons,Washington Wizards,1,Kentavious Caldwell-Pope,28:25,2,7,.286,1,5,.200,0,0,,0,2,2,2,0,0,0,2,5,-11,.357,.357,.714,.000,0.0,8.7,4.0,8.5,0.0,0.0,0.0,11.1,83,114
1714,201704100DET,"8:00 PM, April 10, 2017",2017,Detroit Pistons,Washington Wizards,1,Marcus Morris,25:33,6,14,.429,0,2,.000,0,0,,0,4,4,0,1,0,1,2,12,-12,.429,.429,.143,.000,0.0,19.3,8.9,0.0,1.9,0.0,6.7,26.5,77,108
1715,201704100DET,"8:00 PM, April 10, 2017",2017,Detroit Pistons,Washington Wizards,1,Andre Drummond,23:51,5,8,.625,0,0,,0,0,,2,5,7,1,2,1,1,3,10,-1,.625,.625,.000,.000,8.9,25.8,16.8,6.1,4.1,3.1,11.1,17.1,118,99
1716,201704100DET,"8:00 PM, April 10, 2017",2017,Detroit Pistons,Washington Wizards,1,Henry Ellenson,16:51,1,4,.250,1,3,.333,0,0,,0,3,3,0,0,0,1,0,3,-3,.375,.375,.750,.000,0.0,21.9,10.2,0.0,0.0,0.0,20.0,13.4,58,111
1717,201704100DET,"8:00 PM, April 10, 2017",2017,Detroit Pistons,Washington Wizards,0,Tobias Harris,31:09,8,17,.471,3,6,.500,3,3,1.000,0,5,5,2,2,0,0,0,22,-1,.600,.559,.353,.176,0.0,19.8,9.2,10.0,3.2,0.0,0.0,26.6,122,105
1718,201704100DET,"8:00 PM, April 10, 2017",2017,Detroit Pistons,Washington Wizards,0,Stanley Johnson,22:27,3,9,.333,2,3,.667,0,0,,0,0,0,2,1,0,1,2,8,+8,.444,.444,.333,.000,0.0,0.0,0.0,11.7,2.2,0.0,10.0,20.1,86,111
1719,201704100DET,"8:00 PM, April 10, 2017",2017,Detroit Pistons,Washington Wizards,0,Boban Marjanovic,19:56,4,8,.500,0,0,,0,0,,3,5,8,0,1,0,2,3,8,+1,.500,.500,.000,.000,16.1,30.9,22.9,0.0,2.5,0.0,20.0,22.7,91,104
1720,201704100DET,"8:00 PM, April 10, 2017",2017,Detroit Pistons,Washington Wizards,0,Reggie Bullock,19:35,4,6,.667,3,5,.600,0,0,,0,4,4,2,1,0,0,1,11,+7,.917,.917,.833,.000,0.0,25.1,11.7,14.8,2.5,0.0,0.0,13.8,177,105
1721,201704100DET,"8:00 PM, April 10, 2017",2017,Detroit Pistons,Washington Wizards,0,Darrun Hilliard,16:08,3,6,.500,0,1,.000,0,0,,0,1,1,4,1,0,2,2,6,-1,.500,.500,.167,.000,0.0,7.6,3.5,34.9,3.1,0.0,25.0,22.4,91,107
1722,201704100DET,"8:00 PM, April 10, 2017",2017,Detroit Pistons,Washington Wizards,0,Jon Leuer,4:13,0,1,.000,0,0,,0,0,,0,0,0,0,0,0,0,1,0,-4,.000,.000,.000,.000,0.0,0.0,0.0,0.0,0.0,0.0,0.0,10.7,0,116
1723,201704100DET,"8:00 PM, April 10, 2017",2017,Detroit Pistons,Washington Wizards,0,Aron Baynes,0:00,0.0,0.0,0.0,0.0,0.0,0.0,0.0,0.0,0.0,0.0,0.0,0.0,0.0,0.0,0.0,0.0,0.0,0.0,0.0,0.0,0.0,0.0,0.0,0.0,0.0,0.0,0.0,0.0,0.0,0.0,0.0,0.0,0.0
1724,201704100DET,"8:00 PM, April 10, 2017",2017,Detroit Pistons,Washington Wizards,0,Michael Gbinije,0:00,0.0,0.0,0.0,0.0,0.0,0.0,0.0,0.0,0.0,0.0,0.0,0.0,0.0,0.0,0.0,0.0,0.0,0.0,0.0,0.0,0.0,0.0,0.0,0.0,0.0,0.0,0.0,0.0,0.0,0.0,0.0,0.0,0.0
1725,201704100GSW,"10:30 PM, April 10, 2017",2017,Utah Jazz,Golden State Warriors,1,Dante Exum,35:45,3,14,.214,1,7,.143,0,0,,3,3,6,2,2,0,2,4,7,+4,.250,.250,.500,.000,8.4,9.4,8.9,7.3,2.9,0.0,12.5,19.6,66,107
1726,201704100GSW,"10:30 PM, April 10, 2017",2017,Utah Jazz,Golden State Warriors,1,Joe Ingles,34:21,5,13,.385,1,6,.167,0,0,,1,3,4,7,1,0,4,3,11,+7,.423,.423,.462,.000,2.9,9.7,6.1,28.8,1.5,0.0,23.5,21.7,87,110
1727,201704100GSW,"10:30 PM, April 10, 2017",2017,Utah Jazz,Golden State Warriors,1,Rudy Gobert,33:15,7,12,.583,0,0,,3,5,.600,6,12,18,0,0,2,1,4,17,+2,.599,.583,.000,.417,18.0,40.3,28.6,0.0,0.0,5.2,6.6,20.0,126,102
1728,201704100GSW,"10:30 PM, April 10, 2017",2017,Utah Jazz,Golden State Warriors,1,Boris Diaw,25:09,3,7,.429,0,1,.000,4,4,1.000,0,2,2,5,1,0,1,0,10,+4,.571,.429,.143,.571,0.0,8.9,4.2,27.1,2.1,0.0,10.2,17.0,128,109
1729,201704100GSW,"10:30 PM, April 10, 2017",2017,Utah Jazz,Golden State Warriors,1,George Hill,18:44,7,9,.778,5,7,.714,1,1,1.000,0,1,1,5,2,0,0,2,20,+10,1.059,1.056,.778,.111,0.0,6.0,2.8,55.5,5.5,0.0,0.0,22.1,209,102
1730,201704100GSW,"10:30 PM, April 10, 2017",2017,Utah Jazz,Golden State Warriors,0,Shelvin Mack,31:22,7,15,.467,1,5,.200,1,3,.333,0,2,2,5,1,0,2,3,16,-8,.490,.500,.333,.200,0.0,7.1,3.4,25.3,1.7,0.0,10.9,25.6,100,110
1731,201704100GSW,"10:30 PM, April 10, 2017",2017,Utah Jazz,Golden State Warriors,0,Joe Johnson,28:13,7,14,.500,5,7,.714,0,1,.000,0,5,5,5,1,0,0,0,19,+4,.658,.679,.500,.071,0.0,19.8,9.3,29.2,1.8,0.0,0.0,22.4,141,107
1732,201704100GSW,"10:30 PM, April 10, 2017",2017,Utah Jazz,Golden State Warriors,0,Alec Burks,18:26,1,5,.200,0,1,.000,1,1,1.000,1,4,5,0,0,0,1,1,3,+3,.276,.200,.200,.200,5.4,24.2,14.3,0.0,0.0,0.0,15.5,15.3,62,110
1733,201704100GSW,"10:30 PM, April 10, 2017",2017,Utah Jazz,Golden State Warriors,0,Joel Bolomboy,14:45,1,3,.333,0,1,.000,0,0,,3,3,6,0,0,1,0,0,2,+4,.333,.333,.333,.000,20.3,22.7,21.5,0.0,0.0,5.9,0.0,8.9,115,106
1734,201704100GSW,"10:30 PM, April 10, 2017",2017,Utah Jazz,Golden State Warriors,0,Trey Lyles,0:00,0.0,0.0,0.0,0.0,0.0,0.0,0.0,0.0,0.0,0.0,0.0,0.0,0.0,0.0,0.0,0.0,0.0,0.0,0.0,0.0,0.0,0.0,0.0,0.0,0.0,0.0,0.0,0.0,0.0,0.0,0.0,0.0,0.0
1735,201704100GSW,"10:30 PM, April 10, 2017",2017,Utah Jazz,Golden State Warriors,0,Jeff Withey,0:00,0.0,0.0,0.0,0.0,0.0,0.0,0.0,0.0,0.0,0.0,0.0,0.0,0.0,0.0,0.0,0.0,0.0,0.0,0.0,0.0,0.0,0.0,0.0,0.0,0.0,0.0,0.0,0.0,0.0,0.0,0.0,0.0,0.0
1736,201704100GSW,"10:30 PM, April 10, 2017",2017,Golden State Warriors,Utah Jazz,1,Kevin Durant,32:37,6,12,.500,0,5,.000,4,4,1.000,0,10,10,6,1,1,1,1,16,+8,.581,.500,.417,.333,0.0,30.7,16.2,29.3,1.6,2.6,6.8,21.6,124,106
1737,201704100GSW,"10:30 PM, April 10, 2017",2017,Golden State Warriors,Utah Jazz,1,Stephen Curry,29:57,9,16,.563,6,8,.750,4,5,.800,1,3,4,4,1,0,1,1,28,+9,.769,.750,.500,.313,3.7,10.0,7.0,26.1,1.7,0.0,5.2,30.6,145,115
1738,201704100GSW,"10:30 PM, April 10, 2017",2017,Golden State Warriors,Utah Jazz,1,Patrick McCaw,27:04,4,9,.444,1,3,.333,0,0,,0,0,0,0,0,0,0,2,9,-9,.500,.500,.333,.000,0.0,0.0,0.0,0.0,0.0,0.0,0.0,15.9,97,123
1739,201704100GSW,"10:30 PM, April 10, 2017",2017,Golden State Warriors,Utah Jazz,1,Zaza Pachulia,24:57,3,5,.600,0,0,,2,2,1.000,3,3,6,3,0,1,4,3,8,+1,.680,.600,.000,.400,13.4,12.0,12.7,17.4,0.0,3.4,40.5,18.9,100,116
1740,201704100GSW,"10:30 PM, April 10, 2017",2017,Golden State Warriors,Utah Jazz,1,Draymond Green,24:34,2,7,.286,1,4,.250,0,0,,0,4,4,3,2,1,2,2,5,-13,.357,.357,.571,.000,0.0,16.3,8.6,16.7,4.2,3.4,22.2,17.5,70,105
1741,201704100GSW,"10:30 PM, April 10, 2017",2017,Golden State Warriors,Utah Jazz,0,Andre Iguodala,23:07,2,5,.400,0,1,.000,0,2,.000,1,3,4,1,0,2,2,2,4,-2,.340,.400,.200,.400,4.8,13.0,9.1,6.0,0.0,7.3,25.4,16.3,62,113
1742,201704100GSW,"10:30 PM, April 10, 2017",2017,Golden State Warriors,Utah Jazz,0,Ian Clark,20:11,1,6,.167,0,2,.000,1,1,1.000,0,1,1,2,1,0,1,2,3,-13,.233,.167,.333,.167,0.0,5.0,2.6,13.0,2.6,0.0,13.4,17.6,58,115
1743,201704100GSW,"10:30 PM, April 10, 2017",2017,Golden State Warriors,Utah Jazz,0,Shaun Livingston,19:22,2,4,.500,0,0,,0,0,,0,3,3,4,0,0,0,1,4,-7,.500,.500,.000,.000,0.0,15.5,8.2,29.1,0.0,0.0,0.0,9.9,131,117
1744,201704100GSW,"10:30 PM, April 10, 2017",2017,Golden State Warriors,Utah Jazz,0,David West,17:27,4,9,.444,0,0,,0,0,,1,2,3,2,0,0,2,1,8,-8,.444,.444,.000,.000,6.4,11.5,9.1,19.7,0.0,0.0,18.2,30.1,83,119
1745,201704100GSW,"10:30 PM, April 10, 2017",2017,Golden State Warriors,Utah Jazz,0,JaVale McGee,15:22,5,5,1.000,0,0,,1,3,.333,2,4,6,0,0,1,0,2,11,+6,.870,1.000,.000,.600,14.5,26.0,20.6,0.0,0.0,5.5,0.0,19.6,172,109
1746,201704100GSW,"10:30 PM, April 10, 2017",2017,Golden State Warriors,Utah Jazz,0,James Michael McAdoo,5:22,1,2,.500,1,2,.500,0,0,,0,1,1,0,0,0,0,0,3,-2,.750,.750,1.000,.000,0.0,18.6,9.8,0.0,0.0,0.0,0.0,17.8,134,116
1747,201704100LAC,"10:30 PM, April 10, 2017",2017,Houston Rockets,Los Angeles Clippers,1,Trevor Ariza,36:10,3,11,.273,0,7,.000,0,0,,0,2,2,2,2,0,2,3,6,-31,.273,.273,.636,.000,0.0,6.0,2.9,9.1,2.7,0.0,15.4,15.6,54,126
1748,201704100LAC,"10:30 PM, April 10, 2017",2017,Houston Rockets,Los Angeles Clippers,1,James Harden,24:22,2,9,.222,1,6,.167,9,14,.643,1,6,7,6,1,0,5,5,14,-27,.462,.278,.667,1.556,4.3,26.9,15.3,40.7,2.0,0.0,24.8,35.8,86,122
1749,201704100LAC,"10:30 PM, April 10, 2017",2017,Houston Rockets,Los Angeles Clippers,1,Eric Gordon,23:55,5,13,.385,2,7,.286,5,5,1.000,0,5,5,0,0,1,0,3,17,-16,.559,.462,.538,.385,0.0,22.8,11.1,0.0,0.0,3.1,0.0,27.5,114,125
1750,201704100LAC,"10:30 PM, April 10, 2017",2017,Houston Rockets,Los Angeles Clippers,1,Chinanu Onuaku,21:19,1,2,.500,0,0,,0,0,,1,5,6,0,1,0,2,4,2,-22,.500,.500,.000,.000,4.9,25.6,15.0,0.0,2.3,0.0,50.0,8.1,56,122
1751,201704100LAC,"10:30 PM, April 10, 2017",2017,Houston Rockets,Los Angeles Clippers,1,Ryan Anderson,19:48,4,9,.444,2,7,.286,2,2,1.000,0,2,2,2,0,0,1,2,12,-1,.607,.556,.778,.222,0.0,11.0,5.4,20.8,0.0,0.0,9.2,23.8,113,131
1752,201704100LAC,"10:30 PM, April 10, 2017",2017,Houston Rockets,Los Angeles Clippers,0,Montrezl Harrell,34:24,7,12,.583,0,1,.000,1,2,.500,4,9,13,0,0,1,1,3,15,-10,.582,.583,.083,.167,12.1,28.5,20.2,0.0,0.0,2.1,7.2,17.5,113,125
1753,201704100LAC,"10:30 PM, April 10, 2017",2017,Houston Rockets,Los Angeles Clippers,0,Bobby Brown,32:06,6,15,.400,3,8,.375,0,0,,0,0,0,9,1,0,1,0,15,-12,.500,.500,.533,.000,0.0,0.0,0.0,56.0,1.5,0.0,6.3,21.6,111,130
1754,201704100LAC,"10:30 PM, April 10, 2017",2017,Houston Rockets,Los Angeles Clippers,0,Troy Williams,24:18,5,10,.500,1,4,.250,4,4,1.000,2,3,5,1,0,1,3,3,15,-24,.638,.550,.400,.400,8.6,13.5,11.0,8.5,0.0,3.0,20.3,26.3,105,128
1755,201704100LAC,"10:30 PM, April 10, 2017",2017,Houston Rockets,Los Angeles Clippers,0,Isaiah Taylor,23:38,0,3,.000,0,0,,0,0,,1,0,1,3,0,0,0,0,0,-2,.000,.000,.000,.000,4.4,0.0,2.3,18.5,0.0,0.0,0.0,5.5,64,134
1756,201704100LAC,"10:30 PM, April 10, 2017",2017,Houston Rockets,Los Angeles Clippers,0,Nene Hilario,0:00,0.0,0.0,0.0,0.0,0.0,0.0,0.0,0.0,0.0,0.0,0.0,0.0,0.0,0.0,0.0,0.0,0.0,0.0,0.0,0.0,0.0,0.0,0.0,0.0,0.0,0.0,0.0,0.0,0.0,0.0,0.0,0.0,0.0
1757,201704100LAC,"10:30 PM, April 10, 2017",2017,Houston Rockets,Los Angeles Clippers,0,Patrick Beverley,0:00,0.0,0.0,0.0,0.0,0.0,0.0,0.0,0.0,0.0,0.0,0.0,0.0,0.0,0.0,0.0,0.0,0.0,0.0,0.0,0.0,0.0,0.0,0.0,0.0,0.0,0.0,0.0,0.0,0.0,0.0,0.0,0.0,0.0
1758,201704100LAC,"10:30 PM, April 10, 2017",2017,Houston Rockets,Los Angeles Clippers,0,Lou Williams,0:00,0.0,0.0,0.0,0.0,0.0,0.0,0.0,0.0,0.0,0.0,0.0,0.0,0.0,0.0,0.0,0.0,0.0,0.0,0.0,0.0,0.0,0.0,0.0,0.0,0.0,0.0,0.0,0.0,0.0,0.0,0.0,0.0,0.0
1759,201704100LAC,"10:30 PM, April 10, 2017",2017,Houston Rockets,Los Angeles Clippers,0,Clint Capela,0:00,0.0,0.0,0.0,0.0,0.0,0.0,0.0,0.0,0.0,0.0,0.0,0.0,0.0,0.0,0.0,0.0,0.0,0.0,0.0,0.0,0.0,0.0,0.0,0.0,0.0,0.0,0.0,0.0,0.0,0.0,0.0,0.0,0.0
1760,201704100LAC,"10:30 PM, April 10, 2017",2017,Los Angeles Clippers,Houston Rockets,1,Chris Paul,28:56,5,12,.417,2,3,.667,7,7,1.000,0,5,5,9,4,0,0,1,19,+32,.630,.500,.250,.583,0.0,18.0,9.2,39.6,6.7,0.0,0.0,22.3,153,86
1761,201704100LAC,"10:30 PM, April 10, 2017",2017,Los Angeles Clippers,Houston Rockets,1,J.J. Redick,28:04,4,12,.333,1,6,.167,0,0,,0,4,4,1,2,0,1,0,9,+28,.375,.375,.500,.000,0.0,14.9,7.6,4.4,3.5,0.0,7.7,19.8,77,95
1762,201704100LAC,"10:30 PM, April 10, 2017",2017,Los Angeles Clippers,Houston Rockets,1,Blake Griffin,26:58,6,11,.545,0,0,,6,6,1.000,2,6,8,2,0,0,3,3,18,+24,.660,.545,.000,.545,8.1,23.2,15.8,10.1,0.0,0.0,18.0,26.4,119,100
1763,201704100LAC,"10:30 PM, April 10, 2017",2017,Los Angeles Clippers,Houston Rockets,1,DeAndre Jordan,23:59,6,9,.667,0,0,,2,6,.333,4,7,11,2,0,0,2,3,14,+22,.601,.667,.000,.667,18.2,30.5,24.5,11.8,0.0,0.0,14.7,24.3,117,97
1764,201704100LAC,"10:30 PM, April 10, 2017",2017,Los Angeles Clippers,Houston Rockets,1,Luc Mbah a Moute,23:41,6,8,.750,1,1,1.000,2,2,1.000,1,1,2,3,2,0,0,2,15,+23,.845,.813,.125,.250,4.6,4.4,4.5,18.0,4.1,0.0,0.0,16.0,179,96
1765,201704100LAC,"10:30 PM, April 10, 2017",2017,Los Angeles Clippers,Houston Rockets,0,Jamal Crawford,30:24,6,14,.429,3,7,.429,4,4,1.000,0,1,1,2,0,0,0,0,19,+9,.603,.536,.500,.286,0.0,3.4,1.8,8.6,0.0,0.0,0.0,22.2,132,105
1766,201704100LAC,"10:30 PM, April 10, 2017",2017,Los Angeles Clippers,Houston Rockets,0,Raymond Felton,23:21,2,4,.500,0,1,.000,0,0,,0,4,4,5,0,0,1,1,4,+3,.500,.500,.250,.000,0.0,17.9,9.1,24.5,0.0,0.0,20.0,9.2,115,101
1767,201704100LAC,"10:30 PM, April 10, 2017",2017,Los Angeles Clippers,Houston Rockets,0,Marreese Speights,17:04,1,5,.200,1,3,.333,0,0,,1,5,6,3,0,0,1,4,3,+4,.300,.300,.600,.000,6.4,30.6,18.8,19.5,0.0,0.0,16.7,15.0,87,97
1768,201704100LAC,"10:30 PM, April 10, 2017",2017,Los Angeles Clippers,Houston Rockets,0,Wesley Johnson,15:42,1,3,.333,0,2,.000,0,0,,1,1,2,1,0,0,0,1,2,-4,.333,.333,.667,.000,6.9,6.6,6.8,7.1,0.0,0.0,0.0,8.2,106,104
1769,201704100LAC,"10:30 PM, April 10, 2017",2017,Los Angeles Clippers,Houston Rockets,0,Brandon Bass,12:28,4,5,.800,0,0,,2,2,1.000,3,2,5,1,0,0,0,0,10,+1,.850,.800,.000,.400,26.3,16.7,21.4,12.6,0.0,0.0,0.0,20.2,186,102
1770,201704100LAC,"10:30 PM, April 10, 2017",2017,Los Angeles Clippers,Houston Rockets,0,Paul Pierce,6:42,4,5,.800,2,3,.667,0,1,.000,0,1,1,0,0,0,1,1,10,+7,.919,1.000,.600,.200,0.0,15.6,8.0,0.0,0.0,0.0,15.5,41.1,119,102
1771,201704100LAC,"10:30 PM, April 10, 2017",2017,Los Angeles Clippers,Houston Rockets,0,Brice Johnson,2:40,1,3,.333,0,0,,0,0,,0,0,0,0,1,0,0,0,2,-4,.333,.333,.000,.000,0.0,0.0,0.0,0.0,18.3,0.0,0.0,48.1,70,66
1772,201704100LAC,"10:30 PM, April 10, 2017",2017,Los Angeles Clippers,Houston Rockets,0,Alan Anderson,0:00,0.0,0.0,0.0,0.0,0.0,0.0,0.0,0.0,0.0,0.0,0.0,0.0,0.0,0.0,0.0,0.0,0.0,0.0,0.0,0.0,0.0,0.0,0.0,0.0,0.0,0.0,0.0,0.0,0.0,0.0,0.0,0.0,0.0
1773,201704100MIA,"7:30 PM, April 10, 2017",2017,Cleveland Cavaliers,Miami Heat,1,Deron Williams,46:02,14,25,.560,5,9,.556,2,4,.500,0,7,7,9,1,1,10,3,35,-8,.654,.660,.360,.160,0.0,16.4,8.7,37.2,1.0,1.9,27.2,35.4,102,112
1774,201704100MIA,"7:30 PM, April 10, 2017",2017,Cleveland Cavaliers,Miami Heat,1,J.R. Smith,39:44,2,9,.222,1,5,.200,0,0,,1,3,4,2,2,0,2,3,5,+1,.278,.278,.556,.000,3.0,8.2,5.7,6.5,2.4,0.0,18.2,12.3,63,112
1775,201704100MIA,"7:30 PM, April 10, 2017",2017,Cleveland Cavaliers,Miami Heat,1,Iman Shumpert,39:26,5,9,.556,0,1,.000,1,2,.500,1,2,3,1,1,1,1,2,11,+4,.557,.556,.111,.222,3.1,5.5,4.3,3.6,1.2,2.2,9.2,12.2,109,113
1776,201704100MIA,"7:30 PM, April 10, 2017",2017,Cleveland Cavaliers,Miami Heat,1,Kevin Love,36:08,8,18,.444,1,6,.167,8,8,1.000,1,9,10,0,1,0,1,6,25,-6,.581,.472,.333,.444,3.3,26.9,15.8,0.0,1.3,0.0,4.4,27.6,117,110
1777,201704100MIA,"7:30 PM, April 10, 2017",2017,Cleveland Cavaliers,Miami Heat,1,Channing Frye,33:00,6,10,.600,3,5,.600,6,6,1.000,1,6,7,0,1,0,2,4,21,-4,.831,.750,.500,.600,3.7,19.7,12.1,0.0,1.4,0.0,13.7,19.6,144,111
1778,201704100MIA,"7:30 PM, April 10, 2017",2017,Cleveland Cavaliers,Miami Heat,0,Kyle Korver,30:28,6,12,.500,4,8,.500,2,2,1.000,0,8,8,1,0,1,1,2,18,+3,.699,.667,.667,.167,0.0,28.4,15.0,5.2,0.0,2.8,7.2,20.2,129,111
1779,201704100MIA,"7:30 PM, April 10, 2017",2017,Cleveland Cavaliers,Miami Heat,0,Richard Jefferson,20:37,0,1,.000,0,1,.000,0,0,,1,3,4,2,0,1,1,2,0,-8,.000,.000,1.000,.000,5.8,15.7,11.1,11.7,0.0,4.1,50.0,4.3,77,112
1780,201704100MIA,"7:30 PM, April 10, 2017",2017,Cleveland Cavaliers,Miami Heat,0,Derrick Williams,10:16,0,0,,0,0,,0,0,,0,1,1,0,0,0,0,1,0,-4,,,,,0.0,10.5,5.6,0.0,0.0,0.0,,0.0,0,116
1781,201704100MIA,"7:30 PM, April 10, 2017",2017,Cleveland Cavaliers,Miami Heat,0,Kay Felder,6:58,2,3,.667,0,0,,0,0,,0,1,1,4,1,0,1,0,4,+5,.667,.667,.000,.000,0.0,15.5,8.2,100.0,6.8,0.0,25.0,25.4,131,101
1782,201704100MIA,"7:30 PM, April 10, 2017",2017,Cleveland Cavaliers,Miami Heat,0,Larry Sanders,2:21,1,2,.500,0,0,,0,0,,2,0,2,0,0,0,2,2,2,+2,.500,.500,.000,.000,100.0,0.0,48.5,0.0,0.0,0.0,50.0,75.4,73,115
1783,201704100MIA,"7:30 PM, April 10, 2017",2017,Cleveland Cavaliers,Miami Heat,0,LeBron James,0:00,0.0,0.0,0.0,0.0,0.0,0.0,0.0,0.0,0.0,0.0,0.0,0.0,0.0,0.0,0.0,0.0,0.0,0.0,0.0,0.0,0.0,0.0,0.0,0.0,0.0,0.0,0.0,0.0,0.0,0.0,0.0,0.0,0.0
1784,201704100MIA,"7:30 PM, April 10, 2017",2017,Cleveland Cavaliers,Miami Heat,0,Kyrie Irving,0:00,0.0,0.0,0.0,0.0,0.0,0.0,0.0,0.0,0.0,0.0,0.0,0.0,0.0,0.0,0.0,0.0,0.0,0.0,0.0,0.0,0.0,0.0,0.0,0.0,0.0,0.0,0.0,0.0,0.0,0.0,0.0,0.0,0.0
1785,201704100MIA,"7:30 PM, April 10, 2017",2017,Cleveland Cavaliers,Miami Heat,0,James Jones,0:00,0.0,0.0,0.0,0.0,0.0,0.0,0.0,0.0,0.0,0.0,0.0,0.0,0.0,0.0,0.0,0.0,0.0,0.0,0.0,0.0,0.0,0.0,0.0,0.0,0.0,0.0,0.0,0.0,0.0,0.0,0.0,0.0,0.0
1786,201704100MIA,"7:30 PM, April 10, 2017",2017,Miami Heat,Cleveland Cavaliers,1,Josh Richardson,46:20,8,14,.571,2,6,.333,1,1,1.000,2,4,6,5,5,0,2,2,19,+6,.658,.643,.429,.071,4.7,10.4,7.4,16.4,5.1,0.0,12.2,15.3,125,102
1787,201704100MIA,"7:30 PM, April 10, 2017",2017,Miami Heat,Cleveland Cavaliers,1,Goran Dragic,39:50,5,15,.333,0,0,,5,7,.714,0,5,5,5,1,1,0,2,15,-9,.415,.333,.000,.467,0.0,15.1,7.2,17.8,1.2,2.5,0.0,19.6,100,109
1788,201704100MIA,"7:30 PM, April 10, 2017",2017,Miami Heat,Cleveland Cavaliers,1,James Johnson,36:01,7,17,.412,1,7,.143,1,1,1.000,0,2,2,9,0,0,3,6,16,-2,.459,.441,.412,.059,0.0,6.7,3.2,39.3,0.0,0.0,14.7,24.5,96,115
1789,201704100MIA,"7:30 PM, April 10, 2017",2017,Miami Heat,Cleveland Cavaliers,1,Hassan Whiteside,35:42,8,14,.571,0,0,,7,12,.583,4,14,18,1,1,1,2,4,23,-11,.596,.571,.000,.857,12.1,47.2,28.7,4.6,1.3,2.7,9.4,25.7,117,104
1790,201704100MIA,"7:30 PM, April 10, 2017",2017,Miami Heat,Cleveland Cavaliers,1,Rodney McGruder,28:06,3,9,.333,2,4,.500,0,2,.000,1,3,4,2,1,0,2,2,8,-11,.405,.444,.444,.222,3.8,12.9,8.1,9.8,1.7,0.0,16.8,18.2,77,110
1791,201704100MIA,"7:30 PM, April 10, 2017",2017,Miami Heat,Cleveland Cavaliers,0,Tyler Johnson,33:56,7,12,.583,3,6,.500,7,8,.875,0,5,5,4,0,0,3,5,24,+15,.773,.708,.500,.667,0.0,17.7,8.4,18.9,0.0,0.0,16.2,23.5,131,113
1792,201704100MIA,"7:30 PM, April 10, 2017",2017,Miami Heat,Cleveland Cavaliers,0,Wayne Ellington,23:19,4,8,.500,4,7,.571,0,0,,0,2,2,1,1,0,1,1,12,+16,.750,.750,.875,.000,0.0,10.3,4.9,6.5,2.0,0.0,11.1,16.6,122,110
1793,201704100MIA,"7:30 PM, April 10, 2017",2017,Miami Heat,Cleveland Cavaliers,0,Okaro White,13:16,1,5,.200,0,3,.000,0,0,,0,1,1,1,0,1,0,3,2,+10,.200,.200,.600,.000,0.0,9.1,4.3,10.0,0.0,7.4,0.0,16.2,54,109
1794,201704100MIA,"7:30 PM, April 10, 2017",2017,Miami Heat,Cleveland Cavaliers,0,Willie Reed,8:29,1,1,1.000,0,0,,3,3,1.000,2,1,3,0,0,0,0,1,5,+1,1.078,1.000,.000,3.000,25.5,14.2,20.2,0.0,0.0,0.0,0.0,11.8,229,114
1795,201704100MIA,"7:30 PM, April 10, 2017",2017,Miami Heat,Cleveland Cavaliers,0,Udonis Haslem,0:00,0.0,0.0,0.0,0.0,0.0,0.0,0.0,0.0,0.0,0.0,0.0,0.0,0.0,0.0,0.0,0.0,0.0,0.0,0.0,0.0,0.0,0.0,0.0,0.0,0.0,0.0,0.0,0.0,0.0,0.0,0.0,0.0,0.0
1796,201704100MIA,"7:30 PM, April 10, 2017",2017,Miami Heat,Cleveland Cavaliers,0,Luke Babbitt,0:00,0.0,0.0,0.0,0.0,0.0,0.0,0.0,0.0,0.0,0.0,0.0,0.0,0.0,0.0,0.0,0.0,0.0,0.0,0.0,0.0,0.0,0.0,0.0,0.0,0.0,0.0,0.0,0.0,0.0,0.0,0.0,0.0,0.0
1797,201704100MIA,"7:30 PM, April 10, 2017",2017,Miami Heat,Cleveland Cavaliers,0,Josh McRoberts,0:00,0.0,0.0,0.0,0.0,0.0,0.0,0.0,0.0,0.0,0.0,0.0,0.0,0.0,0.0,0.0,0.0,0.0,0.0,0.0,0.0,0.0,0.0,0.0,0.0,0.0,0.0,0.0,0.0,0.0,0.0,0.0,0.0,0.0
1798,201704100MIL,"8:00 PM, April 10, 2017",2017,Charlotte Hornets,Milwaukee Bucks,1,Michael Kidd-Gilchrist,31:30,6,11,.545,0,0,,1,2,.500,1,4,5,2,1,1,0,1,13,+3,.547,.545,.000,.182,3.4,15.2,9.0,12.8,1.8,3.0,0.0,18.9,114,104
1799,201704100MIL,"8:00 PM, April 10, 2017",2017,Charlotte Hornets,Milwaukee Bucks,1,Nicolas Batum,29:32,5,12,.417,1,3,.333,0,2,.000,0,5,5,8,4,1,2,0,11,-5,.427,.458,.250,.167,0.0,20.3,9.6,52.3,7.5,3.2,13.4,25.3,89,89
1800,201704100MIL,"8:00 PM, April 10, 2017",2017,Charlotte Hornets,Milwaukee Bucks,1,Cody Zeller,27:23,3,8,.375,0,0,,3,3,1.000,0,6,6,1,0,1,1,2,9,-8,.350,.350,.300,.000,0.0,8.8,4.1,6.3,2.0,0.0,23.1,23.8,54,108
1801,201704100MIL,"8:00 PM, April 10, 2017",2017,Charlotte Hornets,Milwaukee Bucks,1,Brian Roberts,27:23,3,10,.300,1,3,.333,0,0,,0,2,2,1,1,0,3,0,7,-8,.483,.375,.000,.375,0.0,26.3,12.4,6.3,0.0,3.4,9.7,18.9,91,105
1802,201704100MIL,"8:00 PM, April 10, 2017",2017,Charlotte Hornets,Milwaukee Bucks,1,Marvin Williams,26:39,2,4,.500,1,2,.500,0,0,,0,4,4,1,0,1,1,1,5,-18,.625,.625,.500,.000,0.0,18.0,8.5,6.1,0.0,3.5,20.0,9.4,95,107
1803,201704100MIL,"8:00 PM, April 10, 2017",2017,Charlotte Hornets,Milwaukee Bucks,0,Frank Kaminsky,21:21,1,12,.083,0,5,.000,1,1,1.000,0,2,2,5,0,1,0,1,3,+8,.121,.083,.417,.083,0.0,11.2,5.3,36.6,0.0,4.4,0.0,29.2,46,108
1804,201704100MIL,"8:00 PM, April 10, 2017",2017,Charlotte Hornets,Milwaukee Bucks,0,Miles Plumlee,20:37,2,3,.667,0,0,,0,0,,3,4,7,0,1,0,0,4,4,-2,.667,.667,.000,.000,15.5,23.3,19.2,0.0,2.7,0.0,0.0,7.3,151,101
1805,201704100MIL,"8:00 PM, April 10, 2017",2017,Charlotte Hornets,Milwaukee Bucks,0,Briante Weber,20:37,1,4,.250,0,1,.000,1,2,.500,1,3,4,2,1,0,1,1,3,-2,.307,.250,.250,.500,5.2,17.5,11.0,15.2,2.7,0.0,17.0,14.3,72,103
1806,201704100MIL,"8:00 PM, April 10, 2017",2017,Charlotte Hornets,Milwaukee Bucks,0,Jeremy Lamb,19:04,6,12,.500,0,2,.000,0,0,,2,2,4,1,1,0,1,0,12,-8,.500,.500,.167,.000,11.2,12.6,11.8,14.1,2.9,0.0,7.7,34.2,94,104
1807,201704100MIL,"8:00 PM, April 10, 2017",2017,Charlotte Hornets,Milwaukee Bucks,0,Treveon Graham,15:54,4,5,.800,2,2,1.000,2,3,.667,0,0,0,0,2,0,0,0,12,-10,.949,1.000,.400,.600,0.0,0.0,0.0,0.0,6.9,0.0,0.0,19.9,174,98
1808,201704100MIL,"8:00 PM, April 10, 2017",2017,Charlotte Hornets,Milwaukee Bucks,0,Kemba Walker,0:00,0.0,0.0,0.0,0.0,0.0,0.0,0.0,0.0,0.0,0.0,0.0,0.0,0.0,0.0,0.0,0.0,0.0,0.0,0.0,0.0,0.0,0.0,0.0,0.0,0.0,0.0,0.0,0.0,0.0,0.0,0.0,0.0,0.0
1809,201704100MIL,"8:00 PM, April 10, 2017",2017,Charlotte Hornets,Milwaukee Bucks,0,Christian Wood,0:00,0.0,0.0,0.0,0.0,0.0,0.0,0.0,0.0,0.0,0.0,0.0,0.0,0.0,0.0,0.0,0.0,0.0,0.0,0.0,0.0,0.0,0.0,0.0,0.0,0.0,0.0,0.0,0.0,0.0,0.0,0.0,0.0,0.0
1810,201704100MIL,"8:00 PM, April 10, 2017",2017,Charlotte Hornets,Milwaukee Bucks,0,Johnny O'Bryant,0:00,0.0,0.0,0.0,0.0,0.0,0.0,0.0,0.0,0.0,0.0,0.0,0.0,0.0,0.0,0.0,0.0,0.0,0.0,0.0,0.0,0.0,0.0,0.0,0.0,0.0,0.0,0.0,0.0,0.0,0.0,0.0,0.0,0.0
1811,201704100MIL,"8:00 PM, April 10, 2017",2017,Milwaukee Bucks,Charlotte Hornets,1,Giannis Antetokounmpo,36:27,5,11,.455,0,0,,0,0,,0,11,11,10,0,1,4,0,10,+23,.455,.455,.000,.000,0.0,32.2,17.0,46.3,0.0,2.1,26.7,20.5,97,89
1812,201704100MIL,"8:00 PM, April 10, 2017",2017,Milwaukee Bucks,Charlotte Hornets,1,Khris Middleton,35:38,5,9,.556,4,5,.800,1,1,1.000,1,6,7,6,0,0,4,1,15,+17,.794,.778,.556,.111,3.4,18.0,11.1,28.6,0.0,0.0,29.8,18.8,116,94
1813,201704100MIL,"8:00 PM, April 10, 2017",2017,Milwaukee Bucks,Charlotte Hornets,1,Tony Snell,26:27,6,9,.667,4,5,.800,0,0,,0,0,0,2,2,0,2,0,16,-5,.889,.889,.556,.000,0.0,0.0,0.0,15.1,4.2,0.0,18.2,20.8,123,89
1814,201704100MIL,"8:00 PM, April 10, 2017",2017,Milwaukee Bucks,Charlotte Hornets,1,Malcolm Brogdon,25:16,2,6,.333,1,3,.333,0,0,,1,3,4,3,0,0,3,0,5,+19,.417,.417,.500,.000,4.7,12.7,8.9,18.3,0.0,0.0,33.3,17.8,75,95
1815,201704100MIL,"8:00 PM, April 10, 2017",2017,Milwaukee Bucks,Charlotte Hornets,1,Thon Maker,13:29,1,3,.333,0,0,,0,0,,2,2,4,1,0,0,0,1,2,+4,.333,.333,.000,.000,17.8,15.8,16.8,11.3,0.0,0.0,0.0,11.1,113,94
1816,201704100MIL,"8:00 PM, April 10, 2017",2017,Milwaukee Bucks,Charlotte Hornets,0,Greg Monroe,25:42,7,14,.500,0,0,,2,4,.500,2,6,8,3,1,0,0,2,16,-1,.508,.500,.000,.286,9.3,24.9,17.6,25.6,2.1,0.0,0.0,30.6,115,87
1817,201704100MIL,"8:00 PM, April 10, 2017",2017,Milwaukee Bucks,Charlotte Hornets,0,Matthew Dellavedova,21:50,2,5,.400,1,2,.500,0,0,,1,1,2,2,0,0,0,3,5,-4,.500,.500,.400,.000,5.5,4.9,5.2,14.4,0.0,0.0,0.0,11.4,122,96
1818,201704100MIL,"8:00 PM, April 10, 2017",2017,Milwaukee Bucks,Charlotte Hornets,0,Jason Terry,20:39,5,7,.714,5,7,.714,0,0,,0,5,5,1,1,1,1,2,15,+20,1.071,1.071,1.000,.000,0.0,25.8,13.7,9.9,2.7,3.7,12.5,19.3,146,82
1819,201704100MIL,"8:00 PM, April 10, 2017",2017,Milwaukee Bucks,Charlotte Hornets,0,Michael Beasley,12:22,1,7,.143,1,1,1.000,0,0,,1,2,3,0,0,0,0,2,3,-7,.214,.214,.143,.000,9.7,17.3,13.7,0.0,0.0,0.0,0.0,28.2,55,93
1820,201704100MIL,"8:00 PM, April 10, 2017",2017,Milwaukee Bucks,Charlotte Hornets,0,Mirza Teletovic,11:33,0,5,.000,0,4,.000,0,0,,0,1,1,0,0,0,1,1,0,-13,.000,.000,.800,.000,0.0,9.2,4.9,0.0,0.0,0.0,16.7,25.9,0,95
1821,201704100MIL,"8:00 PM, April 10, 2017",2017,Milwaukee Bucks,Charlotte Hornets,0,John Henson,8:49,1,2,.500,0,0,,0,0,,0,1,1,0,0,1,1,2,2,+7,.500,.500,.000,.000,0.0,12.1,6.4,0.0,0.0,8.6,33.3,17.0,57,85
1822,201704100MIL,"8:00 PM, April 10, 2017",2017,Milwaukee Bucks,Charlotte Hornets,0,Gary Payton,0:54,0,0,,0,0,,0,0,,0,0,0,0,0,0,0,0,0,-5,,,,,0.0,0.0,0.0,0.0,0.0,0.0,,0.0,0,98
1823,201704100MIL,"8:00 PM, April 10, 2017",2017,Milwaukee Bucks,Charlotte Hornets,0,Rashad Vaughn,0:54,0,0,,0,0,,0,0,,0,0,0,0,0,0,0,0,0,-5,,,,,0.0,0.0,0.0,0.0,0.0,0.0,,0.0,0,98
1824,201704100PHI,"7:00 PM, April 10, 2017",2017,Indiana Pacers,Philadelphia 76ers,1,Paul George,36:29,11,20,.550,3,8,.375,2,2,1.000,1,1,2,5,2,1,1,0,27,+14,.647,.625,.400,.100,3.6,3.3,3.4,19.1,2.8,3.1,4.6,26.6,141,119
1825,201704100PHI,"7:00 PM, April 10, 2017",2017,Indiana Pacers,Philadelphia 76ers,1,Thaddeus Young,33:27,10,15,.667,0,0,,0,0,,4,4,8,3,1,0,1,2,20,+9,.667,.667,.000,.000,15.5,14.3,14.9,12.4,1.5,0.0,6.3,21.2,142,120
1826,201704100PHI,"7:00 PM, April 10, 2017",2017,Indiana Pacers,Philadelphia 76ers,1,Jeff Teague,33:16,4,8,.500,0,2,.000,7,8,.875,0,2,2,6,1,0,3,3,15,+11,.651,.500,.250,1.000,0.0,7.2,3.7,20.0,1.5,0.0,20.7,19.4,124,122
1827,201704100PHI,"7:00 PM, April 10, 2017",2017,Indiana Pacers,Philadelphia 76ers,1,Myles Turner,28:21,6,8,.750,0,0,,6,6,1.000,3,10,13,1,3,3,4,4,18,+16,.846,.750,.000,.750,13.7,42.3,28.6,4.4,5.4,12.1,27.3,22.9,128,97
1828,201704100PHI,"7:00 PM, April 10, 2017",2017,Indiana Pacers,Philadelphia 76ers,1,Monta Ellis,26:26,1,3,.333,0,0,,0,0,,0,3,3,5,1,0,2,3,2,+7,.333,.333,.000,.000,0.0,13.6,7.1,19.2,1.9,0.0,40.0,8.4,85,120
1829,201704100PHI,"7:00 PM, April 10, 2017",2017,Indiana Pacers,Philadelphia 76ers,0,C.J. Miles,21:14,4,10,.400,1,5,.200,0,0,,0,4,4,0,0,0,1,1,9,+1,.450,.450,.500,.000,0.0,22.6,11.7,0.0,0.0,0.0,9.1,23.0,90,122
1830,201704100PHI,"7:00 PM, April 10, 2017",2017,Indiana Pacers,Philadelphia 76ers,0,Lance Stephenson,20:57,3,7,.429,0,0,,0,1,.000,0,2,2,5,0,0,0,2,6,0,.403,.429,.000,.143,0.0,11.5,6.0,27.2,0.0,0.0,0.0,15.7,119,125
1831,201704100PHI,"7:00 PM, April 10, 2017",2017,Indiana Pacers,Philadelphia 76ers,0,Kevin Seraphin,19:20,8,10,.800,0,0,,1,2,.500,2,4,6,0,1,0,1,5,17,-7,.781,.800,.000,.200,13.4,24.8,19.3,0.0,2.6,0.0,8.4,27.2,142,115
1832,201704100PHI,"7:00 PM, April 10, 2017",2017,Indiana Pacers,Philadelphia 76ers,0,Aaron Brooks,12:17,1,2,.500,1,1,1.000,0,0,,0,0,0,2,0,0,1,1,3,-4,.750,.750,.500,.000,0.0,0.0,0.0,17.3,0.0,0.0,33.3,10.8,116,128
1833,201704100PHI,"7:00 PM, April 10, 2017",2017,Indiana Pacers,Philadelphia 76ers,0,Lavoy Allen,8:13,1,2,.500,0,0,,0,0,,4,0,4,3,0,1,0,2,2,-3,.500,.500,.000,.000,63.2,0.0,30.3,40.6,0.0,13.9,0.0,10.8,174,120
1834,201704100PHI,"7:00 PM, April 10, 2017",2017,Indiana Pacers,Philadelphia 76ers,0,Joe Young,0:00,0.0,0.0,0.0,0.0,0.0,0.0,0.0,0.0,0.0,0.0,0.0,0.0,0.0,0.0,0.0,0.0,0.0,0.0,0.0,0.0,0.0,0.0,0.0,0.0,0.0,0.0,0.0,0.0,0.0,0.0,0.0,0.0,0.0
1835,201704100PHI,"7:00 PM, April 10, 2017",2017,Philadelphia 76ers,Indiana Pacers,1,Timothe Luwawu-Cabarrot,36:43,8,12,.667,4,5,.800,4,4,1.000,1,4,5,3,1,0,2,4,24,-1,.872,.833,.417,.333,3.3,14.1,8.5,16.0,1.4,0.0,12.7,19.3,155,129
1836,201704100PHI,"7:00 PM, April 10, 2017",2017,Philadelphia 76ers,Indiana Pacers,1,T.J. McConnell,36:36,5,8,.625,0,1,.000,2,2,1.000,0,5,5,8,3,0,5,3,12,-12,.676,.625,.125,.250,0.0,17.7,8.5,36.9,4.2,0.0,36.0,17.1,107,122
1837,201704100PHI,"7:00 PM, April 10, 2017",2017,Philadelphia 76ers,Indiana Pacers,1,Richaun Holmes,33:55,6,14,.429,0,3,.000,5,6,.833,3,3,6,2,1,0,0,3,17,-8,.511,.429,.214,.429,10.6,11.5,11.0,10.7,1.5,0.0,0.0,22.1,124,130
1838,201704100PHI,"7:00 PM, April 10, 2017",2017,Philadelphia 76ers,Indiana Pacers,1,Dario Saric,24:36,3,10,.300,1,4,.250,5,6,.833,4,2,6,3,2,1,4,3,12,-3,.475,.350,.400,.600,19.5,10.5,15.2,20.1,4.2,2.8,24.0,30.4,97,122
1839,201704100PHI,"7:00 PM, April 10, 2017",2017,Philadelphia 76ers,Indiana Pacers,1,Justin Anderson,21:29,1,4,.250,0,2,.000,4,4,1.000,0,0,0,0,1,0,2,1,6,-12,.521,.250,.500,1.000,0.0,0.0,0.0,0.0,2.4,0.0,25.8,16.3,83,131
1840,201704100PHI,"7:00 PM, April 10, 2017",2017,Philadelphia 76ers,Indiana Pacers,0,Nik Stauskas,26:28,4,8,.500,2,4,.500,5,5,1.000,0,0,0,2,0,0,1,1,15,+3,.735,.625,.500,.625,0.0,0.0,0.0,13.1,0.0,0.0,8.9,19.0,144,136
1841,201704100PHI,"7:00 PM, April 10, 2017",2017,Philadelphia 76ers,Indiana Pacers,0,Alex Poythress,23:24,5,8,.625,5,7,.714,0,0,,0,1,1,0,1,0,1,1,15,-6,.938,.938,.875,.000,0.0,5.5,2.7,0.0,2.2,0.0,11.1,17.3,147,130
1842,201704100PHI,"7:00 PM, April 10, 2017",2017,Philadelphia 76ers,Indiana Pacers,0,Gerald Henderson,22:44,2,6,.333,1,4,.250,1,2,.500,1,1,2,1,1,0,1,3,6,-5,.436,.417,.667,.333,5.3,5.7,5.5,6.9,2.3,0.0,12.7,15.6,92,130
1843,201704100PHI,"7:00 PM, April 10, 2017",2017,Philadelphia 76ers,Indiana Pacers,0,Tiago Splitter,8:13,0,2,.000,0,1,.000,2,2,1.000,0,4,4,0,0,0,2,0,2,-1,.347,.000,.500,1.000,0.0,63.2,30.3,0.0,0.0,0.0,41.0,26.7,44,120
1844,201704100PHI,"7:00 PM, April 10, 2017",2017,Philadelphia 76ers,Indiana Pacers,0,Shawn Long,5:52,1,3,.333,0,2,.000,0,0,,1,3,4,1,0,0,0,0,2,0,.333,.333,.667,.000,20.5,66.3,42.5,30.5,0.0,0.0,0.0,23.0,106,119
1845,201704100POR,"10:00 PM, April 10, 2017",2017,San Antonio Spurs,Portland Trail Blazers,1,Dewayne Dedmon,21:41,1,4,.250,0,0,,1,2,.500,5,3,8,0,0,1,1,4,3,-16,.307,.250,.000,.500,25.7,14.4,19.9,0.0,0.0,3.6,17.0,12.2,93,112
1846,201704100POR,"10:00 PM, April 10, 2017",2017,San Antonio Spurs,Portland Trail Blazers,1,Kawhi Leonard,20:09,8,11,.727,1,2,.500,1,1,1.000,0,0,0,0,1,1,2,0,18,-2,.787,.773,.182,.091,0.0,0.0,0.0,0.0,2.6,3.8,14.9,30.0,125,111
1847,201704100POR,"10:00 PM, April 10, 2017",2017,San Antonio Spurs,Portland Trail Blazers,1,Danny Green,20:06,2,5,.400,1,4,.250,0,0,,0,4,4,2,0,1,0,0,5,-1,.500,.500,.800,.000,0.0,20.8,10.7,14.4,0.0,3.9,0.0,11.2,124,109
1848,201704100POR,"10:00 PM, April 10, 2017",2017,San Antonio Spurs,Portland Trail Blazers,1,Tony Parker,19:52,5,7,.714,0,0,,2,2,1.000,0,2,2,4,0,0,0,2,12,-4,.761,.714,.000,.286,0.0,10.5,5.4,37.3,0.0,0.0,0.0,17.8,170,116
1849,201704100POR,"10:00 PM, April 10, 2017",2017,San Antonio Spurs,Portland Trail Blazers,1,LaMarcus Aldridge,18:10,5,8,.625,0,1,.000,2,2,1.000,0,4,4,0,0,1,0,1,12,-9,.676,.625,.125,.250,0.0,23.0,11.9,0.0,0.0,4.3,0.0,22.0,143,108
1850,201704100POR,"10:00 PM, April 10, 2017",2017,San Antonio Spurs,Portland Trail Blazers,0,David Lee,28:18,2,6,.333,0,0,,3,6,.500,5,3,8,2,0,2,2,0,7,+12,.405,.333,.000,1.000,19.7,11.1,15.2,9.8,0.0,5.5,18.8,16.9,97,112
1851,201704100POR,"10:00 PM, April 10, 2017",2017,San Antonio Spurs,Portland Trail Blazers,0,Kyle Anderson,24:20,2,6,.333,0,1,.000,2,2,1.000,1,3,4,2,3,0,2,0,6,+6,.436,.333,.167,.333,4.6,12.9,8.9,11.6,6.5,0.0,22.5,16.4,88,100
1852,201704100POR,"10:00 PM, April 10, 2017",2017,San Antonio Spurs,Portland Trail Blazers,0,Pau Gasol,18:20,2,10,.200,1,1,1.000,2,2,1.000,1,12,13,1,0,1,0,1,7,+15,.322,.250,.100,.200,6.1,68.3,38.2,8.0,0.0,4.2,0.0,26.7,87,90
1853,201704100POR,"10:00 PM, April 10, 2017",2017,San Antonio Spurs,Portland Trail Blazers,0,Patty Mills,16:08,2,5,.400,1,2,.500,0,0,,0,1,1,2,0,0,3,1,5,+9,.500,.500,.400,.000,0.0,6.5,3.3,18.6,0.0,0.0,37.5,22.3,73,118
1854,201704100POR,"10:00 PM, April 10, 2017",2017,San Antonio Spurs,Portland Trail Blazers,0,Manu Ginobili,15:54,4,7,.571,3,4,.750,0,0,,0,0,0,1,0,0,3,0,11,+6,.786,.786,.571,.000,0.0,0.0,0.0,11.6,0.0,0.0,30.0,28.3,104,120
1855,201704100POR,"10:00 PM, April 10, 2017",2017,San Antonio Spurs,Portland Trail Blazers,0,Davis Bertans,13:02,1,4,.250,0,3,.000,0,0,,1,1,2,1,0,2,0,3,2,-9,.250,.250,.750,.000,8.6,8.0,8.3,10.7,0.0,11.9,0.0,13.8,84,108
1856,201704100POR,"10:00 PM, April 10, 2017",2017,San Antonio Spurs,Portland Trail Blazers,0,Jonathon Simmons,12:00,3,6,.500,0,0,,1,3,.333,0,0,0,1,0,0,0,1,7,-6,.375,.375,.750,.000,0.0,8.7,4.5,11.8,0.0,0.0,33.3,22.5,60,117
1857,201704100POR,"10:00 PM, April 10, 2017",2017,San Antonio Spurs,Portland Trail Blazers,0,Bryn Forbes,12:00,1,4,.250,1,3,.333,0,0,,0,1,1,1,0,0,2,2,3,-6,.478,.500,.000,.500,0.0,0.0,0.0,15.4,0.0,0.0,0.0,27.4,108,120
1858,201704100POR,"10:00 PM, April 10, 2017",2017,Portland Trail Blazers,San Antonio Spurs,1,Noah Vonleh,37:03,6,9,.667,0,0,,0,0,,7,4,11,1,0,0,0,4,12,-2,.667,.667,.000,.000,19.7,12.1,16.0,4.4,0.0,0.0,0.0,11.1,159,112
1859,201704100POR,"10:00 PM, April 10, 2017",2017,Portland Trail Blazers,San Antonio Spurs,1,Shabazz Napier,36:57,9,20,.450,4,7,.571,10,11,.909,2,4,6,5,0,0,4,3,32,+5,.644,.550,.350,.550,5.6,12.1,8.8,25.7,0.0,0.0,13.9,35.8,124,112
1860,201704100POR,"10:00 PM, April 10, 2017",2017,Portland Trail Blazers,San Antonio Spurs,1,Pat Connaughton,34:49,6,10,.600,3,4,.750,0,0,,0,4,4,3,1,0,1,1,15,+8,.750,.750,.400,.000,0.0,12.8,6.2,14.4,1.5,0.0,9.1,14.5,142,109
1861,201704100POR,"10:00 PM, April 10, 2017",2017,Portland Trail Blazers,San Antonio Spurs,1,Meyers Leonard,33:42,5,7,.714,3,3,1.000,0,0,,0,6,6,0,1,0,0,4,13,+9,.929,.929,.429,.000,0.0,19.9,9.6,0.0,1.6,0.0,0.0,9.5,183,106
1862,201704100POR,"10:00 PM, April 10, 2017",2017,Portland Trail Blazers,San Antonio Spurs,1,Evan Turner,29:01,7,17,.412,1,3,.333,1,1,1.000,1,2,3,7,1,0,3,2,16,0,.459,.441,.176,.059,3.6,7.7,5.6,45.6,1.8,0.0,14.7,32.3,99,110
1863,201704100POR,"10:00 PM, April 10, 2017",2017,Portland Trail Blazers,San Antonio Spurs,0,Jake Layman,29:15,2,15,.133,0,4,.000,0,0,,2,2,4,1,2,1,1,1,4,-3,.133,.133,.267,.000,7.1,7.6,7.4,4.9,3.6,2.6,6.3,25.1,42,104
1864,201704100POR,"10:00 PM, April 10, 2017",2017,Portland Trail Blazers,San Antonio Spurs,0,Al-Farouq Aminu,25:15,1,6,.167,1,4,.250,2,2,1.000,0,4,4,1,1,2,0,2,5,-5,.363,.250,.667,.333,0.0,17.7,8.5,5.4,2.1,6.1,0.0,12.5,91,102
1865,201704100POR,"10:00 PM, April 10, 2017",2017,Portland Trail Blazers,San Antonio Spurs,0,Tim Quarterman,13:58,1,5,.200,0,2,.000,0,1,.000,0,4,4,0,0,0,0,0,2,-7,.184,.200,.400,.200,0.0,32.0,15.4,0.0,0.0,0.0,0.0,17.9,42,106
1866,201704100POR,"10:00 PM, April 10, 2017",2017,Portland Trail Blazers,San Antonio Spurs,0,Damian Lillard,0:00,0.0,0.0,0.0,0.0,0.0,0.0,0.0,0.0,0.0,0.0,0.0,0.0,0.0,0.0,0.0,0.0,0.0,0.0,0.0,0.0,0.0,0.0,0.0,0.0,0.0,0.0,0.0,0.0,0.0,0.0,0.0,0.0,0.0
1867,201704100POR,"10:00 PM, April 10, 2017",2017,Portland Trail Blazers,San Antonio Spurs,0,Maurice Harkless,0:00,0.0,0.0,0.0,0.0,0.0,0.0,0.0,0.0,0.0,0.0,0.0,0.0,0.0,0.0,0.0,0.0,0.0,0.0,0.0,0.0,0.0,0.0,0.0,0.0,0.0,0.0,0.0,0.0,0.0,0.0,0.0,0.0,0.0
1868,201704110ATL,"7:30 PM, April 11, 2017",2017,Charlotte Hornets,Atlanta Hawks,1,Brian Roberts,28:09,2,7,.286,0,3,.000,0,0,,0,1,1,1,1,0,3,0,4,-12,.286,.286,.429,.000,0.0,4.7,1.9,6.7,1.9,0.0,30.0,15.6,45,118
1869,201704110ATL,"7:30 PM, April 11, 2017",2017,Charlotte Hornets,Atlanta Hawks,1,Cody Zeller,22:14,1,3,.333,0,0,,2,2,1.000,2,4,6,2,0,0,0,3,4,-9,.515,.333,.000,.667,8.0,24.0,14.4,16.1,0.0,0.0,0.0,7.7,136,117
1870,201704110ATL,"7:30 PM, April 11, 2017",2017,Charlotte Hornets,Atlanta Hawks,1,Michael Kidd-Gilchrist,19:33,4,10,.400,0,0,,2,2,1.000,3,3,6,1,1,0,0,4,10,-9,.460,.400,.000,.200,13.6,20.5,16.4,12.8,2.7,0.0,0.0,24.4,110,112
1871,201704110ATL,"7:30 PM, April 11, 2017",2017,Charlotte Hornets,Atlanta Hawks,1,Marvin Williams,12:53,2,9,.222,1,4,.250,2,2,1.000,3,3,6,0,2,0,1,1,7,-5,.354,.278,.444,.222,20.7,31.0,24.8,0.0,8.2,0.0,9.2,37.1,81,97
1872,201704110ATL,"7:30 PM, April 11, 2017",2017,Charlotte Hornets,Atlanta Hawks,1,Nicolas Batum,10:04,0,3,.000,0,1,.000,0,0,,0,1,1,4,1,0,0,0,0,-8,.000,.000,.333,.000,0.0,13.2,5.3,65.8,5.3,0.0,0.0,13.1,50,109
1873,201704110ATL,"7:30 PM, April 11, 2017",2017,Charlotte Hornets,Atlanta Hawks,0,Jeremy Lamb,33:21,7,18,.389,1,7,.143,6,6,1.000,2,3,5,2,2,0,3,1,21,-17,.509,.417,.389,.333,5.3,12.0,8.0,15.2,3.2,0.0,12.7,31.1,99,113
1874,201704110ATL,"7:30 PM, April 11, 2017",2017,Charlotte Hornets,Atlanta Hawks,0,Miles Plumlee,25:46,0,5,.000,0,0,,0,0,,4,3,7,1,1,1,1,3,0,-18,.000,.000,.000,.000,13.8,15.5,14.5,6.4,2.1,3.6,16.7,10.2,36,113
1875,201704110ATL,"7:30 PM, April 11, 2017",2017,Charlotte Hornets,Atlanta Hawks,0,Treveon Graham,25:28,5,10,.500,0,2,.000,0,0,,0,4,4,1,2,0,1,0,10,-15,.500,.500,.200,.000,0.0,20.9,8.4,9.6,4.2,0.0,9.1,19.0,94,109
1876,201704110ATL,"7:30 PM, April 11, 2017",2017,Charlotte Hornets,Atlanta Hawks,0,Frank Kaminsky,25:01,3,11,.273,0,3,.000,0,1,.000,0,1,1,2,0,0,1,1,6,-19,.262,.273,.273,.091,0.0,5.3,2.1,16.5,0.0,0.0,8.0,21.8,59,122
1877,201704110ATL,"7:30 PM, April 11, 2017",2017,Charlotte Hornets,Atlanta Hawks,0,Briante Weber,24:26,3,9,.333,1,3,.333,3,4,.750,0,0,0,2,1,0,2,3,10,-17,.465,.389,.333,.444,0.0,0.0,0.0,17.0,2.2,0.0,15.7,22.9,88,118
1878,201704110ATL,"7:30 PM, April 11, 2017",2017,Charlotte Hornets,Atlanta Hawks,0,Christian Wood,13:05,2,3,.667,0,0,,0,2,.000,1,2,3,0,0,0,1,1,4,-6,.515,.667,.000,.667,6.8,20.4,12.2,0.0,0.0,0.0,20.5,16.4,78,118
1879,201704110ATL,"7:30 PM, April 11, 2017",2017,Atlanta Hawks,Charlotte Hornets,1,Dennis Schroder,25:29,3,5,.600,0,0,,2,2,1.000,0,3,3,9,1,0,3,2,8,+15,.680,.600,.000,.400,0.0,10.5,6.3,48.0,2.1,0.0,33.8,16.3,120,86
1880,201704110ATL,"7:30 PM, April 11, 2017",2017,Atlanta Hawks,Charlotte Hornets,1,Dwight Howard,24:33,7,9,.778,0,0,,5,7,.714,4,8,12,1,0,1,2,1,19,+5,.786,.778,.000,.778,21.7,29.0,26.1,7.2,0.0,3.0,14.2,26.7,140,78
1881,201704110ATL,"7:30 PM, April 11, 2017",2017,Atlanta Hawks,Charlotte Hornets,1,Tim Hardaway,22:49,3,7,.429,1,4,.250,2,2,1.000,0,5,5,3,0,0,1,1,9,+13,.571,.500,.571,.286,0.0,19.5,11.7,18.2,0.0,0.0,11.3,18.2,118,85
1882,201704110ATL,"7:30 PM, April 11, 2017",2017,Atlanta Hawks,Charlotte Hornets,1,Taurean Waller-Prince,22:37,4,7,.571,0,2,.000,0,1,.000,0,1,1,1,1,0,0,1,8,+22,.538,.571,.286,.143,0.0,3.9,2.4,6.5,2.3,0.0,0.0,15.3,113,89
1883,201704110ATL,"7:30 PM, April 11, 2017",2017,Atlanta Hawks,Charlotte Hornets,1,Paul Millsap,21:54,5,10,.500,0,1,.000,0,0,,0,7,7,0,0,0,4,3,10,+13,.500,.500,.100,.000,0.0,28.4,17.0,0.0,0.0,0.0,28.6,29.8,65,80
1884,201704110ATL,"7:30 PM, April 11, 2017",2017,Atlanta Hawks,Charlotte Hornets,0,Mike Dunleavy,18:32,1,5,.200,1,4,.250,0,0,,2,1,3,1,0,2,0,2,3,+4,.300,.300,.800,.000,14.4,4.8,8.6,6.7,0.0,8.0,0.0,12.6,100,88
1885,201704110ATL,"7:30 PM, April 11, 2017",2017,Atlanta Hawks,Charlotte Hornets,0,Mike Muscala,17:53,4,4,1.000,0,0,,0,0,,0,1,1,3,0,0,1,2,8,+26,1.000,1.000,.000,.000,0.0,5.0,3.0,26.6,0.0,0.0,20.0,13.0,155,93
1886,201704110ATL,"7:30 PM, April 11, 2017",2017,Atlanta Hawks,Charlotte Hornets,0,Kent Bazemore,17:50,3,6,.500,2,4,.500,0,0,,0,3,3,3,0,1,2,1,8,+6,.667,.667,.667,.000,0.0,15.0,9.0,24.5,0.0,4.1,25.0,20.9,106,85
1887,201704110ATL,"7:30 PM, April 11, 2017",2017,Atlanta Hawks,Charlotte Hornets,0,Jose Calderon,17:27,3,4,.750,1,2,.500,0,0,,0,1,1,3,0,0,1,2,7,+10,.875,.875,.500,.000,0.0,5.1,3.1,25.2,0.0,0.0,20.0,13.4,141,93
1888,201704110ATL,"7:30 PM, April 11, 2017",2017,Atlanta Hawks,Charlotte Hornets,0,Thabo Sefolosha,15:57,2,5,.400,0,2,.000,0,0,,1,1,2,1,1,0,0,0,4,+2,.400,.400,.400,.000,8.4,5.6,6.7,8.6,3.3,0.0,0.0,14.6,105,86
1889,201704110ATL,"7:30 PM, April 11, 2017",2017,Atlanta Hawks,Charlotte Hornets,0,Ersan Ilyasova,15:34,3,9,.333,1,4,.250,3,4,.750,2,4,6,2,0,0,0,1,10,+12,.465,.389,.444,.444,17.1,22.8,20.6,19.4,0.0,0.0,0.0,32.2,119,83
1890,201704110ATL,"7:30 PM, April 11, 2017",2017,Atlanta Hawks,Charlotte Hornets,0,Kris Humphries,10:32,1,4,.250,1,2,.500,2,2,1.000,2,2,4,0,3,0,1,0,5,+2,.512,.375,.500,.500,25.3,16.9,20.3,0.0,15.1,0.0,17.0,26.0,107,55
1891,201704110ATL,"7:30 PM, April 11, 2017",2017,Atlanta Hawks,Charlotte Hornets,0,Malcolm Delaney,8:53,2,4,.500,0,2,.000,0,0,,0,2,2,3,0,0,1,1,4,+5,.500,.500,.500,.000,0.0,20.0,12.0,53.7,0.0,0.0,20.0,26.3,104,85
1892,201704110DAL,"8:30 PM, April 11, 2017",2017,Denver Nuggets,Dallas Mavericks,1,Gary Harris,35:01,6,10,.600,4,7,.571,4,6,.667,2,6,8,8,1,0,3,1,20,+19,.791,.800,.700,.600,6.2,16.1,11.5,33.5,1.4,0.0,19.2,20.2,141,96
1893,201704110DAL,"8:30 PM, April 11, 2017",2017,Denver Nuggets,Dallas Mavericks,1,Mason Plumlee,33:31,8,14,.571,0,0,,0,0,,3,6,9,0,1,1,4,3,16,+11,.571,.571,.000,.000,9.8,16.8,13.6,0.0,1.5,3.0,22.2,24.3,89,93
1894,201704110DAL,"8:30 PM, April 11, 2017",2017,Denver Nuggets,Dallas Mavericks,1,Jamal Murray,32:46,4,14,.286,2,8,.250,0,0,,0,2,2,10,1,0,2,2,10,+3,.357,.357,.571,.000,0.0,5.7,3.1,41.7,1.5,0.0,12.5,22.1,99,98
1895,201704110DAL,"8:30 PM, April 11, 2017",2017,Denver Nuggets,Dallas Mavericks,1,Nikola Jokic,19:35,3,6,.500,1,3,.333,0,0,,1,7,8,4,0,0,1,2,7,-7,.583,.583,.500,.000,5.6,33.6,20.6,29.1,0.0,0.0,14.3,16.2,125,94
1896,201704110DAL,"8:30 PM, April 11, 2017",2017,Denver Nuggets,Dallas Mavericks,1,Wilson Chandler,14:39,3,6,.500,1,2,.500,2,4,.500,1,4,5,0,0,0,0,0,9,+2,.580,.583,.333,.667,7.4,25.7,17.2,0.0,0.0,0.0,0.0,23.9,120,96
1897,201704110DAL,"8:30 PM, April 11, 2017",2017,Denver Nuggets,Dallas Mavericks,0,Malik Beasley,31:57,6,12,.500,2,7,.286,2,2,1.000,2,3,5,2,2,0,0,2,16,+19,.621,.583,.583,.167,6.8,8.8,7.9,9.4,3.1,0.0,0.0,18.2,136,94
1898,201704110DAL,"8:30 PM, April 11, 2017",2017,Denver Nuggets,Dallas Mavericks,0,Mike Miller,28:31,3,4,.750,2,3,.667,0,0,,0,7,7,6,1,0,3,2,8,+24,1.000,1.000,.750,.000,0.0,23.1,12.4,28.1,1.8,0.0,42.9,11.1,123,93
1899,201704110DAL,"8:30 PM, April 11, 2017",2017,Denver Nuggets,Dallas Mavericks,0,Juan Hernangomez,26:32,5,9,.556,3,5,.600,1,2,.500,0,6,6,1,1,0,2,1,14,+11,.709,.722,.556,.222,0.0,21.3,11.4,5.7,1.9,0.0,16.8,20.2,107,93
1900,201704110DAL,"8:30 PM, April 11, 2017",2017,Denver Nuggets,Dallas Mavericks,0,Darrell Arthur,17:28,3,9,.333,3,7,.429,0,0,,1,2,3,0,0,0,1,1,9,+8,.500,.500,.778,.000,6.2,10.8,8.7,0.0,0.0,0.0,10.0,25.9,90,100
1901,201704110DAL,"8:30 PM, April 11, 2017",2017,Denver Nuggets,Dallas Mavericks,0,Roy Hibbert,0:00,0.0,0.0,0.0,0.0,0.0,0.0,0.0,0.0,0.0,0.0,0.0,0.0,0.0,0.0,0.0,0.0,0.0,0.0,0.0,0.0,0.0,0.0,0.0,0.0,0.0,0.0,0.0,0.0,0.0,0.0,0.0,0.0,0.0
1902,201704110DAL,"8:30 PM, April 11, 2017",2017,Dallas Mavericks,Denver Nuggets,1,Yogi Ferrell,34:34,4,12,.333,1,5,.200,1,1,1.000,0,5,5,3,1,0,3,1,10,-9,.402,.375,.417,.083,0.0,15.8,7.3,14.1,1.4,0.0,19.4,20.3,71,115
1903,201704110DAL,"8:30 PM, April 11, 2017",2017,Dallas Mavericks,Denver Nuggets,1,Dorian Finney-Smith,29:55,2,7,.286,1,4,.250,0,0,,2,4,6,1,1,0,1,2,5,-6,.357,.357,.571,.000,6.3,14.6,10.1,5.0,1.7,0.0,12.5,12.1,78,115
1904,201704110DAL,"8:30 PM, April 11, 2017",2017,Dallas Mavericks,Denver Nuggets,1,J.J. Barea,27:01,5,14,.357,3,8,.375,0,0,,0,4,4,9,2,0,3,1,13,0,.464,.464,.571,.000,0.0,16.2,7.5,61.2,3.7,0.0,17.6,28.5,93,110
1905,201704110DAL,"8:30 PM, April 11, 2017",2017,Dallas Mavericks,Denver Nuggets,1,Dirk Nowitzki,27:00,9,20,.450,1,4,.250,2,2,1.000,1,7,8,1,1,3,1,2,21,0,.503,.475,.200,.100,3.5,28.3,15.0,9.4,1.9,12.7,4.6,36.8,95,103
1906,201704110DAL,"8:30 PM, April 11, 2017",2017,Dallas Mavericks,Denver Nuggets,1,Nerlens Noel,17:29,4,6,.667,0,0,,0,1,.000,2,3,5,0,1,1,1,1,8,+4,.621,.667,.000,.167,10.8,18.7,14.4,0.0,2.9,6.5,13.4,19.3,105,107
1907,201704110DAL,"8:30 PM, April 11, 2017",2017,Dallas Mavericks,Denver Nuggets,0,Nicolas Brussino,26:51,2,5,.400,1,4,.250,0,0,,0,2,2,2,1,0,1,0,5,-21,.500,.500,.800,.000,0.0,8.1,3.8,11.4,1.9,0.0,16.7,10.1,90,117
1908,201704110DAL,"8:30 PM, April 11, 2017",2017,Dallas Mavericks,Denver Nuggets,0,Dwight Powell,22:17,3,9,.333,2,7,.286,2,2,1.000,2,3,5,0,1,0,0,1,10,-8,.506,.444,.778,.222,8.4,14.7,11.3,0.0,2.2,0.0,0.0,20.1,109,114
1909,201704110DAL,"8:30 PM, April 11, 2017",2017,Dallas Mavericks,Denver Nuggets,0,Jarrod Uthoff,19:38,2,2,1.000,1,1,1.000,0,0,,0,3,3,4,0,0,0,2,5,-20,1.250,1.250,.500,.000,0.0,16.7,7.7,32.5,0.0,0.0,0.0,4.6,243,118
1910,201704110DAL,"8:30 PM, April 11, 2017",2017,Dallas Mavericks,Denver Nuggets,0,Devin Harris,19:25,3,10,.300,2,7,.286,3,3,1.000,0,1,1,3,0,0,2,0,11,-9,.486,.400,.700,.300,0.0,5.6,2.6,26.9,0.0,0.0,15.0,31.1,91,122
1911,201704110DAL,"8:30 PM, April 11, 2017",2017,Dallas Mavericks,Denver Nuggets,0,Salah Mejri,7:58,1,2,.500,0,0,,0,0,,1,1,2,0,0,0,0,1,2,-15,.500,.500,.000,.000,11.8,13.7,12.7,0.0,0.0,0.0,0.0,11.4,116,119
1912,201704110DAL,"8:30 PM, April 11, 2017",2017,Dallas Mavericks,Denver Nuggets,0,A.J. Hammons,7:53,0,1,.000,0,0,,1,2,.500,0,1,1,1,0,0,1,0,1,-6,.266,.000,.000,2.000,0.0,13.8,6.4,17.4,0.0,0.0,34.7,16.6,52,120
1913,201704110LAL,"10:30 PM, April 11, 2017",2017,New Orleans Pelicans,Los Angeles Lakers,1,Jrue Holiday,28:49,6,9,.667,0,2,.000,2,2,1.000,1,3,4,7,0,0,5,1,14,-1,.709,.667,.222,.222,3.8,11.9,7.7,43.2,0.0,0.0,33.6,23.9,103,114
1914,201704110LAL,"10:30 PM, April 11, 2017",2017,New Orleans Pelicans,Los Angeles Lakers,1,Solomon Hill,27:29,3,8,.375,1,3,.333,1,2,.500,0,5,5,0,1,0,1,3,8,+2,.450,.438,.375,.250,0.0,20.8,10.2,0.0,1.8,0.0,10.1,16.6,75,109
1915,201704110LAL,"10:30 PM, April 11, 2017",2017,New Orleans Pelicans,Los Angeles Lakers,1,Alexis Ajinca,24:18,5,8,.625,0,0,,4,6,.667,0,8,8,1,1,1,1,3,14,0,.658,.625,.000,.750,0.0,37.6,18.4,7.3,2.0,3.0,8.6,22.2,116,102
1916,201704110LAL,"10:30 PM, April 11, 2017",2017,New Orleans Pelicans,Los Angeles Lakers,1,Dante Cunningham,21:03,4,6,.667,2,4,.500,0,0,,0,3,3,1,1,0,0,1,10,+5,.833,.833,.667,.000,0.0,16.3,8.0,8.2,2.3,0.0,0.0,13.2,147,109
1917,201704110LAL,"10:30 PM, April 11, 2017",2017,New Orleans Pelicans,Los Angeles Lakers,1,Tim Frazier,19:28,1,7,.143,1,1,1.000,3,4,.750,0,1,1,6,0,0,1,2,6,-1,.342,.214,.143,.571,0.0,5.9,2.9,42.8,0.0,0.0,10.2,23.2,87,115
1918,201704110LAL,"10:30 PM, April 11, 2017",2017,New Orleans Pelicans,Los Angeles Lakers,0,Cheick Diallo,26:57,9,10,.900,0,0,,1,2,.500,3,8,11,0,0,2,2,2,19,-17,.873,.900,.000,.200,12.1,33.9,22.8,0.0,0.0,5.4,15.5,22.1,137,105
1919,201704110LAL,"10:30 PM, April 11, 2017",2017,New Orleans Pelicans,Los Angeles Lakers,0,Quinn Cook,26:34,1,7,.143,1,3,.333,0,0,,0,0,0,4,0,0,2,1,3,-11,.214,.214,.429,.000,0.0,0.0,0.0,20.5,0.0,0.0,22.2,15.7,53,117
1920,201704110LAL,"10:30 PM, April 11, 2017",2017,New Orleans Pelicans,Los Angeles Lakers,0,Donatas Motiejunas,23:42,2,7,.286,0,1,.000,4,4,1.000,1,3,4,3,0,1,2,1,8,-12,.457,.286,.143,.571,4.6,14.5,9.4,18.4,0.0,3.1,18.6,21.0,90,111
1921,201704110LAL,"10:30 PM, April 11, 2017",2017,New Orleans Pelicans,Los Angeles Lakers,0,Jordan Crawford,21:09,5,13,.385,1,5,.200,0,0,,0,3,3,7,2,0,2,1,11,-11,.423,.423,.385,.000,0.0,16.2,7.9,61.9,4.6,0.0,13.3,32.8,88,104
1922,201704110LAL,"10:30 PM, April 11, 2017",2017,New Orleans Pelicans,Los Angeles Lakers,0,Axel Toupane,20:31,1,4,.250,1,3,.333,0,0,,0,0,0,0,0,1,0,1,3,-14,.375,.375,.750,.000,0.0,0.0,0.0,0.0,0.0,3.5,0.0,9.0,70,113
1923,201704110LAL,"10:30 PM, April 11, 2017",2017,New Orleans Pelicans,Los Angeles Lakers,0,Anthony Davis,0:00,0.0,0.0,0.0,0.0,0.0,0.0,0.0,0.0,0.0,0.0,0.0,0.0,0.0,0.0,0.0,0.0,0.0,0.0,0.0,0.0,0.0,0.0,0.0,0.0,0.0,0.0,0.0,0.0,0.0,0.0,0.0,0.0,0.0
1924,201704110LAL,"10:30 PM, April 11, 2017",2017,New Orleans Pelicans,Los Angeles Lakers,0,E'Twaun Moore,0:00,0.0,0.0,0.0,0.0,0.0,0.0,0.0,0.0,0.0,0.0,0.0,0.0,0.0,0.0,0.0,0.0,0.0,0.0,0.0,0.0,0.0,0.0,0.0,0.0,0.0,0.0,0.0,0.0,0.0,0.0,0.0,0.0,0.0
1925,201704110LAL,"10:30 PM, April 11, 2017",2017,New Orleans Pelicans,Los Angeles Lakers,0,DeMarcus Cousins,0:00,0.0,0.0,0.0,0.0,0.0,0.0,0.0,0.0,0.0,0.0,0.0,0.0,0.0,0.0,0.0,0.0,0.0,0.0,0.0,0.0,0.0,0.0,0.0,0.0,0.0,0.0,0.0,0.0,0.0,0.0,0.0,0.0,0.0
1926,201704110LAL,"10:30 PM, April 11, 2017",2017,Los Angeles Lakers,New Orleans Pelicans,1,Larry Nance,30:53,2,7,.286,1,2,.500,2,2,1.000,0,8,8,2,1,0,0,1,7,+5,.444,.357,.286,.286,0.0,28.3,14.5,8.0,1.6,0.0,0.0,11.2,104,101
1927,201704110LAL,"10:30 PM, April 11, 2017",2017,Los Angeles Lakers,New Orleans Pelicans,1,Brandon Ingram,28:24,6,16,.375,0,2,.000,3,5,.600,3,2,5,6,2,0,1,1,15,+8,.412,.375,.125,.313,12.1,7.7,9.8,31.8,3.4,0.0,5.2,29.7,102,99
1928,201704110LAL,"10:30 PM, April 11, 2017",2017,Los Angeles Lakers,New Orleans Pelicans,1,Jordan Clarkson,25:04,5,8,.625,3,5,.600,2,2,1.000,0,3,3,3,1,0,2,1,15,-5,.845,.813,.625,.250,0.0,13.1,6.7,17.7,1.9,0.0,18.4,19.1,135,102
1929,201704110LAL,"10:30 PM, April 11, 2017",2017,Los Angeles Lakers,New Orleans Pelicans,1,Metta World Peace,24:52,7,17,.412,4,10,.400,0,0,,1,3,4,1,3,0,1,1,18,+10,.529,.529,.588,.000,4.6,13.2,9.0,6.8,5.9,0.0,5.6,31.8,101,93
1930,201704110LAL,"10:30 PM, April 11, 2017",2017,Los Angeles Lakers,New Orleans Pelicans,1,Julius Randle,15:42,4,7,.571,0,0,,3,4,.750,0,5,5,2,0,0,0,4,11,-2,.628,.571,.000,.571,0.0,34.7,17.8,20.5,0.0,0.0,0.0,24.5,135,103
1931,201704110LAL,"10:30 PM, April 11, 2017",2017,Los Angeles Lakers,New Orleans Pelicans,0,Tyler Ennis,28:41,2,5,.400,0,3,.000,1,2,.500,0,1,1,3,2,0,3,3,5,+12,.425,.400,.600,.400,0.0,3.8,1.9,13.0,3.4,0.0,33.8,13.6,69,99
1932,201704110LAL,"10:30 PM, April 11, 2017",2017,Los Angeles Lakers,New Orleans Pelicans,0,David Nwaba,28:06,6,8,.750,0,0,,2,2,1.000,1,1,2,1,2,0,2,3,14,+13,.788,.750,.000,.250,4.1,3.9,4.0,5.4,3.5,0.0,18.4,17.0,127,99
1933,201704110LAL,"10:30 PM, April 11, 2017",2017,Los Angeles Lakers,New Orleans Pelicans,0,Corey Brewer,23:36,3,6,.500,0,0,,1,2,.500,2,3,5,5,2,0,1,2,7,+5,.509,.500,.000,.333,9.7,13.9,11.8,28.3,4.1,0.0,12.7,14.7,119,97
1934,201704110LAL,"10:30 PM, April 11, 2017",2017,Los Angeles Lakers,New Orleans Pelicans,0,Tarik Black,20:50,3,9,.333,0,0,,0,0,,0,9,9,0,1,3,0,0,6,+11,.333,.333,.000,.000,0.0,47.1,24.1,0.0,2.3,12.1,0.0,19.0,69,85
1935,201704110LAL,"10:30 PM, April 11, 2017",2017,Los Angeles Lakers,New Orleans Pelicans,0,Thomas Robinson,13:52,4,5,.800,0,0,,2,4,.500,1,4,5,1,1,0,1,2,10,+3,.740,.800,.000,.800,8.2,31.5,20.1,12.3,3.5,0.0,12.9,24.6,130,96
1936,201704110LAL,"10:30 PM, April 11, 2017",2017,Los Angeles Lakers,New Orleans Pelicans,0,Timofey Mozgov,0:00,0.0,0.0,0.0,0.0,0.0,0.0,0.0,0.0,0.0,0.0,0.0,0.0,0.0,0.0,0.0,0.0,0.0,0.0,0.0,0.0,0.0,0.0,0.0,0.0,0.0,0.0,0.0,0.0,0.0,0.0,0.0,0.0,0.0
1937,201704110LAL,"10:30 PM, April 11, 2017",2017,Los Angeles Lakers,New Orleans Pelicans,0,Nick Young,0:00,0.0,0.0,0.0,0.0,0.0,0.0,0.0,0.0,0.0,0.0,0.0,0.0,0.0,0.0,0.0,0.0,0.0,0.0,0.0,0.0,0.0,0.0,0.0,0.0,0.0,0.0,0.0,0.0,0.0,0.0,0.0,0.0,0.0
1938,201704110LAL,"10:30 PM, April 11, 2017",2017,Los Angeles Lakers,New Orleans Pelicans,0,Luol Deng,0:00,0.0,0.0,0.0,0.0,0.0,0.0,0.0,0.0,0.0,0.0,0.0,0.0,0.0,0.0,0.0,0.0,0.0,0.0,0.0,0.0,0.0,0.0,0.0,0.0,0.0,0.0,0.0,0.0,0.0,0.0,0.0,0.0,0.0
1939,201704110MIN,"8:00 PM, April 11, 2017",2017,Oklahoma City Thunder,Minnesota Timberwolves,1,Victor Oladipo,34:06,8,16,.500,1,5,.200,3,3,1.000,3,6,9,6,0,0,8,2,20,-9,.577,.531,.313,.188,10.1,18.0,14.2,32.8,0.0,0.0,31.6,31.3,94,109
1940,201704110MIN,"8:00 PM, April 11, 2017",2017,Oklahoma City Thunder,Minnesota Timberwolves,1,Domantas Sabonis,32:21,6,16,.375,1,5,.200,6,6,1.000,2,7,9,3,1,0,2,1,19,+8,.510,.406,.313,.375,7.1,22.1,15.0,15.8,1.6,0.0,9.7,26.9,118,104
1941,201704110MIN,"8:00 PM, April 11, 2017",2017,Oklahoma City Thunder,Minnesota Timberwolves,1,Semaj Christon,29:56,1,5,.200,0,1,.000,0,0,,1,1,2,6,1,0,0,2,2,-9,.200,.200,.200,.000,3.8,3.4,3.6,27.2,1.7,0.0,0.0,7.0,112,109
1942,201704110MIN,"8:00 PM, April 11, 2017",2017,Oklahoma City Thunder,Minnesota Timberwolves,1,Steven Adams,29:45,5,6,.833,0,0,,0,0,,6,3,9,1,2,2,4,2,10,-2,.833,.833,.000,.000,23.0,10.3,16.3,5.6,3.5,4.9,40.0,14.2,104,100
1943,201704110MIN,"8:00 PM, April 11, 2017",2017,Oklahoma City Thunder,Minnesota Timberwolves,1,Kyle Singler,28:10,4,12,.333,1,4,.250,2,2,1.000,0,4,4,0,0,0,0,3,11,+2,.427,.375,.333,.167,0.0,14.5,7.7,0.0,0.0,0.0,0.0,19.3,110,109
1944,201704110MIN,"8:00 PM, April 11, 2017",2017,Oklahoma City Thunder,Minnesota Timberwolves,0,Norris Cole,23:12,4,11,.364,1,3,.333,3,4,.750,0,2,2,3,2,0,0,3,12,+6,.470,.409,.273,.364,0.0,8.8,4.6,21.6,4.5,0.0,0.0,23.2,126,102
1945,201704110MIN,"8:00 PM, April 11, 2017",2017,Oklahoma City Thunder,Minnesota Timberwolves,0,Jerami Grant,21:41,2,5,.400,1,2,.500,1,2,.500,1,7,8,1,0,1,0,5,6,+4,.510,.500,.400,.400,5.3,33.0,19.9,6.8,0.0,3.4,0.0,11.4,131,101
1946,201704110MIN,"8:00 PM, April 11, 2017",2017,Oklahoma City Thunder,Minnesota Timberwolves,0,Enes Kanter,18:15,3,10,.300,0,0,,4,8,.500,5,3,8,1,0,0,2,2,10,+4,.370,.300,.000,.800,31.3,16.8,23.6,9.0,0.0,0.0,12.9,35.8,90,109
1947,201704110MIN,"8:00 PM, April 11, 2017",2017,Oklahoma City Thunder,Minnesota Timberwolves,0,Alex Abrines,14:41,2,3,.667,2,2,1.000,0,0,,0,0,0,0,1,1,1,0,6,+14,1.000,1.000,.667,.000,0.0,0.0,0.0,0.0,3.5,5.0,25.0,11.5,131,103
1948,201704110MIN,"8:00 PM, April 11, 2017",2017,Oklahoma City Thunder,Minnesota Timberwolves,0,Nick Collison,7:53,2,2,1.000,0,0,,0,0,,0,3,3,1,0,0,0,1,4,-8,1.000,1.000,.000,.000,0.0,38.9,20.5,24.5,0.0,0.0,0.0,10.7,203,102
1949,201704110MIN,"8:00 PM, April 11, 2017",2017,Oklahoma City Thunder,Minnesota Timberwolves,0,Taj Gibson,0:00,0.0,0.0,0.0,0.0,0.0,0.0,0.0,0.0,0.0,0.0,0.0,0.0,0.0,0.0,0.0,0.0,0.0,0.0,0.0,0.0,0.0,0.0,0.0,0.0,0.0,0.0,0.0,0.0,0.0,0.0,0.0,0.0,0.0
1950,201704110MIN,"8:00 PM, April 11, 2017",2017,Oklahoma City Thunder,Minnesota Timberwolves,0,Andre Roberson,0:00,0.0,0.0,0.0,0.0,0.0,0.0,0.0,0.0,0.0,0.0,0.0,0.0,0.0,0.0,0.0,0.0,0.0,0.0,0.0,0.0,0.0,0.0,0.0,0.0,0.0,0.0,0.0,0.0,0.0,0.0,0.0,0.0,0.0
1951,201704110MIN,"8:00 PM, April 11, 2017",2017,Oklahoma City Thunder,Minnesota Timberwolves,0,Russell Westbrook,0:00,0.0,0.0,0.0,0.0,0.0,0.0,0.0,0.0,0.0,0.0,0.0,0.0,0.0,0.0,0.0,0.0,0.0,0.0,0.0,0.0,0.0,0.0,0.0,0.0,0.0,0.0,0.0,0.0,0.0,0.0,0.0,0.0,0.0
1952,201704110MIN,"8:00 PM, April 11, 2017",2017,Minnesota Timberwolves,Oklahoma City Thunder,1,Karl-Anthony Towns,40:22,10,20,.500,2,6,.333,4,4,1.000,4,8,12,1,1,0,1,2,26,+9,.597,.550,.300,.200,10.1,22.6,16.0,4.6,1.3,0.0,4.4,25.1,122,107
1953,201704110MIN,"8:00 PM, April 11, 2017",2017,Minnesota Timberwolves,Oklahoma City Thunder,1,Gorgui Dieng,38:51,9,11,.818,0,0,,1,1,1.000,3,5,8,3,2,1,2,4,19,-2,.830,.818,.000,.091,7.9,14.7,11.1,13.8,2.7,1.9,14.9,15.4,142,107
1954,201704110MIN,"8:00 PM, April 11, 2017",2017,Minnesota Timberwolves,Oklahoma City Thunder,1,Andrew Wiggins,37:06,7,22,.318,1,4,.250,3,6,.500,1,2,3,4,2,1,2,2,18,-5,.365,.341,.182,.273,2.8,6.2,4.4,17.9,2.8,2.0,7.5,31.9,79,111
1955,201704110MIN,"8:00 PM, April 11, 2017",2017,Minnesota Timberwolves,Oklahoma City Thunder,1,Ricky Rubio,35:41,4,13,.308,1,3,.333,5,5,1.000,2,2,4,10,1,0,3,3,14,-1,.461,.346,.231,.385,5.7,6.4,6.0,41.2,1.5,0.0,16.5,22.7,103,114
1956,201704110MIN,"8:00 PM, April 11, 2017",2017,Minnesota Timberwolves,Oklahoma City Thunder,1,Brandon Rush,22:09,0,4,.000,0,3,.000,1,2,.500,0,2,2,0,0,0,0,2,1,+1,.102,.000,.750,.500,0.0,10.3,4.9,0.0,0.0,0.0,0.0,9.8,25,116
1957,201704110MIN,"8:00 PM, April 11, 2017",2017,Minnesota Timberwolves,Oklahoma City Thunder,0,Tyus Jones,17:16,1,3,.333,0,1,.000,0,1,.000,0,2,2,3,1,0,0,0,2,+3,.291,.333,.333,.333,0.0,13.2,6.2,23.7,3.0,0.0,0.0,8.9,91,108
1958,201704110MIN,"8:00 PM, April 11, 2017",2017,Minnesota Timberwolves,Oklahoma City Thunder,0,Kris Dunn,17:09,1,3,.333,0,0,,0,0,,0,0,0,1,2,0,1,2,2,0,.333,.333,.000,.000,0.0,0.0,0.0,8.0,6.0,0.0,25.0,10.4,60,107
1959,201704110MIN,"8:00 PM, April 11, 2017",2017,Minnesota Timberwolves,Oklahoma City Thunder,0,Omri Casspi,16:47,3,4,.750,1,1,1.000,0,2,.000,1,2,3,1,3,0,1,1,7,-11,.717,.875,.250,.500,6.1,13.6,9.6,9.7,9.3,0.0,17.0,15.6,112,94
1960,201704110MIN,"8:00 PM, April 11, 2017",2017,Minnesota Timberwolves,Oklahoma City Thunder,0,Shabazz Muhammad,14:39,3,6,.500,0,2,.000,3,4,.750,0,1,1,1,0,1,1,1,9,-4,.580,.500,.333,.667,0.0,7.8,3.7,11.6,0.0,5.1,11.4,26.6,108,115
1961,201704110MIN,"8:00 PM, April 11, 2017",2017,Minnesota Timberwolves,Oklahoma City Thunder,0,Jordan Hill,0:00,0.0,0.0,0.0,0.0,0.0,0.0,0.0,0.0,0.0,0.0,0.0,0.0,0.0,0.0,0.0,0.0,0.0,0.0,0.0,0.0,0.0,0.0,0.0,0.0,0.0,0.0,0.0,0.0,0.0,0.0,0.0,0.0,0.0
1962,201704110MIN,"8:00 PM, April 11, 2017",2017,Minnesota Timberwolves,Oklahoma City Thunder,0,Adreian Payne,0:00,0.0,0.0,0.0,0.0,0.0,0.0,0.0,0.0,0.0,0.0,0.0,0.0,0.0,0.0,0.0,0.0,0.0,0.0,0.0,0.0,0.0,0.0,0.0,0.0,0.0,0.0,0.0,0.0,0.0,0.0,0.0,0.0,0.0
1963,201704110MIN,"8:00 PM, April 11, 2017",2017,Minnesota Timberwolves,Oklahoma City Thunder,0,Cole Aldrich,0:00,0.0,0.0,0.0,0.0,0.0,0.0,0.0,0.0,0.0,0.0,0.0,0.0,0.0,0.0,0.0,0.0,0.0,0.0,0.0,0.0,0.0,0.0,0.0,0.0,0.0,0.0,0.0,0.0,0.0,0.0,0.0,0.0,0.0
1964,201704110SAC,"10:30 PM, April 11, 2017",2017,Phoenix Suns,Sacramento Kings,1,Marquese Chriss,40:03,8,19,.421,2,6,.333,4,8,.500,1,6,7,0,1,2,4,4,22,-18,.488,.474,.316,.421,1.8,18.9,8.1,0.0,1.1,3.7,15.1,24.7,87,120
1965,201704110SAC,"10:30 PM, April 11, 2017",2017,Phoenix Suns,Sacramento Kings,1,T.J. Warren,36:52,6,19,.316,1,2,.500,1,2,.500,3,4,7,2,2,0,0,2,14,-25,.352,.342,.105,.105,6.0,13.7,8.8,7.8,2.5,0.0,0.0,20.1,88,122
1966,201704110SAC,"10:30 PM, April 11, 2017",2017,Phoenix Suns,Sacramento Kings,1,Tyler Ulis,34:48,10,25,.400,3,8,.375,4,6,.667,2,2,4,6,1,0,1,0,27,-18,.488,.460,.320,.240,4.2,7.3,5.4,30.4,1.3,0.0,3.5,30.7,111,125
1967,201704110SAC,"10:30 PM, April 11, 2017",2017,Phoenix Suns,Sacramento Kings,1,Derrick Jones,33:18,3,9,.333,1,3,.333,3,5,.600,3,1,4,4,1,0,1,3,10,-24,.446,.389,.333,.556,6.7,3.8,5.6,15.7,1.4,0.0,8.2,13.7,107,125
1968,201704110SAC,"10:30 PM, April 11, 2017",2017,Phoenix Suns,Sacramento Kings,1,Alex Len,15:59,2,7,.286,0,0,,0,0,,3,4,7,1,1,1,1,4,4,-16,.286,.286,.000,.000,13.9,31.6,20.4,8.6,2.8,4.7,12.5,18.7,75,113
1969,201704110SAC,"10:30 PM, April 11, 2017",2017,Phoenix Suns,Sacramento Kings,0,Alan Williams,27:50,7,10,.700,0,0,,0,0,,2,9,11,1,1,0,0,4,14,-15,.700,.700,.000,.000,5.3,40.8,18.4,6.0,1.6,0.0,0.0,13.4,148,119
1970,201704110SAC,"10:30 PM, April 11, 2017",2017,Phoenix Suns,Sacramento Kings,0,Dragan Bender,21:21,2,11,.182,0,7,.000,1,1,1.000,1,3,4,2,0,0,0,5,5,-8,.219,.182,.636,.091,3.5,17.7,8.7,12.3,0.0,0.0,0.0,20.0,64,126
1971,201704110SAC,"10:30 PM, April 11, 2017",2017,Phoenix Suns,Sacramento Kings,0,Ronnie Price,18:41,2,7,.286,1,4,.250,0,0,,0,0,0,3,1,0,1,1,5,-1,.357,.357,.571,.000,0.0,0.0,0.0,21.5,2.4,0.0,12.5,16.0,81,124
1972,201704110SAC,"10:30 PM, April 11, 2017",2017,Phoenix Suns,Sacramento Kings,0,Elijah Millsap,11:08,1,2,.500,0,0,,1,2,.500,3,1,4,0,0,0,1,0,3,0,.521,.500,.000,1.000,19.9,11.3,16.7,0.0,0.0,0.0,25.8,13.0,101,127
1973,201704110SAC,"10:30 PM, April 11, 2017",2017,Sacramento Kings,Phoenix Suns,1,Buddy Hield,32:33,12,20,.600,4,8,.500,2,3,.667,1,4,5,0,1,0,2,4,30,+23,.704,.700,.400,.150,3.9,9.1,7.2,0.0,1.4,0.0,8.6,29.9,121,101
1974,201704110SAC,"10:30 PM, April 11, 2017",2017,Sacramento Kings,Phoenix Suns,1,Ty Lawson,30:34,6,10,.600,1,1,1.000,9,10,.900,1,9,10,12,1,0,3,3,22,+15,.764,.650,.100,1.000,4.1,21.7,15.2,56.1,1.5,0.0,17.2,23.8,148,94
1975,201704110SAC,"10:30 PM, April 11, 2017",2017,Sacramento Kings,Phoenix Suns,1,Garrett Temple,27:29,4,7,.571,2,2,1.000,0,0,,1,2,3,5,1,0,1,1,10,+4,.714,.714,.286,.000,4.6,5.4,5.1,24.2,1.7,0.0,12.5,12.2,140,103
1976,201704110SAC,"10:30 PM, April 11, 2017",2017,Sacramento Kings,Phoenix Suns,1,Skal Labissiere,26:19,3,7,.429,0,0,,6,8,.750,2,4,6,2,0,0,0,4,12,+27,.570,.429,.000,1.143,9.6,11.2,10.6,9.7,0.0,0.0,0.0,16.7,136,102
1977,201704110SAC,"10:30 PM, April 11, 2017",2017,Sacramento Kings,Phoenix Suns,1,Willie Cauley-Stein,20:35,6,12,.500,0,0,,1,2,.500,0,5,5,2,2,0,1,2,13,+15,.505,.500,.000,.167,0.0,17.9,11.3,16.1,4.4,0.0,7.2,28.2,98,90
1978,201704110SAC,"10:30 PM, April 11, 2017",2017,Sacramento Kings,Phoenix Suns,0,Ben McLemore,27:06,3,7,.429,0,2,.000,7,9,.778,0,10,10,1,1,0,1,3,13,+21,.593,.429,.286,1.286,0.0,27.2,17.2,4.7,1.7,0.0,8.4,18.4,118,91
1979,201704110SAC,"10:30 PM, April 11, 2017",2017,Sacramento Kings,Phoenix Suns,0,Langston Galloway,27:02,2,7,.286,0,2,.000,0,0,,0,2,2,2,0,0,1,4,4,+11,.286,.286,.286,.000,0.0,5.5,3.4,9.0,0.0,0.0,12.5,12.4,65,105
1980,201704110SAC,"10:30 PM, April 11, 2017",2017,Sacramento Kings,Phoenix Suns,0,Georgios Papagiannis,26:43,5,9,.556,0,0,,3,4,.750,2,5,7,1,0,1,4,2,13,+11,.604,.556,.000,.444,9.5,13.8,12.2,5.3,0.0,2.3,27.1,23.1,95,100
1981,201704110SAC,"10:30 PM, April 11, 2017",2017,Sacramento Kings,Phoenix Suns,0,Anthony Tolliver,21:41,2,4,.500,2,4,.500,6,7,.857,1,6,7,3,1,1,0,0,12,-2,.847,.750,1.000,1.750,5.8,20.4,15.0,17.2,2.1,2.8,0.0,13.6,185,93
1982,201704120BOS,"8:00 PM, April 12, 2017",2017,Milwaukee Bucks,Boston Celtics,1,Rashad Vaughn,40:26,6,15,.400,2,4,.500,0,1,.000,2,1,3,4,2,1,5,4,14,-19,.453,.467,.267,.067,5.4,2.6,4.0,15.9,2.4,2.2,24.5,22.4,76,118
1983,201704120BOS,"8:00 PM, April 12, 2017",2017,Milwaukee Bucks,Boston Celtics,1,Michael Beasley,34:56,7,17,.412,0,3,.000,1,1,1.000,1,4,5,2,3,2,1,2,15,-12,.430,.412,.176,.059,3.1,12.2,7.7,10.0,4.3,5.1,5.4,23.4,88,109
1984,201704120BOS,"8:00 PM, April 12, 2017",2017,Milwaukee Bucks,Boston Celtics,1,Thon Maker,26:40,3,8,.375,0,2,.000,3,3,1.000,3,3,6,3,0,3,3,2,9,-4,.483,.375,.250,.375,12.3,12.0,12.1,17.1,0.0,10.0,24.4,20.4,92,115
1985,201704120BOS,"8:00 PM, April 12, 2017",2017,Milwaukee Bucks,Boston Celtics,1,Malcolm Brogdon,23:19,5,10,.500,1,2,.500,0,0,,2,3,5,3,1,1,0,0,11,+1,.550,.550,.200,.000,9.4,13.7,11.6,23.1,2.1,3.8,0.0,19.0,123,115
1986,201704120BOS,"8:00 PM, April 12, 2017",2017,Milwaukee Bucks,Boston Celtics,1,John Henson,13:59,4,6,.667,0,0,,0,0,,1,2,3,1,0,0,0,1,8,-7,.667,.667,.000,.000,7.8,15.3,11.6,14.8,0.0,0.0,0.0,19.0,135,121
1987,201704120BOS,"8:00 PM, April 12, 2017",2017,Milwaukee Bucks,Boston Celtics,0,Gary Payton,32:15,1,4,.250,0,2,.000,1,2,.500,0,7,7,5,0,2,3,3,3,-18,.307,.250,.500,.500,0.0,23.2,11.7,21.0,0.0,5.5,38.1,10.8,64,115
1988,201704120BOS,"8:00 PM, April 12, 2017",2017,Milwaukee Bucks,Boston Celtics,0,Mirza Teletovic,27:52,2,8,.250,1,5,.200,2,2,1.000,0,3,3,2,0,0,0,4,7,-15,.394,.313,.625,.250,0.0,11.5,5.8,10.3,0.0,0.0,0.0,14.1,93,122
1989,201704120BOS,"8:00 PM, April 12, 2017",2017,Milwaukee Bucks,Boston Celtics,0,Spencer Hawes,17:10,5,7,.714,2,3,.667,3,3,1.000,0,5,5,2,0,0,2,3,15,-15,.901,.857,.429,.429,0.0,31.1,15.7,24.3,0.0,0.0,19.4,26.6,135,116
1990,201704120BOS,"8:00 PM, April 12, 2017",2017,Milwaukee Bucks,Boston Celtics,0,Greg Monroe,16:51,3,7,.429,0,2,.000,4,5,.800,0,6,6,4,0,0,3,1,10,+4,.543,.429,.286,.714,0.0,38.0,19.2,40.0,0.0,0.0,24.6,32.0,94,114
1991,201704120BOS,"8:00 PM, April 12, 2017",2017,Milwaukee Bucks,Boston Celtics,0,Jason Terry,6:32,1,2,.500,0,0,,0,0,,0,0,0,0,0,0,0,0,2,-5,.500,.500,.000,.000,0.0,0.0,0.0,0.0,0.0,0.0,0.0,13.5,97,126
1992,201704120BOS,"8:00 PM, April 12, 2017",2017,Boston Celtics,Milwaukee Bucks,1,Avery Bradley,30:42,4,9,.444,0,3,.000,0,0,,0,2,2,1,1,0,0,1,8,+14,.444,.444,.333,.000,0.0,7.1,3.5,4.5,1.6,0.0,0.0,12.7,95,102
1993,201704120BOS,"8:00 PM, April 12, 2017",2017,Boston Celtics,Milwaukee Bucks,1,Jae Crowder,30:22,6,12,.500,3,7,.429,1,2,.500,0,5,5,2,3,0,1,1,16,+10,.621,.625,.583,.167,0.0,18.0,8.9,10.0,4.9,0.0,7.2,19.9,114,92
1994,201704120BOS,"8:00 PM, April 12, 2017",2017,Boston Celtics,Milwaukee Bucks,1,Isaiah Thomas,22:41,3,11,.273,2,6,.333,5,6,.833,2,2,4,8,1,1,1,0,13,+3,.477,.364,.545,.545,9.4,9.6,9.5,48.9,2.2,3.5,6.8,28.1,121,97
1995,201704120BOS,"8:00 PM, April 12, 2017",2017,Boston Celtics,Milwaukee Bucks,1,Al Horford,21:24,5,8,.625,0,2,.000,2,2,1.000,0,6,6,2,2,0,1,0,12,+10,.676,.625,.250,.250,0.0,30.6,15.1,15.1,4.6,0.0,10.1,20.1,125,90
1996,201704120BOS,"8:00 PM, April 12, 2017",2017,Boston Celtics,Milwaukee Bucks,1,Amir Johnson,19:07,6,7,.857,2,2,1.000,2,3,.667,2,3,5,1,1,1,0,4,16,+8,.962,1.000,.286,.429,11.2,17.1,14.1,9.7,2.6,4.1,0.0,18.9,188,94
1997,201704120BOS,"8:00 PM, April 12, 2017",2017,Boston Celtics,Milwaukee Bucks,0,Marcus Smart,27:37,1,3,.333,1,2,.500,2,2,1.000,2,3,5,8,2,1,2,4,5,+21,.644,.500,.667,.667,7.7,11.9,9.8,35.4,3.6,2.8,34.0,9.3,133,94
1998,201704120BOS,"8:00 PM, April 12, 2017",2017,Boston Celtics,Milwaukee Bucks,0,Kelly Olynyk,23:03,3,9,.333,2,3,.667,0,0,,0,4,4,6,0,0,1,5,8,+6,.444,.444,.333,.000,0.0,18.9,9.4,36.0,0.0,0.0,10.0,18.9,104,102
1999,201704120BOS,"8:00 PM, April 12, 2017",2017,Boston Celtics,Milwaukee Bucks,0,Jaylen Brown,22:05,5,10,.500,0,2,.000,0,1,.000,2,2,4,1,1,0,1,0,10,+8,.479,.500,.200,.100,9.7,9.9,9.8,7.2,2.2,0.0,8.7,22.5,96,100
2000,201704120BOS,"8:00 PM, April 12, 2017",2017,Boston Celtics,Milwaukee Bucks,0,Gerald Green,21:04,6,15,.400,2,8,.250,4,4,1.000,1,5,6,1,0,0,1,2,18,+16,.537,.467,.533,.267,5.1,25.9,15.4,8.3,0.0,0.0,5.6,36.6,108,101
2001,201704120BOS,"8:00 PM, April 12, 2017",2017,Boston Celtics,Milwaukee Bucks,0,Tyler Zeller,10:51,2,4,.500,0,0,,1,2,.500,1,1,2,0,0,0,0,0,5,-4,.512,.500,.000,.500,9.8,10.1,9.9,0.0,0.0,0.0,0.0,19.5,113,105
2002,201704120BOS,"8:00 PM, April 12, 2017",2017,Boston Celtics,Milwaukee Bucks,0,Jonas Jerebko,4:32,0,2,.000,0,1,.000,0,2,.000,1,1,2,0,0,0,0,0,0,-6,.000,.000,.500,1.000,23.5,24.1,23.8,0.0,0.0,0.0,0.0,27.6,28,101
2003,201704120BOS,"8:00 PM, April 12, 2017",2017,Boston Celtics,Milwaukee Bucks,0,James Young,3:16,0,1,.000,0,1,.000,1,2,.500,0,0,0,0,0,0,0,0,1,+2,,,,,0.0,33.4,16.5,35.8,15.2,0.0,,0.0,229,67
2004,201704120BOS,"8:00 PM, April 12, 2017",2017,Boston Celtics,Milwaukee Bucks,0,Terry Rozier,3:16,0,0,,0,0,,0,0,,0,1,1,1,1,0,0,0,0,+2,.266,.000,1.000,2.000,0.0,0.0,0.0,0.0,0.0,0.0,0.0,25.0,62,107
2005,201704120CHI,"8:00 PM, April 12, 2017",2017,Brooklyn Nets,Chicago Bulls,1,Spencer Dinwiddie,31:05,1,5,.200,1,5,.200,2,2,1.000,1,3,4,2,1,0,1,4,5,-14,.425,.300,1.000,.400,2.7,8.9,5.6,11.7,1.5,0.0,14.5,9.5,87,115
2006,201704120CHI,"8:00 PM, April 12, 2017",2017,Brooklyn Nets,Chicago Bulls,1,Rondae Hollis-Jefferson,30:55,2,7,.286,0,0,,2,2,1.000,2,6,8,1,0,1,2,2,6,-25,.381,.286,.000,.286,5.4,17.9,11.3,6.2,0.0,2.4,20.2,13.7,72,113
2007,201704120CHI,"8:00 PM, April 12, 2017",2017,Brooklyn Nets,Chicago Bulls,1,Justin Hamilton,29:50,4,11,.364,0,4,.000,0,0,,2,7,9,4,1,0,1,0,8,-17,.364,.364,.364,.000,5.5,21.7,13.2,29.8,1.6,0.0,8.3,17.3,81,110
2008,201704120CHI,"8:00 PM, April 12, 2017",2017,Brooklyn Nets,Chicago Bulls,1,Caris LeVert,24:55,5,13,.385,0,5,.000,0,0,,0,5,5,2,1,0,2,1,10,-22,.385,.385,.385,.000,0.0,18.5,8.8,21.0,1.9,0.0,13.3,25.8,69,110
2009,201704120CHI,"8:00 PM, April 12, 2017",2017,Brooklyn Nets,Chicago Bulls,1,Randy Foye,19:50,1,10,.100,0,6,.000,0,0,,0,1,1,2,2,0,1,1,2,-18,.100,.100,.600,.000,0.0,4.7,2.2,18.9,4.8,0.0,9.1,23.8,27,109
2010,201704120CHI,"8:00 PM, April 12, 2017",2017,Brooklyn Nets,Chicago Bulls,0,Archie Goodwin,29:03,7,11,.636,0,2,.000,6,10,.600,4,3,7,4,1,1,5,3,20,-26,.649,.636,.182,.909,11.4,9.5,10.5,40.2,1.6,2.5,24.5,30.1,103,113
2011,201704120CHI,"8:00 PM, April 12, 2017",2017,Brooklyn Nets,Chicago Bulls,0,Isaiah Whitehead,25:52,2,10,.200,1,4,.250,0,0,,0,3,3,2,0,0,3,3,5,-22,.250,.250,.400,.000,0.0,10.7,5.1,15.3,0.0,0.0,23.1,21.6,43,118
2012,201704120CHI,"8:00 PM, April 12, 2017",2017,Brooklyn Nets,Chicago Bulls,0,K.J. McDaniels,25:50,5,13,.385,1,6,.167,4,4,1.000,0,6,6,0,0,1,1,0,15,-20,.508,.423,.462,.308,0.0,21.4,10.1,0.0,0.0,2.9,6.3,26.2,95,112
2013,201704120CHI,"8:00 PM, April 12, 2017",2017,Brooklyn Nets,Chicago Bulls,0,Andrew Nicholson,22:40,1,6,.167,0,1,.000,0,0,,1,4,5,0,2,0,2,2,2,-31,.167,.167,.167,.000,3.7,16.3,9.6,0.0,4.2,0.0,25.0,15.1,31,106
2014,201704120CHI,"8:00 PM, April 12, 2017",2017,Brooklyn Nets,Chicago Bulls,0,Jeremy Lin,0:00,0.0,0.0,0.0,0.0,0.0,0.0,0.0,0.0,0.0,0.0,0.0,0.0,0.0,0.0,0.0,0.0,0.0,0.0,0.0,0.0,0.0,0.0,0.0,0.0,0.0,0.0,0.0,0.0,0.0,0.0,0.0,0.0,0.0
2015,201704120CHI,"8:00 PM, April 12, 2017",2017,Brooklyn Nets,Chicago Bulls,0,Brook Lopez,0:00,0.0,0.0,0.0,0.0,0.0,0.0,0.0,0.0,0.0,0.0,0.0,0.0,0.0,0.0,0.0,0.0,0.0,0.0,0.0,0.0,0.0,0.0,0.0,0.0,0.0,0.0,0.0,0.0,0.0,0.0,0.0,0.0,0.0
2016,201704120CHI,"8:00 PM, April 12, 2017",2017,Chicago Bulls,Brooklyn Nets,1,Jimmy Butler,34:51,8,19,.421,1,3,.333,8,9,.889,1,5,6,4,4,2,1,1,25,+26,.544,.447,.158,.474,2.6,11.9,7.5,18.4,5.5,5.2,4.2,28.4,120,67
2017,201704120CHI,"8:00 PM, April 12, 2017",2017,Chicago Bulls,Brooklyn Nets,1,Robin Lopez,23:04,2,4,.500,0,0,,5,6,.833,2,6,8,1,0,1,1,2,9,+12,.678,.500,.000,1.500,8.0,21.5,15.1,5.6,0.0,3.9,13.1,13.7,136,76
2018,201704120CHI,"8:00 PM, April 12, 2017",2017,Chicago Bulls,Brooklyn Nets,1,Nikola Mirotic,22:38,3,12,.250,2,8,.250,1,2,.500,4,5,9,2,3,1,1,4,9,+23,.349,.333,.667,.167,16.3,18.3,17.4,12.2,6.4,4.0,7.2,25.3,91,63
2019,201704120CHI,"8:00 PM, April 12, 2017",2017,Chicago Bulls,Brooklyn Nets,1,Dwyane Wade,22:29,3,9,.333,0,0,,1,2,.500,0,2,2,4,0,0,6,1,7,+13,.354,.333,.000,.222,0.0,7.4,3.9,24.7,0.0,0.0,37.8,29.2,56,83
2020,201704120CHI,"8:00 PM, April 12, 2017",2017,Chicago Bulls,Brooklyn Nets,1,Rajon Rondo,19:57,4,9,.444,2,2,1.000,0,0,,4,2,6,5,1,0,1,3,10,+10,.556,.556,.222,.000,18.5,8.3,13.1,38.3,2.4,0.0,10.0,20.7,131,78
2021,201704120CHI,"8:00 PM, April 12, 2017",2017,Chicago Bulls,Brooklyn Nets,0,Paul Zipser,28:21,8,13,.615,5,7,.714,0,0,,0,6,6,2,0,0,0,3,21,+20,.808,.808,.538,.000,0.0,17.5,9.2,12.3,0.0,0.0,0.0,18.9,157,80
2022,201704120CHI,"8:00 PM, April 12, 2017",2017,Chicago Bulls,Brooklyn Nets,0,Bobby Portis,25:22,5,11,.455,1,2,.500,1,2,.500,2,8,10,3,2,0,1,1,12,+16,.505,.500,.182,.182,7.3,26.1,17.2,18.0,3.8,0.0,7.8,21.0,110,69
2023,201704120CHI,"8:00 PM, April 12, 2017",2017,Chicago Bulls,Brooklyn Nets,0,Jerian Grant,22:05,2,7,.286,1,4,.250,0,0,,0,6,6,2,2,0,1,0,5,+19,.357,.357,.571,.000,0.0,22.5,11.9,11.9,4.3,0.0,12.5,15.0,77,69
2024,201704120CHI,"8:00 PM, April 12, 2017",2017,Chicago Bulls,Brooklyn Nets,0,Cristiano Felicio,18:58,1,3,.333,0,0,,0,0,,0,4,4,1,1,0,0,2,2,+17,.333,.333,.000,.000,0.0,17.5,9.2,6.6,2.5,0.0,0.0,6.5,88,74
2025,201704120CHI,"8:00 PM, April 12, 2017",2017,Chicago Bulls,Brooklyn Nets,0,Denzel Valentine,5:58,2,4,.500,1,3,.333,0,0,,0,1,1,1,1,0,0,1,5,+10,1.000,1.000,.000,.000,15.5,41.6,29.3,48.8,0.0,0.0,0.0,6.9,216,71
2026,201704120CHI,"8:00 PM, April 12, 2017",2017,Chicago Bulls,Brooklyn Nets,0,Joffrey Lauvergne,5:58,1,1,1.000,0,0,,0,0,,1,3,4,2,0,0,0,0,2,+10,.625,.625,.750,.000,0.0,13.9,7.3,32.3,8.0,0.0,0.0,27.7,131,64
2027,201704120CHI,"8:00 PM, April 12, 2017",2017,Chicago Bulls,Brooklyn Nets,0,Michael Carter-Williams,5:58,0,0,,0,0,,0,0,,0,0,0,1,1,0,0,0,0,+10,,,,,0.0,0.0,0.0,19.6,8.0,0.0,,0.0,234,69
2028,201704120CHI,"8:00 PM, April 12, 2017",2017,Chicago Bulls,Brooklyn Nets,0,Anthony Morrow,4:21,2,3,.667,1,1,1.000,0,0,,0,0,0,0,0,0,0,0,5,+9,.833,.833,.333,.000,0.0,0.0,0.0,0.0,0.0,0.0,0.0,28.5,151,86
2029,201704120CLE,"8:00 PM, April 12, 2017",2017,Toronto Raptors,Cleveland Cavaliers,1,Norman Powell,34:04,10,13,.769,3,5,.600,2,2,1.000,1,1,2,2,1,0,0,2,25,+6,.901,.885,.385,.154,3.2,3.1,3.1,10.9,1.6,0.0,0.0,19.4,184,100
2030,201704120CLE,"8:00 PM, April 12, 2017",2017,Toronto Raptors,Cleveland Cavaliers,1,Kyle Lowry,17:09,4,8,.500,1,5,.200,4,6,.667,0,2,2,4,0,0,4,1,13,+11,.611,.563,.625,.750,0.0,12.2,6.2,38.9,0.0,0.0,27.3,40.6,99,100
2031,201704120CLE,"8:00 PM, April 12, 2017",2017,Toronto Raptors,Cleveland Cavaliers,1,DeMarre Carroll,16:28,1,5,.200,0,3,.000,0,0,,0,6,6,1,1,0,1,0,2,+2,.200,.200,.600,.000,0.0,38.0,19.4,7.9,3.3,0.0,16.7,17.3,46,83
2032,201704120CLE,"8:00 PM, April 12, 2017",2017,Toronto Raptors,Cleveland Cavaliers,1,Jonas Valanciunas,15:25,6,10,.600,1,1,1.000,0,0,,3,4,7,1,1,0,1,1,13,+15,.650,.650,.100,.000,21.2,27.1,24.2,14.6,3.5,0.0,9.1,33.9,127,86
2033,201704120CLE,"8:00 PM, April 12, 2017",2017,Toronto Raptors,Cleveland Cavaliers,1,Patrick Patterson,14:51,1,1,1.000,1,1,1.000,0,0,,0,1,1,0,2,0,0,0,3,+2,1.500,1.500,1.000,.000,0.0,7.0,3.6,0.0,7.3,0.0,0.0,3.2,300,86
2034,201704120CLE,"8:00 PM, April 12, 2017",2017,Toronto Raptors,Cleveland Cavaliers,0,Pascal Siakam,28:16,4,8,.500,0,1,.000,0,0,,2,8,10,0,1,0,1,3,8,+22,.500,.500,.125,.000,7.7,29.5,18.9,0.0,1.9,0.0,11.1,15.1,100,89
2035,201704120CLE,"8:00 PM, April 12, 2017",2017,Toronto Raptors,Cleveland Cavaliers,0,Delon Wright,28:07,3,10,.300,1,3,.333,2,4,.500,1,0,1,0,2,0,1,1,9,+15,.383,.350,.300,.400,3.9,0.0,1.9,0.0,3.9,0.0,7.8,21.6,81,96
2036,201704120CLE,"8:00 PM, April 12, 2017",2017,Toronto Raptors,Cleveland Cavaliers,0,Jakob Poeltl,22:53,3,3,1.000,0,0,,1,2,.500,2,3,5,2,0,1,0,5,7,-3,.902,1.000,.000,.667,9.5,13.7,11.7,12.4,0.0,5.4,0.0,8.1,190,96
2037,201704120CLE,"8:00 PM, April 12, 2017",2017,Toronto Raptors,Cleveland Cavaliers,0,Fred VanVleet,20:37,2,7,.286,0,1,.000,1,2,.500,0,4,4,6,0,0,0,3,5,+9,.317,.286,.143,.286,0.0,20.2,10.3,39.5,0.0,0.0,0.0,18.2,102,97
2038,201704120CLE,"8:00 PM, April 12, 2017",2017,Toronto Raptors,Cleveland Cavaliers,0,Bruno Caboclo,17:19,5,11,.455,1,3,.333,0,0,,2,2,4,1,0,1,0,1,11,-3,.500,.500,.273,.000,12.6,12.1,12.3,10.6,0.0,7.1,0.0,30.2,116,96
2039,201704120CLE,"8:00 PM, April 12, 2017",2017,Toronto Raptors,Cleveland Cavaliers,0,Lucas Nogueira,12:33,0,3,.000,0,2,.000,0,0,,1,2,3,2,0,0,0,1,0,-5,.000,.000,.667,.000,8.7,16.6,12.7,19.1,0.0,0.0,0.0,11.4,60,98
2040,201704120CLE,"8:00 PM, April 12, 2017",2017,Toronto Raptors,Cleveland Cavaliers,0,Cory Joseph,6:09,1,5,.200,0,0,,0,0,,0,1,1,0,0,0,0,0,2,+2,.200,.200,.000,.000,0.0,17.0,8.7,0.0,0.0,0.0,0.0,38.6,47,98
2041,201704120CLE,"8:00 PM, April 12, 2017",2017,Toronto Raptors,Cleveland Cavaliers,0,P.J. Tucker,6:09,0,2,.000,0,1,.000,0,0,,0,2,2,1,0,0,0,2,0,+2,.000,.000,.500,.000,0.0,33.9,17.3,19.5,0.0,0.0,0.0,15.4,32,90
2042,201704120CLE,"8:00 PM, April 12, 2017",2017,Cleveland Cavaliers,Toronto Raptors,1,Iman Shumpert,29:52,3,8,.375,0,3,.000,5,6,.833,1,2,3,3,2,0,4,1,11,-8,.517,.375,.375,.750,3.5,7.3,5.4,20.8,3.6,0.0,27.3,23.2,87,110
2043,201704120CLE,"8:00 PM, April 12, 2017",2017,Cleveland Cavaliers,Toronto Raptors,1,Deron Williams,24:32,3,6,.500,3,4,.750,1,1,1.000,0,3,3,4,0,0,4,4,10,-16,.167,.167,.667,.000,0.0,8.9,4.3,30.1,2.2,0.0,10.0,19.3,53,113
2044,201704120CLE,"8:00 PM, April 12, 2017",2017,Cleveland Cavaliers,Toronto Raptors,1,J.R. Smith,24:32,1,9,.111,1,6,.167,0,0,,0,2,2,4,1,0,1,2,3,-16,.776,.750,.667,.167,0.0,13.3,6.5,35.4,0.0,0.0,38.3,20.1,95,115
2045,201704120CLE,"8:00 PM, April 12, 2017",2017,Cleveland Cavaliers,Toronto Raptors,1,Tristan Thompson,18:28,5,6,.833,0,0,,0,2,.000,3,1,4,0,1,0,1,0,10,-17,.727,.833,.000,.333,17.0,5.9,11.6,0.0,2.9,0.0,12.7,20.2,120,113
2046,201704120CLE,"8:00 PM, April 12, 2017",2017,Cleveland Cavaliers,Toronto Raptors,1,Channing Frye,7:22,2,4,.500,1,2,.500,0,0,,0,1,1,0,0,0,0,0,5,-2,.625,.625,.500,.000,0.0,14.8,7.2,0.0,0.0,0.0,0.0,25.7,115,116
2047,201704120CLE,"8:00 PM, April 12, 2017",2017,Cleveland Cavaliers,Toronto Raptors,0,James Jones,36:00,3,16,.188,1,12,.083,2,3,.667,1,4,5,2,0,1,1,2,9,-10,.260,.219,.750,.188,2.9,12.1,7.4,11.1,0.0,2.2,5.5,24.1,62,115
2048,201704120CLE,"8:00 PM, April 12, 2017",2017,Cleveland Cavaliers,Toronto Raptors,0,Derrick Williams,27:29,3,8,.375,2,3,.667,2,2,1.000,0,4,4,3,0,0,0,0,10,-2,.563,.500,.375,.250,0.0,15.9,7.8,23.0,0.0,0.0,0.0,15.3,126,116
2049,201704120CLE,"8:00 PM, April 12, 2017",2017,Cleveland Cavaliers,Toronto Raptors,0,Richard Jefferson,25:35,1,4,.250,1,3,.333,4,5,.800,0,6,6,2,1,0,1,1,7,-5,.565,.375,.750,1.250,0.0,25.6,12.5,14.4,2.1,0.0,13.9,13.3,111,108
2050,201704120CLE,"8:00 PM, April 12, 2017",2017,Cleveland Cavaliers,Toronto Raptors,0,Edy Tavares,24:00,3,4,.750,0,0,,0,1,.000,4,6,10,1,0,6,2,3,6,+4,.676,.750,.000,.250,17.4,27.3,22.2,9.1,0.0,20.0,31.1,12.7,105,96
2051,201704120CLE,"8:00 PM, April 12, 2017",2017,Cleveland Cavaliers,Toronto Raptors,0,Dahntay Jones,12:00,3,8,.375,0,2,.000,3,4,.750,1,1,2,1,0,0,1,1,9,+2,.461,.375,.250,.500,8.7,9.1,8.9,25.0,0.0,0.0,9.3,42.4,93,117
2052,201704120CLE,"8:00 PM, April 12, 2017",2017,Cleveland Cavaliers,Toronto Raptors,0,Kyle Korver,10:10,1,3,.333,1,2,.500,0,0,,0,2,2,0,0,0,0,0,3,-5,.500,.500,.667,.000,0.0,21.5,10.5,0.0,0.0,0.0,0.0,13.9,97,114
2053,201704120CLE,"8:00 PM, April 12, 2017",2017,Cleveland Cavaliers,Toronto Raptors,0,Kevin Love,0:00,0.0,0.0,0.0,0.0,0.0,0.0,0.0,0.0,0.0,0.0,0.0,0.0,0.0,0.0,0.0,0.0,0.0,0.0,0.0,0.0,0.0,0.0,0.0,0.0,0.0,0.0,0.0,0.0,0.0,0.0,0.0,0.0,0.0
2054,201704120CLE,"8:00 PM, April 12, 2017",2017,Cleveland Cavaliers,Toronto Raptors,0,Kyrie Irving,0:00,0.0,0.0,0.0,0.0,0.0,0.0,0.0,0.0,0.0,0.0,0.0,0.0,0.0,0.0,0.0,0.0,0.0,0.0,0.0,0.0,0.0,0.0,0.0,0.0,0.0,0.0,0.0,0.0,0.0,0.0,0.0,0.0,0.0
2055,201704120GSW,"10:30 PM, April 12, 2017",2017,Los Angeles Lakers,Golden State Warriors,1,Tyler Ennis,38:29,5,12,.417,2,6,.333,2,2,1.000,0,0,0,5,0,1,4,2,14,-5,.543,.500,.500,.167,0.0,0.0,0.0,17.9,0.0,2.3,23.7,18.0,91,116
2056,201704120GSW,"10:30 PM, April 12, 2017",2017,Los Angeles Lakers,Golden State Warriors,1,Jordan Clarkson,32:07,8,16,.500,1,6,.167,0,3,.000,0,3,3,2,1,0,1,2,17,-23,.491,.531,.375,.188,0.0,10.4,4.8,10.3,1.4,0.0,5.5,23.4,94,110
2057,201704120GSW,"10:30 PM, April 12, 2017",2017,Los Angeles Lakers,Golden State Warriors,1,Larry Nance,30:15,6,14,.429,1,3,.333,0,0,,5,6,11,2,3,1,0,3,13,+2,.464,.464,.214,.000,15.6,22.1,18.6,10.1,4.6,2.9,0.0,19.0,111,98
2058,201704120GSW,"10:30 PM, April 12, 2017",2017,Los Angeles Lakers,Golden State Warriors,1,Brandon Ingram,29:26,5,16,.313,0,0,,1,2,.500,1,4,5,5,3,0,5,2,11,-29,.326,.313,.000,.125,3.2,15.2,8.7,24.8,4.7,0.0,22.9,30.5,63,101
2059,201704120GSW,"10:30 PM, April 12, 2017",2017,Los Angeles Lakers,Golden State Warriors,1,Julius Randle,24:27,6,10,.600,0,0,,1,1,1.000,1,7,8,3,0,0,1,1,13,-12,.623,.600,.000,.100,3.8,32.0,16.7,20.2,0.0,0.0,8.7,19.2,121,106
2060,201704120GSW,"10:30 PM, April 12, 2017",2017,Los Angeles Lakers,Golden State Warriors,0,David Nwaba,25:20,2,4,.500,0,0,,1,2,.500,0,3,3,2,0,0,1,2,5,+2,.512,.500,.000,.500,0.0,13.2,6.0,10.2,0.0,0.0,17.0,9.5,95,113
2061,201704120GSW,"10:30 PM, April 12, 2017",2017,Los Angeles Lakers,Golden State Warriors,0,Corey Brewer,18:02,4,8,.500,0,0,,0,0,,0,2,2,2,4,0,1,4,8,0,.500,.500,.000,.000,0.0,12.4,5.7,17.5,10.3,0.0,11.1,20.4,95,89
2062,201704120GSW,"10:30 PM, April 12, 2017",2017,Los Angeles Lakers,Golden State Warriors,0,Thomas Robinson,18:01,2,5,.400,0,0,,0,0,,2,2,4,1,0,0,4,1,4,-10,.400,.400,.000,.000,10.4,12.4,11.3,7.5,0.0,0.0,44.4,20.5,56,113
2063,201704120GSW,"10:30 PM, April 12, 2017",2017,Los Angeles Lakers,Golden State Warriors,0,Tarik Black,13:48,2,2,1.000,0,0,,2,2,1.000,2,1,3,0,0,0,1,3,6,-8,1.042,1.000,.000,1.000,13.6,8.1,11.1,0.0,0.0,0.0,25.8,11.5,155,114
2064,201704120GSW,"10:30 PM, April 12, 2017",2017,Los Angeles Lakers,Golden State Warriors,0,Metta World Peace,10:05,1,6,.167,0,2,.000,1,2,.500,0,1,1,1,2,0,0,2,3,+8,.218,.167,.333,.333,0.0,11.1,5.1,13.1,9.2,0.0,0.0,28.0,56,92
2065,201704120GSW,"10:30 PM, April 12, 2017",2017,Los Angeles Lakers,Golden State Warriors,0,Luol Deng,0:00,0.0,0.0,0.0,0.0,0.0,0.0,0.0,0.0,0.0,0.0,0.0,0.0,0.0,0.0,0.0,0.0,0.0,0.0,0.0,0.0,0.0,0.0,0.0,0.0,0.0,0.0,0.0,0.0,0.0,0.0,0.0,0.0,0.0
2066,201704120GSW,"10:30 PM, April 12, 2017",2017,Los Angeles Lakers,Golden State Warriors,0,Timofey Mozgov,0:00,0.0,0.0,0.0,0.0,0.0,0.0,0.0,0.0,0.0,0.0,0.0,0.0,0.0,0.0,0.0,0.0,0.0,0.0,0.0,0.0,0.0,0.0,0.0,0.0,0.0,0.0,0.0,0.0,0.0,0.0,0.0,0.0,0.0
2067,201704120GSW,"10:30 PM, April 12, 2017",2017,Los Angeles Lakers,Golden State Warriors,0,Nick Young,0:00,0.0,0.0,0.0,0.0,0.0,0.0,0.0,0.0,0.0,0.0,0.0,0.0,0.0,0.0,0.0,0.0,0.0,0.0,0.0,0.0,0.0,0.0,0.0,0.0,0.0,0.0,0.0,0.0,0.0,0.0,0.0,0.0,0.0
2068,201704120GSW,"10:30 PM, April 12, 2017",2017,Golden State Warriors,Los Angeles Lakers,1,Stephen Curry,28:27,6,17,.353,5,14,.357,3,4,.750,0,5,5,8,2,0,6,1,20,+27,.533,.500,.824,.235,0.0,16.5,9.0,43.7,3.3,0.0,24.2,34.9,98,92
2069,201704120GSW,"10:30 PM, April 12, 2017",2017,Golden State Warriors,Los Angeles Lakers,1,James Michael McAdoo,27:50,3,6,.500,0,0,,2,2,1.000,2,3,5,1,4,2,1,2,8,+15,.581,.500,.000,.333,8.0,10.1,9.2,4.8,6.7,4.5,12.7,11.4,121,82
2070,201704120GSW,"10:30 PM, April 12, 2017",2017,Golden State Warriors,Los Angeles Lakers,1,Kevin Durant,27:09,11,16,.688,5,7,.714,2,4,.500,0,8,8,5,1,1,3,1,29,+28,.816,.844,.438,.250,0.0,27.7,15.0,41.0,1.7,2.3,14.5,30.7,137,90
2071,201704120GSW,"10:30 PM, April 12, 2017",2017,Golden State Warriors,Los Angeles Lakers,1,Klay Thompson,25:59,4,12,.333,1,5,.200,3,4,.750,1,1,2,2,2,0,0,0,12,+11,.436,.375,.417,.333,4.3,3.6,3.9,11.0,3.6,0.0,0.0,21.2,110,94
2072,201704120GSW,"10:30 PM, April 12, 2017",2017,Golden State Warriors,Los Angeles Lakers,1,Zaza Pachulia,12:13,2,3,.667,0,1,.000,2,2,1.000,3,3,6,2,0,1,0,0,6,+16,.773,.667,.333,.667,27.4,23.1,25.1,23.7,0.0,5.2,0.0,12.7,185,92
2073,201704120GSW,"10:30 PM, April 12, 2017",2017,Golden State Warriors,Los Angeles Lakers,0,Patrick McCaw,28:03,5,12,.417,1,5,.200,2,2,1.000,2,2,4,1,0,1,1,1,13,+2,.505,.458,.417,.167,8.0,6.7,7.3,5.3,0.0,2.3,7.2,19.8,110,99
2074,201704120GSW,"10:30 PM, April 12, 2017",2017,Golden State Warriors,Los Angeles Lakers,0,Ian Clark,22:14,2,8,.250,0,4,.000,0,0,,0,4,4,3,1,0,2,1,4,-6,.250,.250,.500,.000,0.0,16.9,9.2,17.7,2.1,0.0,20.0,18.0,62,94
2075,201704120GSW,"10:30 PM, April 12, 2017",2017,Golden State Warriors,Los Angeles Lakers,0,Damian Jones,19:08,2,3,.667,0,0,,0,2,.000,0,7,7,0,0,2,1,3,4,-12,.515,.667,.000,.667,0.0,34.4,18.7,0.0,0.0,6.6,20.5,10.2,73,87
2076,201704120GSW,"10:30 PM, April 12, 2017",2017,Golden State Warriors,Los Angeles Lakers,0,JaVale McGee,17:51,5,7,.714,0,0,,1,2,.500,2,3,5,1,1,1,1,4,11,+9,.698,.714,.000,.286,12.5,15.8,14.3,9.8,2.6,3.5,11.3,20.0,130,89
2077,201704120GSW,"10:30 PM, April 12, 2017",2017,Golden State Warriors,Los Angeles Lakers,0,Shaun Livingston,17:29,0,3,.000,0,0,,0,0,,1,3,4,2,2,0,1,0,0,-3,.000,.000,.000,.000,6.4,16.1,11.7,13.4,5.3,0.0,25.0,9.2,46,88
2078,201704120GSW,"10:30 PM, April 12, 2017",2017,Golden State Warriors,Los Angeles Lakers,0,David West,13:37,1,3,.333,0,0,,0,0,,3,1,4,1,1,0,4,4,2,-12,.333,.333,.000,.000,24.6,6.9,15.0,9.4,3.4,0.0,57.1,20.6,54,92
2079,201704120HOU,"8:00 PM, April 12, 2017",2017,Minnesota Timberwolves,Houston Rockets,1,Karl-Anthony Towns,36:09,12,17,.706,3,4,.750,1,1,1.000,1,20,21,3,1,0,0,2,28,+2,.803,.794,.235,.059,3.2,48.3,29.0,12.4,1.3,0.0,0.0,20.6,159,109
2080,201704120HOU,"8:00 PM, April 12, 2017",2017,Minnesota Timberwolves,Houston Rockets,1,Kris Dunn,32:16,5,13,.385,0,2,.000,0,0,,0,2,2,16,1,2,3,4,10,+3,.385,.385,.154,.000,0.0,5.4,3.1,58.7,1.5,7.3,18.8,21.1,107,123
2081,201704120HOU,"8:00 PM, April 12, 2017",2017,Minnesota Timberwolves,Houston Rockets,1,Andrew Wiggins,30:19,7,17,.412,2,5,.400,5,7,.714,0,2,2,3,1,0,4,2,21,-33,.523,.471,.294,.412,0.0,5.8,3.3,12.9,1.6,0.0,16.6,33.9,92,126
2082,201704120HOU,"8:00 PM, April 12, 2017",2017,Minnesota Timberwolves,Houston Rockets,1,Gorgui Dieng,27:21,3,8,.375,0,0,,0,0,,3,5,8,2,0,0,3,2,6,-30,.375,.375,.000,.000,12.8,16.0,14.6,8.2,0.0,0.0,27.3,17.1,78,126
2083,201704120HOU,"8:00 PM, April 12, 2017",2017,Minnesota Timberwolves,Houston Rockets,1,Brandon Rush,24:19,3,3,1.000,2,2,1.000,0,0,,1,1,2,2,0,0,2,0,8,-13,1.333,1.333,.667,.000,4.8,3.6,4.1,9.4,0.0,0.0,40.0,8.8,129,131
2084,201704120HOU,"8:00 PM, April 12, 2017",2017,Minnesota Timberwolves,Houston Rockets,0,Tyus Jones,28:07,6,9,.667,3,4,.750,2,2,1.000,1,3,4,7,2,1,1,1,17,+10,.860,.833,.444,.222,4.2,9.3,7.1,31.7,3.4,4.2,9.2,16.5,164,119
2085,201704120HOU,"8:00 PM, April 12, 2017",2017,Minnesota Timberwolves,Houston Rockets,0,Shabazz Muhammad,21:52,9,18,.500,1,6,.167,3,5,.600,1,1,2,1,2,0,1,1,22,+10,.545,.528,.333,.278,5.4,4.0,4.6,7.8,4.4,0.0,4.7,41.3,107,120
2086,201704120HOU,"8:00 PM, April 12, 2017",2017,Minnesota Timberwolves,Houston Rockets,0,Omri Casspi,19:02,2,4,.500,0,0,,0,0,,2,1,3,2,0,0,0,2,4,-7,.500,.500,.000,.000,12.3,4.6,7.9,11.7,0.0,0.0,0.0,9.0,137,130
2087,201704120HOU,"8:00 PM, April 12, 2017",2017,Minnesota Timberwolves,Houston Rockets,0,Cole Aldrich,15:20,1,2,.500,0,0,,0,0,,1,3,4,0,0,0,1,1,2,+19,.500,.500,.000,.000,7.6,17.1,13.0,0.0,0.0,0.0,33.3,8.3,80,125
2088,201704120HOU,"8:00 PM, April 12, 2017",2017,Minnesota Timberwolves,Houston Rockets,0,Adreian Payne,5:15,0,0,,0,0,,0,0,,0,1,1,1,0,0,0,0,0,+14,,,,,0.0,16.6,9.5,19.0,0.0,0.0,,0.0,223,126
2089,201704120HOU,"8:00 PM, April 12, 2017",2017,Minnesota Timberwolves,Houston Rockets,0,Ricky Rubio,0:00,0.0,0.0,0.0,0.0,0.0,0.0,0.0,0.0,0.0,0.0,0.0,0.0,0.0,0.0,0.0,0.0,0.0,0.0,0.0,0.0,0.0,0.0,0.0,0.0,0.0,0.0,0.0,0.0,0.0,0.0,0.0,0.0,0.0
2090,201704120HOU,"8:00 PM, April 12, 2017",2017,Minnesota Timberwolves,Houston Rockets,0,Jordan Hill,0:00,0.0,0.0,0.0,0.0,0.0,0.0,0.0,0.0,0.0,0.0,0.0,0.0,0.0,0.0,0.0,0.0,0.0,0.0,0.0,0.0,0.0,0.0,0.0,0.0,0.0,0.0,0.0,0.0,0.0,0.0,0.0,0.0,0.0
2091,201704120HOU,"8:00 PM, April 12, 2017",2017,Houston Rockets,Minnesota Timberwolves,1,Trevor Ariza,37:35,6,14,.429,2,8,.250,1,2,.500,2,3,5,6,1,1,0,1,15,+10,.504,.500,.571,.143,4.6,9.3,6.7,20.5,1.3,1.9,0.0,16.3,128,121
2092,201704120HOU,"8:00 PM, April 12, 2017",2017,Houston Rockets,Minnesota Timberwolves,1,James Harden,34:55,8,13,.615,5,10,.500,6,8,.750,1,9,10,12,4,1,4,3,27,+19,.817,.808,.769,.615,2.5,30.2,14.3,48.5,5.5,2.0,19.5,24.2,143,107
2093,201704120HOU,"8:00 PM, April 12, 2017",2017,Houston Rockets,Minnesota Timberwolves,1,Ryan Anderson,32:09,7,17,.412,6,15,.400,0,0,,1,1,2,4,0,0,0,2,20,+17,.588,.588,.882,.000,2.7,3.6,3.1,17.3,0.0,0.0,0.0,21.8,129,127
2094,201704120HOU,"8:00 PM, April 12, 2017",2017,Houston Rockets,Minnesota Timberwolves,1,Patrick Beverley,30:48,3,9,.333,2,6,.333,2,3,.667,5,5,10,7,3,0,1,2,10,+13,.484,.444,.667,.333,14.2,19.0,16.2,27.1,4.7,0.0,8.8,15.1,134,113
2095,201704120HOU,"8:00 PM, April 12, 2017",2017,Houston Rockets,Minnesota Timberwolves,1,Clint Capela,29:51,11,12,.917,0,0,,0,3,.000,5,5,10,2,1,3,2,1,22,+18,.826,.917,.000,.250,14.6,19.6,16.8,11.8,1.6,7.1,13.1,21.1,140,114
2096,201704120HOU,"8:00 PM, April 12, 2017",2017,Houston Rockets,Minnesota Timberwolves,0,Eric Gordon,26:42,4,12,.333,3,10,.300,0,0,,1,2,3,2,0,1,0,3,11,-1,.458,.458,.833,.000,3.3,8.8,5.6,9.5,0.0,2.6,0.0,18.5,107,123
2097,201704120HOU,"8:00 PM, April 12, 2017",2017,Houston Rockets,Minnesota Timberwolves,0,Lou Williams,24:55,1,11,.091,1,7,.143,4,4,1.000,0,5,5,4,1,0,2,0,7,-24,.274,.136,.636,.364,0.0,23.5,10.0,17.9,1.9,0.0,13.6,24.4,72,119
2098,201704120HOU,"8:00 PM, April 12, 2017",2017,Houston Rockets,Minnesota Timberwolves,0,Nene Hilario,16:48,4,7,.571,0,0,,1,2,.500,1,1,2,0,1,1,1,1,9,-8,.571,.571,.000,.286,5.2,7.0,6.0,0.0,2.9,4.2,11.3,21.7,102,116
2099,201704120HOU,"8:00 PM, April 12, 2017",2017,Houston Rockets,Minnesota Timberwolves,0,Troy Williams,2:44,1,2,.500,0,0,,0,0,,0,0,0,0,0,0,0,0,2,-4,.500,.500,.000,.000,0.0,0.0,0.0,0.0,0.0,0.0,0.0,30.1,99,127
2100,201704120HOU,"8:00 PM, April 12, 2017",2017,Houston Rockets,Minnesota Timberwolves,0,Kyle Wiltjer,1:21,0,0,,0,0,,0,0,,0,0,0,0,0,0,0,0,0,-5,,,,,0.0,0.0,0.0,0.0,0.0,0.0,,0.0,0,127
2101,201704120HOU,"8:00 PM, April 12, 2017",2017,Houston Rockets,Minnesota Timberwolves,0,Isaiah Taylor,1:06,0,0,,0,0,,0,0,,0,0,0,0,0,0,0,1,0,-5,,,,,0.0,0.0,0.0,0.0,0.0,0.0,,0.0,0,127
2102,201704120HOU,"8:00 PM, April 12, 2017",2017,Houston Rockets,Minnesota Timberwolves,0,Bobby Brown,1:06,0,0,,0,0,,0,0,,0,0,0,0,0,0,0,0,0,-5,,,,,0.0,0.0,0.0,0.0,0.0,0.0,,0.0,0,125
2103,201704120HOU,"8:00 PM, April 12, 2017",2017,Houston Rockets,Minnesota Timberwolves,0,Montrezl Harrell,0:00,0.0,0.0,0.0,0.0,0.0,0.0,0.0,0.0,0.0,0.0,0.0,0.0,0.0,0.0,0.0,0.0,0.0,0.0,0.0,0.0,0.0,0.0,0.0,0.0,0.0,0.0,0.0,0.0,0.0,0.0,0.0,0.0,0.0
2104,201704120IND,"8:00 PM, April 12, 2017",2017,Atlanta Hawks,Indiana Pacers,1,DeAndre' Bembry,31:42,3,6,.500,1,2,.500,0,0,,2,5,7,2,1,1,2,3,7,-8,.583,.583,.333,.000,7.4,20.5,13.6,11.9,1.7,2.6,25.0,12.3,100,113
2105,201704120IND,"8:00 PM, April 12, 2017",2017,Atlanta Hawks,Indiana Pacers,1,Jose Calderon,29:32,5,8,.625,2,4,.500,0,0,,0,2,2,5,0,0,3,1,12,-9,.750,.750,.500,.000,0.0,8.8,4.2,37.2,0.0,0.0,27.3,18.2,114,122
2106,201704120IND,"8:00 PM, April 12, 2017",2017,Atlanta Hawks,Indiana Pacers,1,Kris Humphries,27:46,2,9,.222,0,3,.000,1,4,.250,4,4,8,0,0,2,0,2,5,-8,.232,.222,.333,.444,16.9,18.7,17.7,0.0,0.0,6.0,0.0,18.9,70,115
2107,201704120IND,"8:00 PM, April 12, 2017",2017,Atlanta Hawks,Indiana Pacers,1,Taurean Waller-Prince,24:40,4,8,.500,1,3,.333,2,3,.667,0,2,2,2,1,0,1,4,11,-4,.590,.563,.375,.375,0.0,10.5,5.0,17.5,2.2,0.0,9.7,20.4,112,117
2108,201704120IND,"8:00 PM, April 12, 2017",2017,Atlanta Hawks,Indiana Pacers,1,Ersan Ilyasova,18:01,6,10,.600,1,3,.333,2,2,1.000,0,3,3,2,1,0,3,2,15,-2,.689,.650,.300,.200,0.0,21.6,10.2,38.0,3.0,0.0,21.6,37.6,103,113
2109,201704120IND,"8:00 PM, April 12, 2017",2017,Atlanta Hawks,Indiana Pacers,0,Malcolm Delaney,26:07,2,7,.286,1,3,.333,5,5,1.000,0,2,2,5,2,0,3,2,10,-13,.543,.357,.429,.714,0.0,9.9,4.7,34.9,4.1,0.0,24.6,22.8,101,113
2110,201704120IND,"8:00 PM, April 12, 2017",2017,Atlanta Hawks,Indiana Pacers,0,Thabo Sefolosha,23:22,0,3,.000,0,1,.000,0,0,,1,3,4,0,0,0,3,0,0,-15,.000,.000,.333,.000,5.0,16.7,10.5,0.0,0.0,0.0,50.0,12.5,11,120
2111,201704120IND,"8:00 PM, April 12, 2017",2017,Atlanta Hawks,Indiana Pacers,0,Ryan Kelly,21:30,3,8,.375,2,2,1.000,0,0,,1,2,3,0,0,0,1,0,8,-15,.500,.500,.250,.000,5.4,12.1,8.6,0.0,0.0,0.0,11.1,20.4,89,121
2112,201704120IND,"8:00 PM, April 12, 2017",2017,Atlanta Hawks,Indiana Pacers,0,Mike Muscala,20:14,3,7,.429,2,4,.500,2,2,1.000,0,3,3,2,0,1,1,1,10,-10,.635,.571,.571,.286,0.0,19.2,9.1,20.7,0.0,4.1,11.3,21.4,119,116
2113,201704120IND,"8:00 PM, April 12, 2017",2017,Atlanta Hawks,Indiana Pacers,0,Mike Dunleavy,17:06,2,6,.333,1,4,.250,3,3,1.000,0,3,3,1,0,0,1,0,8,-6,.546,.417,.667,.500,0.0,22.8,10.8,11.5,0.0,0.0,12.0,23.7,104,119
2114,201704120IND,"8:00 PM, April 12, 2017",2017,Atlanta Hawks,Indiana Pacers,0,Dwight Howard,0:00,0.0,0.0,0.0,0.0,0.0,0.0,0.0,0.0,0.0,0.0,0.0,0.0,0.0,0.0,0.0,0.0,0.0,0.0,0.0,0.0,0.0,0.0,0.0,0.0,0.0,0.0,0.0,0.0,0.0,0.0,0.0,0.0,0.0
2115,201704120IND,"8:00 PM, April 12, 2017",2017,Atlanta Hawks,Indiana Pacers,0,Tim Hardaway,0:00,0.0,0.0,0.0,0.0,0.0,0.0,0.0,0.0,0.0,0.0,0.0,0.0,0.0,0.0,0.0,0.0,0.0,0.0,0.0,0.0,0.0,0.0,0.0,0.0,0.0,0.0,0.0,0.0,0.0,0.0,0.0,0.0,0.0
2116,201704120IND,"8:00 PM, April 12, 2017",2017,Atlanta Hawks,Indiana Pacers,0,Dennis Schroder,0:00,0.0,0.0,0.0,0.0,0.0,0.0,0.0,0.0,0.0,0.0,0.0,0.0,0.0,0.0,0.0,0.0,0.0,0.0,0.0,0.0,0.0,0.0,0.0,0.0,0.0,0.0,0.0,0.0,0.0,0.0,0.0,0.0,0.0
2117,201704120IND,"8:00 PM, April 12, 2017",2017,Indiana Pacers,Atlanta Hawks,1,Paul George,39:40,12,21,.571,5,10,.500,3,3,1.000,0,11,11,3,1,0,1,3,32,+15,.717,.690,.476,.143,0.0,32.5,17.1,14.8,1.4,0.0,4.3,28.1,140,94
2118,201704120IND,"8:00 PM, April 12, 2017",2017,Indiana Pacers,Atlanta Hawks,1,Thaddeus Young,36:09,4,8,.500,0,0,,1,2,.500,4,4,8,1,2,0,2,0,9,+22,.507,.500,.000,.250,14.4,13.0,13.6,3.9,3.0,0.0,18.4,14.4,104,95
2119,201704120IND,"8:00 PM, April 12, 2017",2017,Indiana Pacers,Atlanta Hawks,1,Myles Turner,32:50,7,14,.500,0,1,.000,4,4,1.000,3,5,8,2,0,6,1,2,18,+13,.571,.500,.071,.286,11.9,17.8,15.0,10.2,0.0,20.4,6.0,24.4,123,87
2120,201704120IND,"8:00 PM, April 12, 2017",2017,Indiana Pacers,Atlanta Hawks,1,Jeff Teague,32:00,6,9,.667,1,2,.500,6,8,.750,0,0,0,7,0,0,1,1,19,+13,.759,.722,.222,.889,0.0,0.0,0.0,35.0,0.0,0.0,7.4,20.2,155,106
2121,201704120IND,"8:00 PM, April 12, 2017",2017,Indiana Pacers,Atlanta Hawks,1,Monta Ellis,23:40,0,4,.000,0,1,.000,0,0,,0,0,0,1,1,0,0,2,0,+14,.000,.000,.250,.000,0.0,0.0,0.0,5.2,2.3,0.0,0.0,8.1,18,100
2122,201704120IND,"8:00 PM, April 12, 2017",2017,Indiana Pacers,Atlanta Hawks,0,Lance Stephenson,22:56,2,7,.286,0,1,.000,0,0,,1,9,10,6,1,1,3,2,4,+2,.286,.286,.143,.000,5.7,45.9,26.8,36.1,2.3,4.9,30.0,20.9,75,84
2123,201704120IND,"8:00 PM, April 12, 2017",2017,Indiana Pacers,Atlanta Hawks,0,C.J. Miles,20:42,3,8,.375,3,7,.429,0,0,,0,2,2,1,0,0,0,1,9,-1,.563,.563,.875,.000,0.0,11.3,5.9,7.2,0.0,0.0,0.0,18.5,118,103
2124,201704120IND,"8:00 PM, April 12, 2017",2017,Indiana Pacers,Atlanta Hawks,0,Aaron Brooks,16:53,2,3,.667,1,2,.500,0,0,,0,0,0,0,0,0,0,1,5,+7,.833,.833,.667,.000,0.0,0.0,0.0,0.0,0.0,0.0,0.0,8.5,161,106
2125,201704120IND,"8:00 PM, April 12, 2017",2017,Indiana Pacers,Atlanta Hawks,0,Kevin Seraphin,15:10,3,8,.375,0,0,,2,2,1.000,0,2,2,0,0,0,2,2,8,+5,.450,.375,.000,.250,0.0,15.4,8.1,0.0,0.0,0.0,18.4,34.3,75,101
2126,201704120IND,"8:00 PM, April 12, 2017",2017,Indiana Pacers,Atlanta Hawks,0,Rakeem Christmas,0:00,0.0,0.0,0.0,0.0,0.0,0.0,0.0,0.0,0.0,0.0,0.0,0.0,0.0,0.0,0.0,0.0,0.0,0.0,0.0,0.0,0.0,0.0,0.0,0.0,0.0,0.0,0.0,0.0,0.0,0.0,0.0,0.0,0.0
2127,201704120IND,"8:00 PM, April 12, 2017",2017,Indiana Pacers,Atlanta Hawks,0,Joe Young,0:00,0.0,0.0,0.0,0.0,0.0,0.0,0.0,0.0,0.0,0.0,0.0,0.0,0.0,0.0,0.0,0.0,0.0,0.0,0.0,0.0,0.0,0.0,0.0,0.0,0.0,0.0,0.0,0.0,0.0,0.0,0.0,0.0,0.0
2128,201704120IND,"8:00 PM, April 12, 2017",2017,Indiana Pacers,Atlanta Hawks,0,Lavoy Allen,0:00,0.0,0.0,0.0,0.0,0.0,0.0,0.0,0.0,0.0,0.0,0.0,0.0,0.0,0.0,0.0,0.0,0.0,0.0,0.0,0.0,0.0,0.0,0.0,0.0,0.0,0.0,0.0,0.0,0.0,0.0,0.0,0.0,0.0
2129,201704120LAC,"10:30 PM, April 12, 2017",2017,Sacramento Kings,Los Angeles Clippers,1,Langston Galloway,41:51,4,11,.364,2,2,1.000,4,4,1.000,1,3,4,6,1,0,2,2,14,-16,.549,.455,.182,.364,2.9,8.4,5.7,19.4,1.3,0.0,13.6,17.4,111,131
2130,201704120LAC,"10:30 PM, April 12, 2017",2017,Sacramento Kings,Los Angeles Clippers,1,Buddy Hield,37:13,7,15,.467,2,4,.500,0,1,.000,2,4,6,4,0,0,2,3,16,-13,.518,.533,.267,.067,6.6,12.6,9.7,16.7,0.0,0.0,11.5,23.2,100,132
2131,201704120LAC,"10:30 PM, April 12, 2017",2017,Sacramento Kings,Los Angeles Clippers,1,Willie Cauley-Stein,35:14,9,18,.500,0,0,,1,1,1.000,2,12,14,6,0,1,2,2,19,-21,.515,.500,.000,.056,7.0,39.9,23.8,29.5,0.0,2.5,9.8,28.7,105,123
2132,201704120LAC,"10:30 PM, April 12, 2017",2017,Sacramento Kings,Los Angeles Clippers,1,Arron Afflalo,34:26,8,11,.727,0,0,,2,2,1.000,0,2,2,6,0,0,0,0,18,-19,.758,.727,.000,.182,0.0,6.8,3.5,29.0,0.0,0.0,0.0,17.0,159,134
2133,201704120LAC,"10:30 PM, April 12, 2017",2017,Sacramento Kings,Los Angeles Clippers,1,Skal Labissiere,32:32,3,7,.429,0,1,.000,1,2,.500,0,3,3,1,0,0,1,3,7,-8,.444,.429,.143,.286,0.0,10.8,5.5,4.1,0.0,0.0,11.3,13.5,82,133
2134,201704120LAC,"10:30 PM, April 12, 2017",2017,Sacramento Kings,Los Angeles Clippers,0,Ben McLemore,31:00,6,13,.462,1,3,.333,2,4,.500,1,6,7,1,1,0,0,5,15,-14,.508,.500,.231,.308,4.0,22.7,13.5,5.0,1.8,0.0,0.0,23.5,106,125
2135,201704120LAC,"10:30 PM, April 12, 2017",2017,Sacramento Kings,Los Angeles Clippers,0,Georgios Papagiannis,27:46,3,6,.500,0,1,.000,0,0,,1,0,1,3,0,0,3,3,6,-9,.500,.500,.167,.000,4.4,0.0,2.2,14.9,0.0,0.0,33.3,16.0,80,135
2136,201704120LAC,"10:30 PM, April 12, 2017",2017,Sacramento Kings,Los Angeles Clippers,0,Darren Collison,0:00,0.0,0.0,0.0,0.0,0.0,0.0,0.0,0.0,0.0,0.0,0.0,0.0,0.0,0.0,0.0,0.0,0.0,0.0,0.0,0.0,0.0,0.0,0.0,0.0,0.0,0.0,0.0,0.0,0.0,0.0,0.0,0.0,0.0
2137,201704120LAC,"10:30 PM, April 12, 2017",2017,Sacramento Kings,Los Angeles Clippers,0,Kosta Koufos,0:00,0.0,0.0,0.0,0.0,0.0,0.0,0.0,0.0,0.0,0.0,0.0,0.0,0.0,0.0,0.0,0.0,0.0,0.0,0.0,0.0,0.0,0.0,0.0,0.0,0.0,0.0,0.0,0.0,0.0,0.0,0.0,0.0,0.0
2138,201704120LAC,"10:30 PM, April 12, 2017",2017,Sacramento Kings,Los Angeles Clippers,0,Ty Lawson,0:00,0.0,0.0,0.0,0.0,0.0,0.0,0.0,0.0,0.0,0.0,0.0,0.0,0.0,0.0,0.0,0.0,0.0,0.0,0.0,0.0,0.0,0.0,0.0,0.0,0.0,0.0,0.0,0.0,0.0,0.0,0.0,0.0,0.0
2139,201704120LAC,"10:30 PM, April 12, 2017",2017,Sacramento Kings,Los Angeles Clippers,0,Tyreke Evans,0:00,0.0,0.0,0.0,0.0,0.0,0.0,0.0,0.0,0.0,0.0,0.0,0.0,0.0,0.0,0.0,0.0,0.0,0.0,0.0,0.0,0.0,0.0,0.0,0.0,0.0,0.0,0.0,0.0,0.0,0.0,0.0,0.0,0.0
2140,201704120LAC,"10:30 PM, April 12, 2017",2017,Sacramento Kings,Los Angeles Clippers,0,Garrett Temple,0:00,0.0,0.0,0.0,0.0,0.0,0.0,0.0,0.0,0.0,0.0,0.0,0.0,0.0,0.0,0.0,0.0,0.0,0.0,0.0,0.0,0.0,0.0,0.0,0.0,0.0,0.0,0.0,0.0,0.0,0.0,0.0,0.0,0.0
2141,201704120LAC,"10:30 PM, April 12, 2017",2017,Los Angeles Clippers,Sacramento Kings,1,DeAndre Jordan,36:04,8,10,.800,0,0,,2,4,.500,7,10,17,2,0,4,0,3,18,+19,.765,.800,.000,.400,22.7,34.1,28.3,8.2,0.0,7.6,0.0,15.7,171,100
2142,201704120LAC,"10:30 PM, April 12, 2017",2017,Los Angeles Clippers,Sacramento Kings,1,Chris Paul,34:41,6,12,.500,3,5,.600,2,2,1.000,1,4,5,9,2,0,1,1,17,+18,.660,.625,.417,.167,3.4,14.2,8.6,35.9,3.1,0.0,7.2,19.2,145,105
2143,201704120LAC,"10:30 PM, April 12, 2017",2017,Los Angeles Clippers,Sacramento Kings,1,Blake Griffin,33:39,6,14,.429,0,3,.000,3,3,1.000,2,7,9,8,1,0,0,2,15,+18,.490,.429,.214,.214,7.0,25.6,16.0,33.1,1.6,0.0,0.0,21.9,131,107
2144,201704120LAC,"10:30 PM, April 12, 2017",2017,Los Angeles Clippers,Sacramento Kings,1,Luc Mbah a Moute,32:33,6,8,.750,2,3,.667,0,3,.000,0,3,3,0,0,1,2,1,14,+17,.751,.875,.375,.375,0.0,11.3,5.5,0.0,0.0,2.1,17.7,16.7,102,110
2145,201704120LAC,"10:30 PM, April 12, 2017",2017,Los Angeles Clippers,Sacramento Kings,1,J.J. Redick,28:54,6,13,.462,3,7,.429,3,3,1.000,0,2,2,4,0,1,0,1,18,+16,.628,.577,.538,.231,0.0,8.5,4.2,20.1,0.0,2.4,0.0,23.8,139,110
2146,201704120LAC,"10:30 PM, April 12, 2017",2017,Los Angeles Clippers,Sacramento Kings,0,Jamal Crawford,23:27,4,7,.571,1,2,.500,4,4,1.000,0,0,0,3,0,0,0,0,13,+13,.742,.643,.286,.571,0.0,0.0,0.0,17.6,0.0,0.0,0.0,17.9,164,115
2147,201704120LAC,"10:30 PM, April 12, 2017",2017,Los Angeles Clippers,Sacramento Kings,0,Marreese Speights,17:24,3,8,.375,1,5,.200,0,0,,1,3,4,1,0,0,3,4,7,+7,.438,.438,.625,.000,6.7,21.2,13.8,7.9,0.0,0.0,27.3,30.3,72,110
2148,201704120LAC,"10:30 PM, April 12, 2017",2017,Los Angeles Clippers,Sacramento Kings,0,Raymond Felton,16:50,2,5,.400,0,0,,0,0,,0,1,1,2,1,0,0,2,4,+1,.400,.400,.000,.000,0.0,7.3,3.6,15.3,3.2,0.0,0.0,14.3,103,106
2149,201704120LAC,"10:30 PM, April 12, 2017",2017,Los Angeles Clippers,Sacramento Kings,0,Brandon Bass,8:53,1,2,.500,0,0,,5,6,.833,0,1,1,0,0,0,0,1,7,-4,.754,.500,.000,3.000,0.0,13.9,6.8,0.0,0.0,0.0,0.0,25.1,166,112
2150,201704120LAC,"10:30 PM, April 12, 2017",2017,Los Angeles Clippers,Sacramento Kings,0,Wesley Johnson,5:51,1,2,.500,0,1,.000,0,0,,0,1,1,0,0,0,0,0,2,-2,.500,.500,.500,.000,0.0,21.0,10.3,0.0,0.0,0.0,0.0,16.4,101,111
2151,201704120LAC,"10:30 PM, April 12, 2017",2017,Los Angeles Clippers,Sacramento Kings,0,Paul Pierce,1:43,0,2,.000,0,2,.000,0,0,,0,0,0,0,0,0,0,0,0,-3,.000,.000,1.000,.000,0.0,0.0,0.0,0.0,0.0,0.0,0.0,55.9,0,115
2152,201704120LAC,"10:30 PM, April 12, 2017",2017,Los Angeles Clippers,Sacramento Kings,0,Brice Johnson,0:00,0.0,0.0,0.0,0.0,0.0,0.0,0.0,0.0,0.0,0.0,0.0,0.0,0.0,0.0,0.0,0.0,0.0,0.0,0.0,0.0,0.0,0.0,0.0,0.0,0.0,0.0,0.0,0.0,0.0,0.0,0.0,0.0,0.0
2153,201704120LAC,"10:30 PM, April 12, 2017",2017,Los Angeles Clippers,Sacramento Kings,0,Alan Anderson,0:00,0.0,0.0,0.0,0.0,0.0,0.0,0.0,0.0,0.0,0.0,0.0,0.0,0.0,0.0,0.0,0.0,0.0,0.0,0.0,0.0,0.0,0.0,0.0,0.0,0.0,0.0,0.0,0.0,0.0,0.0,0.0,0.0,0.0
2154,201704120MEM,"8:00 PM, April 12, 2017",2017,Dallas Mavericks,Memphis Grizzlies,1,Nicolas Brussino,36:38,4,8,.500,4,8,.500,3,3,1.000,2,6,8,2,2,0,3,2,15,+6,.805,.750,1.000,.375,6.6,17.5,12.3,9.4,2.9,0.0,24.4,16.0,123,102
2155,201704120MEM,"8:00 PM, April 12, 2017",2017,Dallas Mavericks,Memphis Grizzlies,1,Dwight Powell,34:22,2,11,.182,2,9,.222,6,6,1.000,1,2,3,0,1,0,2,4,12,-6,.440,.273,.818,.545,3.5,6.2,4.9,0.0,1.6,0.0,12.8,21.7,86,111
2156,201704120MEM,"8:00 PM, April 12, 2017",2017,Dallas Mavericks,Memphis Grizzlies,1,Dorian Finney-Smith,30:52,3,9,.333,1,5,.200,0,0,,0,5,5,5,1,0,1,2,7,+2,.389,.389,.556,.000,0.0,17.3,9.1,27.4,1.7,0.0,10.0,15.5,91,105
2157,201704120MEM,"8:00 PM, April 12, 2017",2017,Dallas Mavericks,Memphis Grizzlies,1,Yogi Ferrell,28:14,2,9,.222,1,4,.250,2,3,.667,0,1,1,5,1,1,2,3,7,-5,.339,.278,.444,.333,0.0,3.8,2.0,28.7,1.9,2.9,16.2,20.8,78,110
2158,201704120MEM,"8:00 PM, April 12, 2017",2017,Dallas Mavericks,Memphis Grizzlies,1,Nerlens Noel,22:38,4,8,.500,0,0,,2,2,1.000,1,6,7,0,1,1,2,0,10,-11,.563,.500,.000,.250,5.3,28.3,17.5,0.0,2.4,3.6,18.4,22.9,94,96
2159,201704120MEM,"8:00 PM, April 12, 2017",2017,Dallas Mavericks,Memphis Grizzlies,0,DeAndre Liggins,24:37,3,6,.500,0,1,.000,2,3,.667,3,4,7,0,2,0,0,3,8,+7,.546,.500,.167,.500,14.6,17.3,16.1,0.0,4.4,0.0,0.0,14.2,129,99
2160,201704120MEM,"8:00 PM, April 12, 2017",2017,Dallas Mavericks,Memphis Grizzlies,0,Devin Harris,19:48,6,12,.500,0,5,.000,3,4,.750,0,2,2,8,1,0,1,0,15,+11,.545,.500,.417,.333,0.0,10.8,5.7,100.0,2.7,0.0,6.8,35.6,124,106
2161,201704120MEM,"8:00 PM, April 12, 2017",2017,Dallas Mavericks,Memphis Grizzlies,0,Jarrod Uthoff,19:07,4,6,.667,0,1,.000,3,4,.750,0,1,1,1,0,1,0,0,11,+15,.709,.667,.167,.667,0.0,5.6,3.0,10.9,0.0,4.3,0.0,19.4,146,113
2162,201704120MEM,"8:00 PM, April 12, 2017",2017,Dallas Mavericks,Memphis Grizzlies,0,A.J. Hammons,12:00,3,4,.750,0,0,,3,4,.750,0,1,1,0,0,2,1,2,9,+11,.781,.750,.000,1.000,0.0,8.9,4.7,0.0,0.0,13.6,14.8,26.9,126,106
2163,201704120MEM,"8:00 PM, April 12, 2017",2017,Dallas Mavericks,Memphis Grizzlies,0,Salah Mejri,11:44,2,2,1.000,1,1,1.000,1,2,.500,1,1,2,0,0,0,0,3,6,+5,1.042,1.250,.500,1.000,10.2,9.1,9.6,0.0,0.0,0.0,0.0,11.7,198,113
2164,201704120MEM,"8:00 PM, April 12, 2017",2017,Memphis Grizzlies,Dallas Mavericks,1,Marc Gasol,24:16,5,13,.385,1,2,.500,2,2,1.000,0,8,8,4,0,2,2,1,13,+9,.468,.423,.154,.154,0.0,39.6,18.6,34.2,0.0,9.6,12.6,29.2,101,104
2165,201704120MEM,"8:00 PM, April 12, 2017",2017,Memphis Grizzlies,Dallas Mavericks,1,Vince Carter,22:14,1,4,.250,1,4,.250,2,2,1.000,0,2,2,4,0,0,1,2,5,+7,.512,.375,1.000,.500,0.0,10.8,5.1,28.0,0.0,0.0,17.0,11.8,118,117
2166,201704120MEM,"8:00 PM, April 12, 2017",2017,Memphis Grizzlies,Dallas Mavericks,1,JaMychal Green,21:11,1,2,.500,1,2,.500,0,0,,0,5,5,1,0,0,0,2,3,-1,.750,.750,1.000,.000,0.0,28.3,13.3,7.4,0.0,0.0,0.0,4.2,170,113
2167,201704120MEM,"8:00 PM, April 12, 2017",2017,Memphis Grizzlies,Dallas Mavericks,1,Mike Conley,17:18,5,9,.556,2,5,.400,3,4,.750,0,2,2,2,1,0,0,0,15,+11,.697,.667,.556,.444,0.0,13.9,6.5,29.0,3.1,0.0,0.0,27.7,155,110
2168,201704120MEM,"8:00 PM, April 12, 2017",2017,Memphis Grizzlies,Dallas Mavericks,1,Tony Allen,5:50,2,4,.500,0,0,,0,0,,2,0,2,0,0,0,0,0,4,+6,.500,.500,.000,.000,36.6,0.0,19.4,0.0,0.0,0.0,0.0,30.6,122,120
2169,201704120MEM,"8:00 PM, April 12, 2017",2017,Memphis Grizzlies,Dallas Mavericks,0,Wayne Selden,31:13,4,7,.571,2,3,.667,0,0,,0,1,1,1,0,0,1,3,10,-12,.714,.714,.429,.000,0.0,3.8,1.8,5.7,0.0,0.0,12.5,11.4,129,119
2170,201704120MEM,"8:00 PM, April 12, 2017",2017,Memphis Grizzlies,Dallas Mavericks,0,Andrew Harrison,24:57,2,6,.333,0,3,.000,4,6,.667,1,3,4,1,1,2,0,4,8,-13,.463,.333,.500,1.000,4.3,14.4,9.1,6.6,2.2,9.4,0.0,15.4,117,105
2171,201704120MEM,"8:00 PM, April 12, 2017",2017,Memphis Grizzlies,Dallas Mavericks,0,Troy Daniels,24:12,1,9,.111,1,4,.250,0,0,,1,1,2,2,0,0,3,3,3,-7,.167,.167,.444,.000,4.4,5.0,4.7,12.8,0.0,0.0,25.0,22.1,43,118
2172,201704120MEM,"8:00 PM, April 12, 2017",2017,Memphis Grizzlies,Dallas Mavericks,0,Zach Randolph,19:34,7,14,.500,0,1,.000,1,1,1.000,1,4,5,2,0,0,2,2,15,-5,.519,.500,.071,.071,5.5,24.5,14.4,31.0,0.0,0.0,12.2,37.5,102,114
2173,201704120MEM,"8:00 PM, April 12, 2017",2017,Memphis Grizzlies,Dallas Mavericks,0,Wade Baldwin,18:16,3,8,.375,0,1,.000,3,3,1.000,1,3,4,0,2,0,4,2,9,-13,.483,.375,.125,.375,5.8,19.7,12.4,0.0,5.9,0.0,30.0,32.5,74,102
2174,201704120MEM,"8:00 PM, April 12, 2017",2017,Memphis Grizzlies,Dallas Mavericks,0,Brandan Wright,15:45,1,3,.333,0,0,,2,2,1.000,3,1,4,1,0,1,0,1,4,+1,.515,.333,.000,.667,20.3,7.6,14.3,10.2,0.0,7.4,0.0,11.0,148,113
2175,201704120MEM,"8:00 PM, April 12, 2017",2017,Memphis Grizzlies,Dallas Mavericks,0,Deyonta Davis,8:54,0,1,.000,0,0,,0,0,,2,1,3,0,0,0,0,3,0,-9,.000,.000,.000,.000,24.0,13.5,19.0,0.0,0.0,0.0,0.0,5.0,90,116
2176,201704120MEM,"8:00 PM, April 12, 2017",2017,Memphis Grizzlies,Dallas Mavericks,0,Jarell Martin,6:20,1,4,.250,0,0,,2,2,1.000,5,1,6,0,0,0,1,0,4,-9,.410,.250,.000,.500,84.2,18.9,53.5,0.0,0.0,0.0,17.0,41.4,107,115
2177,201704120MIA,"8:00 PM, April 12, 2017",2017,Washington Wizards,Miami Heat,1,Tomas Satoransky,30:02,1,7,.143,0,3,.000,0,0,,1,3,4,5,2,0,2,2,2,+4,.143,.143,.429,.000,3.6,12.0,7.5,19.8,3.4,0.0,22.2,13.9,58,114
2178,201704120MIA,"8:00 PM, April 12, 2017",2017,Washington Wizards,Miami Heat,1,Kelly Oubre,28:19,4,12,.333,0,2,.000,0,0,,1,2,3,1,3,0,0,1,8,0,.333,.333,.167,.000,3.8,8.5,6.0,4.8,5.4,0.0,0.0,19.7,78,111
2179,201704120MIA,"8:00 PM, April 12, 2017",2017,Washington Wizards,Miami Heat,1,Brandon Jennings,27:24,1,9,.111,0,5,.000,0,0,,0,3,3,5,1,0,0,2,2,-6,.111,.111,.556,.000,0.0,13.1,6.2,21.8,1.9,0.0,0.0,15.3,54,117
2180,201704120MIA,"8:00 PM, April 12, 2017",2017,Washington Wizards,Miami Heat,1,Marcin Gortat,25:21,8,9,.889,0,0,,0,1,.000,2,3,5,1,0,0,1,1,16,-11,.847,.889,.000,.111,8.4,14.2,11.1,7.1,0.0,0.0,9.6,19.2,152,121
2181,201704120MIA,"8:00 PM, April 12, 2017",2017,Washington Wizards,Miami Heat,1,Otto Porter,14:41,4,8,.500,0,2,.000,3,3,1.000,1,5,6,0,0,0,0,2,11,-8,.590,.500,.250,.375,7.3,40.9,23.1,0.0,0.0,0.0,0.0,29.5,126,113
2182,201704120MIA,"8:00 PM, April 12, 2017",2017,Washington Wizards,Miami Heat,0,Sheldon Mac,34:57,6,11,.545,1,4,.250,5,6,.833,0,4,4,0,0,0,2,1,18,-7,.660,.591,.364,.545,0.0,13.7,6.5,0.0,0.0,0.0,12.8,20.8,115,121
2183,201704120MIA,"8:00 PM, April 12, 2017",2017,Washington Wizards,Miami Heat,0,Trey Burke,30:41,10,13,.769,5,7,.714,2,2,1.000,0,0,0,4,1,0,2,0,27,-11,.973,.962,.538,.154,0.0,0.0,0.0,23.7,1.7,0.0,12.6,24.1,166,122
2184,201704120MIA,"8:00 PM, April 12, 2017",2017,Washington Wizards,Miami Heat,0,Bojan Bogdanovic,19:25,3,8,.375,1,2,.500,0,0,,1,0,1,1,0,0,0,1,7,-10,.438,.438,.250,.000,5.5,0.0,2.9,7.1,0.0,0.0,0.0,19.2,101,125
2185,201704120MIA,"8:00 PM, April 12, 2017",2017,Washington Wizards,Miami Heat,0,Daniel Ochefu,16:33,4,6,.667,0,0,,0,0,,2,1,3,1,1,0,0,1,8,+4,.667,.667,.000,.000,12.9,7.3,10.2,9.5,3.1,0.0,0.0,16.9,146,116
2186,201704120MIA,"8:00 PM, April 12, 2017",2017,Washington Wizards,Miami Heat,0,Chris McCullough,6:33,0,1,.000,0,1,.000,0,0,,0,2,2,0,1,0,1,0,0,+6,.000,.000,1.000,.000,0.0,36.6,17.2,0.0,7.8,0.0,50.0,14.2,0,97
2187,201704120MIA,"8:00 PM, April 12, 2017",2017,Washington Wizards,Miami Heat,0,Jason Smith,6:07,1,3,.333,0,0,,1,2,.500,0,3,3,0,0,0,2,2,3,-1,.387,.333,.000,.667,0.0,58.9,27.7,0.0,0.0,0.0,34.0,44.7,51,107
2188,201704120MIA,"8:00 PM, April 12, 2017",2017,Washington Wizards,Miami Heat,0,John Wall,0:00,0.0,0.0,0.0,0.0,0.0,0.0,0.0,0.0,0.0,0.0,0.0,0.0,0.0,0.0,0.0,0.0,0.0,0.0,0.0,0.0,0.0,0.0,0.0,0.0,0.0,0.0,0.0,0.0,0.0,0.0,0.0,0.0,0.0
2189,201704120MIA,"8:00 PM, April 12, 2017",2017,Washington Wizards,Miami Heat,0,Markieff Morris,0:00,0.0,0.0,0.0,0.0,0.0,0.0,0.0,0.0,0.0,0.0,0.0,0.0,0.0,0.0,0.0,0.0,0.0,0.0,0.0,0.0,0.0,0.0,0.0,0.0,0.0,0.0,0.0,0.0,0.0,0.0,0.0,0.0,0.0
2190,201704120MIA,"8:00 PM, April 12, 2017",2017,Miami Heat,Washington Wizards,1,Josh Richardson,37:10,6,12,.500,3,6,.500,0,0,,0,2,2,1,0,1,1,2,15,+6,.625,.625,.500,.000,0.0,5.7,3.0,3.4,0.0,2.1,7.7,15.2,127,111
2191,201704120MIA,"8:00 PM, April 12, 2017",2017,Miami Heat,Washington Wizards,1,Goran Dragic,36:59,11,21,.524,2,4,.500,4,4,1.000,2,2,4,5,1,0,7,2,28,+6,.615,.571,.190,.190,6.5,5.8,6.1,20.5,1.4,0.0,23.5,35.0,107,110
2192,201704120MIA,"8:00 PM, April 12, 2017",2017,Miami Heat,Washington Wizards,1,James Johnson,36:42,5,11,.455,0,3,.000,2,2,1.000,1,7,8,8,0,1,2,3,12,+6,.505,.455,.273,.182,3.3,20.3,12.3,26.5,0.0,2.1,14.4,16.5,120,108
2193,201704120MIA,"8:00 PM, April 12, 2017",2017,Miami Heat,Washington Wizards,1,Hassan Whiteside,30:58,10,17,.588,0,0,,4,6,.667,5,13,18,0,0,2,1,1,24,+10,.611,.588,.000,.353,19.4,44.8,32.8,0.0,0.0,5.1,4.8,29.0,133,100
2194,201704120MIA,"8:00 PM, April 12, 2017",2017,Miami Heat,Washington Wizards,1,Rodney McGruder,20:25,1,2,.500,0,1,.000,0,0,,2,0,2,2,0,0,2,0,2,0,.500,.500,.500,.000,11.8,0.0,5.5,10.8,0.0,0.0,50.0,8.5,89,114
2195,201704120MIA,"8:00 PM, April 12, 2017",2017,Miami Heat,Washington Wizards,0,Wayne Ellington,30:33,3,10,.300,3,9,.333,0,0,,0,7,7,1,0,0,0,0,9,+5,.450,.450,.900,.000,0.0,24.4,12.9,3.8,0.0,0.0,0.0,14.2,113,109
2196,201704120MIA,"8:00 PM, April 12, 2017",2017,Miami Heat,Washington Wizards,0,Tyler Johnson,18:53,2,4,.500,0,0,,0,0,,1,2,3,2,0,0,3,1,4,+7,.500,.500,.000,.000,6.4,11.3,9.0,12.4,0.0,0.0,42.9,16.1,76,112
2197,201704120MIA,"8:00 PM, April 12, 2017",2017,Miami Heat,Washington Wizards,0,Willie Reed,14:47,8,9,.889,0,0,,0,0,,3,3,6,0,0,0,1,3,16,+4,.889,.889,.000,.000,24.4,21.6,22.9,0.0,0.0,0.0,10.0,29.4,157,109
2198,201704120MIA,"8:00 PM, April 12, 2017",2017,Miami Heat,Washington Wizards,0,Okaro White,12:27,0,1,.000,0,0,,0,0,,0,0,0,0,1,0,0,0,0,0,.000,.000,.000,.000,0.0,0.0,0.0,0.0,4.1,0.0,0.0,3.5,0,105
2199,201704120MIA,"8:00 PM, April 12, 2017",2017,Miami Heat,Washington Wizards,0,Udonis Haslem,1:06,0,1,.000,0,1,.000,0,0,,0,1,1,0,0,0,0,1,0,-4,.000,.000,1.000,.000,0.0,97.0,51.3,0.0,0.0,0.0,0.0,39.6,0,93
2200,201704120MIA,"8:00 PM, April 12, 2017",2017,Miami Heat,Washington Wizards,0,Josh McRoberts,0:00,0.0,0.0,0.0,0.0,0.0,0.0,0.0,0.0,0.0,0.0,0.0,0.0,0.0,0.0,0.0,0.0,0.0,0.0,0.0,0.0,0.0,0.0,0.0,0.0,0.0,0.0,0.0,0.0,0.0,0.0,0.0,0.0,0.0
2201,201704120MIA,"8:00 PM, April 12, 2017",2017,Miami Heat,Washington Wizards,0,Luke Babbitt,0:00,0.0,0.0,0.0,0.0,0.0,0.0,0.0,0.0,0.0,0.0,0.0,0.0,0.0,0.0,0.0,0.0,0.0,0.0,0.0,0.0,0.0,0.0,0.0,0.0,0.0,0.0,0.0,0.0,0.0,0.0,0.0,0.0,0.0
2202,201704120NYK,"8:00 PM, April 12, 2017",2017,Philadelphia 76ers,New York Knicks,1,Justin Anderson,34:35,9,11,.818,3,4,.750,5,7,.714,0,2,2,3,3,1,2,3,26,+8,.923,.955,.364,.636,0.0,7.1,3.4,12.4,4.4,2.3,12.4,19.6,163,117
2203,201704120NYK,"8:00 PM, April 12, 2017",2017,Philadelphia 76ers,New York Knicks,1,Richaun Holmes,33:21,7,11,.636,0,2,.000,1,1,1.000,2,5,7,0,1,1,0,2,15,+5,.656,.636,.182,.091,6.9,18.5,12.4,0.0,1.5,2.4,0.0,14.5,148,119
2204,201704120NYK,"8:00 PM, April 12, 2017",2017,Philadelphia 76ers,New York Knicks,1,Alex Poythress,31:34,9,14,.643,0,3,.000,0,0,,3,3,6,1,1,1,0,3,18,-5,.643,.643,.214,.000,10.9,11.7,11.3,4.7,1.6,2.5,0.0,18.7,147,121
2205,201704120NYK,"8:00 PM, April 12, 2017",2017,Philadelphia 76ers,New York Knicks,1,Timothe Luwawu-Cabarrot,23:33,5,10,.500,1,3,.333,3,4,.750,0,2,2,3,0,0,3,5,14,-6,.595,.550,.300,.400,0.0,10.5,5.0,17.1,0.0,0.0,20.3,26.4,108,125
2206,201704120NYK,"8:00 PM, April 12, 2017",2017,Philadelphia 76ers,New York Knicks,1,T.J. McConnell,18:45,2,6,.333,0,0,,0,2,.000,0,3,3,8,1,0,2,1,4,+11,.291,.333,.000,.333,0.0,19.7,9.5,50.1,2.7,0.0,22.5,20.0,88,117
2207,201704120NYK,"8:00 PM, April 12, 2017",2017,Philadelphia 76ers,New York Knicks,0,Gerald Henderson,29:51,2,5,.400,0,0,,0,0,,0,0,0,3,1,1,0,0,4,+3,.400,.400,.000,.000,0.0,0.0,0.0,11.3,1.7,2.6,0.0,7.1,118,126
2208,201704120NYK,"8:00 PM, April 12, 2017",2017,Philadelphia 76ers,New York Knicks,0,Nik Stauskas,29:44,3,11,.273,2,6,.333,4,4,1.000,0,4,4,3,1,0,3,3,12,-3,.470,.364,.545,.364,0.0,16.6,8.0,11.8,1.7,0.0,19.0,22.4,96,120
2209,201704120NYK,"8:00 PM, April 12, 2017",2017,Philadelphia 76ers,New York Knicks,0,Tiago Splitter,21:37,5,12,.417,1,3,.333,1,2,.500,3,2,5,0,1,0,1,3,12,-9,.466,.458,.250,.167,15.9,11.4,13.7,0.0,2.3,0.0,7.2,27.1,107,120
2210,201704120NYK,"8:00 PM, April 12, 2017",2017,Philadelphia 76ers,New York Knicks,0,Shawn Long,17:00,4,13,.308,0,2,.000,0,0,,8,1,9,0,1,0,1,5,8,-9,.308,.308,.154,.000,53.8,7.2,31.4,0.0,3.0,0.0,7.1,34.7,96,120
2211,201704120NYK,"8:00 PM, April 12, 2017",2017,New York Knicks,Philadelphia 76ers,1,Ron Baker,29:21,3,6,.500,1,3,.333,1,2,.500,0,1,1,4,0,0,2,1,8,-4,.581,.583,.500,.333,0.0,3.9,2.0,18.1,0.0,0.0,22.5,12.5,114,127
2212,201704120NYK,"8:00 PM, April 12, 2017",2017,New York Knicks,Philadelphia 76ers,1,Maurice Ndour,24:49,2,6,.333,0,0,,1,2,.500,1,0,1,0,0,2,1,0,5,-18,.363,.333,.000,.333,5.0,0.0,2.4,0.0,0.0,5.5,12.7,13.1,83,125
2213,201704120NYK,"8:00 PM, April 12, 2017",2017,New York Knicks,Philadelphia 76ers,1,Carmelo Anthony,23:07,7,15,.467,0,1,.000,3,3,1.000,1,2,3,1,0,1,1,2,17,-8,.521,.467,.067,.200,5.3,9.9,7.7,7.8,0.0,3.0,5.8,31.0,121,123
2214,201704120NYK,"8:00 PM, April 12, 2017",2017,New York Knicks,Philadelphia 76ers,1,Courtney Lee,19:59,2,5,.400,1,3,.333,3,5,.600,0,0,0,0,0,0,0,1,8,-11,.556,.500,.600,1.000,0.0,0.0,0.0,0.0,0.0,0.0,0.0,14.9,134,128
2215,201704120NYK,"8:00 PM, April 12, 2017",2017,New York Knicks,Philadelphia 76ers,1,Willy Hernangomez,18:08,1,2,.500,0,0,,5,6,.833,3,7,10,3,0,0,2,0,7,-4,.754,.500,.000,3.000,20.4,44.1,32.7,20.7,0.0,0.0,30.1,15.1,135,112
2216,201704120NYK,"8:00 PM, April 12, 2017",2017,New York Knicks,Philadelphia 76ers,0,Marshall Plumlee,26:27,7,11,.636,0,0,,0,2,.000,4,7,11,0,0,1,3,5,14,+9,.589,.636,.000,.182,18.6,30.2,24.6,0.0,0.0,2.6,20.2,23.3,104,115
2217,201704120NYK,"8:00 PM, April 12, 2017",2017,New York Knicks,Philadelphia 76ers,0,Chasson Randle,25:51,5,8,.625,1,2,.500,1,1,1.000,0,2,2,0,2,0,4,3,12,+4,.711,.688,.250,.125,0.0,8.8,4.6,0.0,3.9,0.0,32.2,19.9,95,116
2218,201704120NYK,"8:00 PM, April 12, 2017",2017,New York Knicks,Philadelphia 76ers,0,Sasha Vujacic,20:37,2,9,.222,2,5,.400,1,2,.500,2,0,2,6,0,0,2,2,7,+12,.354,.333,.556,.222,11.9,0.0,5.7,38.4,0.0,0.0,16.8,23.8,104,128
2219,201704120NYK,"8:00 PM, April 12, 2017",2017,New York Knicks,Philadelphia 76ers,0,Justin Holiday,20:29,6,10,.600,2,5,.400,6,7,.857,1,4,5,1,2,1,2,1,20,+12,.765,.700,.500,.700,6.0,22.3,14.5,8.7,5.0,3.3,13.3,30.4,146,107
2220,201704120NYK,"8:00 PM, April 12, 2017",2017,New York Knicks,Philadelphia 76ers,0,Mindaugas Kuzminskas,18:07,4,7,.571,1,2,.500,2,2,1.000,3,1,4,0,0,0,2,1,11,+16,.698,.643,.286,.286,20.4,6.3,13.1,0.0,0.0,0.0,20.2,22.6,127,126
2221,201704120NYK,"8:00 PM, April 12, 2017",2017,New York Knicks,Philadelphia 76ers,0,Kyle O'Quinn,13:05,2,4,.500,1,1,1.000,0,0,,2,2,4,2,1,2,0,2,5,-3,.625,.625,.250,.000,18.8,17.5,18.1,21.8,3.9,10.5,0.0,12.6,170,107
2222,201704120OKC,"8:00 PM, April 12, 2017",2017,Denver Nuggets,Oklahoma City Thunder,1,Jamal Murray,40:58,10,17,.588,4,5,.800,3,3,1.000,0,2,2,6,0,1,3,1,27,0,.737,.706,.294,.176,0.0,4.5,2.5,25.8,0.0,1.5,14.1,21.9,127,108
2223,201704120OKC,"8:00 PM, April 12, 2017",2017,Denver Nuggets,Oklahoma City Thunder,1,Nikola Jokic,40:13,9,14,.643,0,0,,11,14,.786,2,14,16,8,1,5,4,4,29,+9,.719,.643,.000,1.000,5.7,32.1,20.3,33.8,1.1,7.9,16.6,25.3,131,90
2224,201704120OKC,"8:00 PM, April 12, 2017",2017,Denver Nuggets,Oklahoma City Thunder,1,Malik Beasley,40:02,8,17,.471,1,4,.250,0,0,,1,2,3,3,1,0,2,2,17,+19,.500,.500,.235,.000,2.9,4.6,3.8,12.2,1.1,0.0,10.5,20.0,94,106
2225,201704120OKC,"8:00 PM, April 12, 2017",2017,Denver Nuggets,Oklahoma City Thunder,1,Juan Hernangomez,34:52,4,17,.235,1,9,.111,0,0,,0,7,7,1,0,0,1,3,9,+3,.265,.265,.529,.000,0.0,18.5,10.3,4.1,0.0,0.0,5.6,21.7,53,103
2226,201704120OKC,"8:00 PM, April 12, 2017",2017,Denver Nuggets,Oklahoma City Thunder,1,Mason Plumlee,32:33,6,10,.600,0,0,,4,6,.667,1,4,5,0,0,1,3,5,16,+8,.633,.600,.000,.600,3.5,11.3,7.8,0.0,0.0,1.9,19.2,20.2,101,104
2227,201704120OKC,"8:00 PM, April 12, 2017",2017,Denver Nuggets,Oklahoma City Thunder,0,Mike Miller,28:14,0,3,.000,0,3,.000,0,0,,1,7,8,4,0,0,1,0,0,-4,.000,.000,1.000,.000,4.0,22.9,14.5,17.4,0.0,0.0,25.0,6.0,60,102
2228,201704120OKC,"8:00 PM, April 12, 2017",2017,Denver Nuggets,Oklahoma City Thunder,0,Darrell Arthur,23:08,2,7,.286,1,4,.250,8,9,.889,0,2,2,0,4,1,1,2,13,-5,.593,.357,.571,1.286,0.0,8.0,4.4,0.0,7.9,2.7,8.4,21.8,114,88
2229,201704120OKC,"8:00 PM, April 12, 2017",2017,Denver Nuggets,Oklahoma City Thunder,0,Gary Harris,0:00,0.0,0.0,0.0,0.0,0.0,0.0,0.0,0.0,0.0,0.0,0.0,0.0,0.0,0.0,0.0,0.0,0.0,0.0,0.0,0.0,0.0,0.0,0.0,0.0,0.0,0.0,0.0,0.0,0.0,0.0,0.0,0.0,0.0
2230,201704120OKC,"8:00 PM, April 12, 2017",2017,Denver Nuggets,Oklahoma City Thunder,0,Will Barton,0:00,0.0,0.0,0.0,0.0,0.0,0.0,0.0,0.0,0.0,0.0,0.0,0.0,0.0,0.0,0.0,0.0,0.0,0.0,0.0,0.0,0.0,0.0,0.0,0.0,0.0,0.0,0.0,0.0,0.0,0.0,0.0,0.0,0.0
2231,201704120OKC,"8:00 PM, April 12, 2017",2017,Denver Nuggets,Oklahoma City Thunder,0,Roy Hibbert,0:00,0.0,0.0,0.0,0.0,0.0,0.0,0.0,0.0,0.0,0.0,0.0,0.0,0.0,0.0,0.0,0.0,0.0,0.0,0.0,0.0,0.0,0.0,0.0,0.0,0.0,0.0,0.0,0.0,0.0,0.0,0.0,0.0,0.0
2232,201704120OKC,"8:00 PM, April 12, 2017",2017,Denver Nuggets,Oklahoma City Thunder,0,Wilson Chandler,0:00,0.0,0.0,0.0,0.0,0.0,0.0,0.0,0.0,0.0,0.0,0.0,0.0,0.0,0.0,0.0,0.0,0.0,0.0,0.0,0.0,0.0,0.0,0.0,0.0,0.0,0.0,0.0,0.0,0.0,0.0,0.0,0.0,0.0
2233,201704120OKC,"8:00 PM, April 12, 2017",2017,Oklahoma City Thunder,Denver Nuggets,1,Kyle Singler,25:39,3,6,.500,0,2,.000,2,4,.500,0,6,6,1,1,1,0,1,8,-16,.515,.500,.333,.667,0.0,26.7,11.9,5.0,1.8,3.1,0.0,12.1,114,104
2234,201704120OKC,"8:00 PM, April 12, 2017",2017,Oklahoma City Thunder,Denver Nuggets,1,Victor Oladipo,24:41,4,9,.444,1,2,.500,1,2,.500,0,3,3,3,1,1,3,0,10,-1,.506,.500,.222,.222,0.0,13.9,6.2,16.6,1.9,3.2,23.3,20.8,87,106
2235,201704120OKC,"8:00 PM, April 12, 2017",2017,Oklahoma City Thunder,Denver Nuggets,1,Taj Gibson,22:08,4,11,.364,0,0,,5,6,.833,3,4,7,0,0,2,1,2,13,-12,.477,.364,.000,.545,12.5,20.7,16.1,0.0,0.0,7.2,6.8,26.4,105,105
2236,201704120OKC,"8:00 PM, April 12, 2017",2017,Oklahoma City Thunder,Denver Nuggets,1,Russell Westbrook,18:19,2,10,.200,1,5,.200,0,0,,0,5,5,8,0,1,3,2,5,-5,.250,.250,.500,.000,0.0,31.2,13.9,55.5,0.0,4.4,23.1,28.3,69,106
2237,201704120OKC,"8:00 PM, April 12, 2017",2017,Oklahoma City Thunder,Denver Nuggets,1,Steven Adams,13:32,4,7,.571,0,0,,0,0,,2,2,4,0,2,0,1,2,8,-7,.571,.571,.000,.000,13.6,16.9,15.1,0.0,6.8,0.0,12.5,23.6,107,98
2238,201704120OKC,"8:00 PM, April 12, 2017",2017,Oklahoma City Thunder,Denver Nuggets,0,Josh Huestis,24:00,3,7,.429,1,2,.500,0,1,.000,2,3,5,2,0,3,0,0,7,+5,.470,.500,.286,.143,7.7,14.3,10.6,10.8,0.0,10.0,0.0,12.4,117,103
2239,201704120OKC,"8:00 PM, April 12, 2017",2017,Oklahoma City Thunder,Denver Nuggets,0,Enes Kanter,19:51,6,8,.750,0,0,,0,0,,2,3,5,1,1,0,2,2,12,+8,.750,.750,.000,.000,9.3,17.3,12.9,8.5,2.3,0.0,20.0,20.1,121,107
2240,201704120OKC,"8:00 PM, April 12, 2017",2017,Oklahoma City Thunder,Denver Nuggets,0,Semaj Christon,18:27,2,4,.500,1,2,.500,0,0,,0,0,0,2,0,0,0,4,5,+2,.625,.625,.500,.000,0.0,0.0,0.0,13.8,0.0,0.0,0.0,8.6,143,114
2241,201704120OKC,"8:00 PM, April 12, 2017",2017,Oklahoma City Thunder,Denver Nuggets,0,Alex Abrines,18:18,4,11,.364,3,6,.500,0,0,,3,3,6,1,0,0,1,1,11,0,.500,.500,.545,.000,15.1,18.7,16.7,8.1,0.0,0.0,8.3,26.1,108,112
2242,201704120OKC,"8:00 PM, April 12, 2017",2017,Oklahoma City Thunder,Denver Nuggets,0,Jerami Grant,17:28,5,6,.833,1,1,1.000,2,2,1.000,0,4,4,1,1,0,0,1,13,+4,.945,.917,.167,.333,0.0,26.2,11.7,9.4,2.6,0.0,0.0,15.7,194,105
2243,201704120OKC,"8:00 PM, April 12, 2017",2017,Oklahoma City Thunder,Denver Nuggets,0,Norris Cole,14:36,2,9,.222,0,2,.000,1,2,.500,0,2,2,0,2,0,0,2,5,-3,.253,.222,.222,.222,0.0,15.7,7.0,0.0,6.3,0.0,0.0,27.0,59,99
2244,201704120OKC,"8:00 PM, April 12, 2017",2017,Oklahoma City Thunder,Denver Nuggets,0,Domantas Sabonis,14:23,1,8,.125,0,2,.000,0,0,,0,2,2,0,2,0,1,6,2,-2,.125,.125,.250,.000,0.0,15.9,7.1,0.0,6.4,0.0,11.1,24.9,26,98
2245,201704120OKC,"8:00 PM, April 12, 2017",2017,Oklahoma City Thunder,Denver Nuggets,0,Nick Collison,8:38,3,5,.600,0,1,.000,0,0,,2,0,2,1,0,0,0,1,6,-3,.600,.600,.200,.000,21.4,0.0,11.8,21.1,0.0,0.0,0.0,23.1,139,114
2246,201704120ORL,"8:00 PM, April 12, 2017",2017,Detroit Pistons,Orlando Magic,1,Ish Smith,34:45,8,20,.400,1,6,.167,3,4,.750,1,3,4,10,0,0,1,1,20,-12,.460,.425,.300,.200,2.2,9.9,5.3,46.1,0.0,0.0,4.4,24.9,112,117
2247,201704120ORL,"8:00 PM, April 12, 2017",2017,Detroit Pistons,Orlando Magic,1,Kentavious Caldwell-Pope,28:39,6,18,.333,3,10,.300,5,6,.833,0,4,4,0,0,0,2,3,20,-18,.484,.417,.556,.333,0.0,16.0,6.4,0.0,0.0,0.0,8.8,30.0,95,116
2248,201704120ORL,"8:00 PM, April 12, 2017",2017,Detroit Pistons,Orlando Magic,1,Andre Drummond,24:34,4,9,.444,0,0,,1,3,.333,4,10,14,2,0,0,0,3,9,-1,.436,.444,.000,.333,12.6,46.5,26.3,11.8,0.0,0.0,0.0,16.0,113,111
2249,201704120ORL,"8:00 PM, April 12, 2017",2017,Detroit Pistons,Orlando Magic,1,Stanley Johnson,20:25,0,5,.000,0,3,.000,0,0,,0,1,1,0,0,0,0,2,0,-8,.000,.000,.600,.000,0.0,5.6,2.3,0.0,0.0,0.0,0.0,9.3,0,117
2250,201704120ORL,"8:00 PM, April 12, 2017",2017,Detroit Pistons,Orlando Magic,1,Jon Leuer,19:51,0,5,.000,0,1,.000,2,2,1.000,1,4,5,1,0,0,0,0,2,-24,.170,.000,.200,.400,3.9,23.0,11.6,5.9,0.0,0.0,0.0,11.3,60,115
2251,201704120ORL,"8:00 PM, April 12, 2017",2017,Detroit Pistons,Orlando Magic,0,Tobias Harris,29:47,3,11,.273,1,4,.250,0,4,.000,3,3,6,2,2,0,0,1,7,+11,.274,.318,.364,.364,7.8,11.5,9.3,8.9,3.2,0.0,0.0,16.3,78,109
2252,201704120ORL,"8:00 PM, April 12, 2017",2017,Detroit Pistons,Orlando Magic,0,Reggie Bullock,29:01,6,9,.667,5,6,.833,0,0,,0,2,2,3,2,0,0,0,17,+17,.944,.944,.667,.000,0.0,7.9,3.2,16.0,3.2,0.0,0.0,11.8,191,109
2253,201704120ORL,"8:00 PM, April 12, 2017",2017,Detroit Pistons,Orlando Magic,0,Boban Marjanovic,20:39,6,12,.500,0,0,,2,2,1.000,6,5,11,0,1,3,0,2,14,0,.543,.500,.000,.167,22.5,27.7,24.6,0.0,2.3,11.2,0.0,23.7,129,97
2254,201704120ORL,"8:00 PM, April 12, 2017",2017,Detroit Pistons,Orlando Magic,0,Henry Ellenson,19:04,5,10,.500,1,4,.250,1,5,.200,2,4,6,1,1,0,3,1,12,+7,.492,.550,.400,.500,8.1,24.0,14.5,8.9,2.5,0.0,19.7,30.3,84,109
2255,201704120ORL,"8:00 PM, April 12, 2017",2017,Detroit Pistons,Orlando Magic,0,Darrun Hilliard,13:15,3,7,.429,0,2,.000,2,2,1.000,0,0,0,1,0,0,2,2,8,+8,.508,.429,.286,.286,0.0,0.0,0.0,12.0,0.0,0.0,20.2,28.3,87,118
2256,201704120ORL,"8:00 PM, April 12, 2017",2017,Detroit Pistons,Orlando Magic,0,Marcus Morris,0:00,0.0,0.0,0.0,0.0,0.0,0.0,0.0,0.0,0.0,0.0,0.0,0.0,0.0,0.0,0.0,0.0,0.0,0.0,0.0,0.0,0.0,0.0,0.0,0.0,0.0,0.0,0.0,0.0,0.0,0.0,0.0,0.0,0.0
2257,201704120ORL,"8:00 PM, April 12, 2017",2017,Detroit Pistons,Orlando Magic,0,Aron Baynes,0:00,0.0,0.0,0.0,0.0,0.0,0.0,0.0,0.0,0.0,0.0,0.0,0.0,0.0,0.0,0.0,0.0,0.0,0.0,0.0,0.0,0.0,0.0,0.0,0.0,0.0,0.0,0.0,0.0,0.0,0.0,0.0,0.0,0.0
2258,201704120ORL,"8:00 PM, April 12, 2017",2017,Detroit Pistons,Orlando Magic,0,Beno Udrih,0:00,0.0,0.0,0.0,0.0,0.0,0.0,0.0,0.0,0.0,0.0,0.0,0.0,0.0,0.0,0.0,0.0,0.0,0.0,0.0,0.0,0.0,0.0,0.0,0.0,0.0,0.0,0.0,0.0,0.0,0.0,0.0,0.0,0.0
2259,201704120ORL,"8:00 PM, April 12, 2017",2017,Orlando Magic,Detroit Pistons,1,Aaron Gordon,34:54,11,20,.550,3,7,.429,7,7,1.000,2,10,12,0,1,2,0,2,32,+17,.693,.625,.350,.350,6.5,22.2,15.9,0.0,1.3,3.9,0.0,30.1,139,101
2260,201704120ORL,"8:00 PM, April 12, 2017",2017,Orlando Magic,Detroit Pistons,1,Elfrid Payton,31:08,10,18,.556,1,1,1.000,0,0,,0,5,5,13,0,0,1,3,21,+17,.583,.583,.056,.000,0.0,12.4,7.4,75.4,0.0,0.0,5.3,27.8,132,111
2261,201704120ORL,"8:00 PM, April 12, 2017",2017,Orlando Magic,Detroit Pistons,1,Nikola Vucevic,27:26,8,15,.533,2,2,1.000,0,0,,1,10,11,1,2,2,0,4,18,+11,.505,.455,.364,.182,0.0,8.5,5.0,10.0,0.0,0.0,7.8,21.4,98,113
2262,201704120ORL,"8:00 PM, April 12, 2017",2017,Orlando Magic,Detroit Pistons,1,Evan Fournier,27:26,4,11,.364,2,4,.500,2,2,1.000,0,3,3,2,0,0,1,1,12,+11,.600,.600,.133,.000,4.2,28.2,18.5,6.2,3.4,5.0,0.0,24.9,118,93
2263,201704120ORL,"8:00 PM, April 12, 2017",2017,Orlando Magic,Detroit Pistons,1,Terrence Ross,22:21,1,2,.500,0,1,.000,0,0,,0,3,3,3,2,1,1,1,2,+10,.500,.500,.500,.000,0.0,10.4,6.2,16.2,4.2,3.1,33.3,6.1,101,102
2264,201704120ORL,"8:00 PM, April 12, 2017",2017,Orlando Magic,Detroit Pistons,0,Mario Hezonja,23:11,3,7,.429,2,3,.667,0,0,,1,10,11,1,2,0,1,2,8,-1,.571,.571,.429,.000,4.9,33.4,21.9,5.8,4.1,0.0,12.5,15.7,104,93
2265,201704120ORL,"8:00 PM, April 12, 2017",2017,Orlando Magic,Detroit Pistons,0,Jodie Meeks,18:08,3,7,.429,3,5,.600,3,4,.750,0,0,0,1,0,0,2,2,12,-19,.685,.643,.714,.571,0.0,0.0,0.0,7.8,0.0,0.0,18.6,27.0,107,117
2266,201704120ORL,"8:00 PM, April 12, 2017",2017,Orlando Magic,Detroit Pistons,0,D.J. Augustin,16:52,0,1,.000,0,1,.000,0,0,,0,2,2,4,0,0,1,1,0,-13,.000,.000,1.000,.000,0.0,9.2,5.5,27.1,0.0,0.0,50.0,5.4,85,113
2267,201704120ORL,"8:00 PM, April 12, 2017",2017,Orlando Magic,Detroit Pistons,0,Patricio Garino,11:34,0,1,.000,0,1,.000,0,0,,0,0,0,0,0,0,2,2,0,+2,.000,.000,1.000,.000,0.0,0.0,0.0,0.0,0.0,0.0,66.7,11.8,0,116
2268,201704120ORL,"8:00 PM, April 12, 2017",2017,Orlando Magic,Detroit Pistons,0,Marcus Georges-Hunt,9:34,0,0,,0,0,,4,4,1.000,0,0,0,1,0,0,1,0,4,-4,1.136,,,,0.0,0.0,0.0,11.9,0.0,0.0,36.2,13.1,159,118
2269,201704120ORL,"8:00 PM, April 12, 2017",2017,Orlando Magic,Detroit Pistons,0,Stephen Zimmerman,8:52,1,2,.500,0,0,,0,0,,0,1,1,0,0,1,1,3,2,-6,.500,.500,.000,.000,0.0,8.7,5.2,0.0,0.0,7.7,33.3,15.4,59,106
2270,201704120ORL,"8:00 PM, April 12, 2017",2017,Orlando Magic,Detroit Pistons,0,Bismack Biyombo,8:34,1,3,.333,0,0,,0,0,,2,1,3,1,0,0,0,1,2,-5,.333,.333,.000,.000,26.7,9.0,16.2,15.4,0.0,0.0,0.0,15.9,115,112
2271,201704120ORL,"8:00 PM, April 12, 2017",2017,Orlando Magic,Detroit Pistons,0,Damjan Rudez,0:00,0.0,0.0,0.0,0.0,0.0,0.0,0.0,0.0,0.0,0.0,0.0,0.0,0.0,0.0,0.0,0.0,0.0,0.0,0.0,0.0,0.0,0.0,0.0,0.0,0.0,0.0,0.0,0.0,0.0,0.0,0.0,0.0,0.0
2272,201704120POR,"10:30 PM, April 12, 2017",2017,New Orleans Pelicans,Portland Trail Blazers,1,Solomon Hill,30:09,4,8,.500,1,4,.250,4,6,.667,0,3,3,0,1,1,1,0,13,-9,.611,.563,.500,.750,0.0,10.6,5.0,0.0,1.6,2.9,8.6,16.8,114,105
2273,201704120POR,"10:30 PM, April 12, 2017",2017,New Orleans Pelicans,Portland Trail Blazers,1,Tim Frazier,27:03,1,8,.125,1,5,.200,3,4,.750,1,1,2,8,1,0,1,2,6,-3,.307,.188,.625,.500,3.5,3.9,3.7,37.1,1.8,0.0,9.3,17.3,94,107
2274,201704120POR,"10:30 PM, April 12, 2017",2017,New Orleans Pelicans,Portland Trail Blazers,1,Alexis Ajinca,25:10,5,12,.417,0,0,,1,1,1.000,1,6,7,0,1,0,3,3,11,+2,.442,.417,.000,.083,3.8,25.4,14.1,0.0,1.9,0.0,19.4,26.7,74,99
2275,201704120POR,"10:30 PM, April 12, 2017",2017,New Orleans Pelicans,Portland Trail Blazers,1,Dante Cunningham,18:46,4,5,.800,2,3,.667,0,0,,1,4,5,0,1,1,0,0,10,-2,1.000,1.000,.600,.000,5.1,22.7,13.5,0.0,2.6,4.7,0.0,11.6,194,98
2276,201704120POR,"10:30 PM, April 12, 2017",2017,New Orleans Pelicans,Portland Trail Blazers,1,Jrue Holiday,15:57,4,11,.364,0,2,.000,0,0,,1,2,3,5,0,0,1,0,8,-3,.364,.364,.182,.000,6.0,13.4,9.5,53.8,0.0,0.0,8.3,32.8,91,109
2277,201704120POR,"10:30 PM, April 12, 2017",2017,New Orleans Pelicans,Portland Trail Blazers,0,Cheick Diallo,29:09,4,9,.444,0,0,,4,5,.800,4,12,16,0,1,1,1,4,12,+5,.536,.444,.000,.556,13.2,43.9,27.7,0.0,1.7,3.0,8.2,18.2,115,92
2278,201704120POR,"10:30 PM, April 12, 2017",2017,New Orleans Pelicans,Portland Trail Blazers,0,Jordan Crawford,22:38,6,12,.500,3,4,.750,0,0,,0,1,1,4,1,0,2,0,15,+20,.625,.625,.333,.000,0.0,4.7,2.2,31.1,2.2,0.0,14.3,26.9,113,107
2279,201704120POR,"10:30 PM, April 12, 2017",2017,New Orleans Pelicans,Portland Trail Blazers,0,Axel Toupane,20:53,4,4,1.000,0,0,,0,0,,0,1,1,0,1,0,0,4,8,+12,1.000,1.000,.000,.000,0.0,5.1,2.4,0.0,2.3,0.0,0.0,8.3,200,104
2280,201704120POR,"10:30 PM, April 12, 2017",2017,New Orleans Pelicans,Portland Trail Blazers,0,Quinn Cook,19:40,4,7,.571,1,1,1.000,2,2,1.000,1,0,1,1,2,0,2,2,11,+4,.698,.643,.143,.286,4.9,0.0,2.6,8.1,5.0,0.0,20.2,21.9,114,101
2281,201704120POR,"10:30 PM, April 12, 2017",2017,New Orleans Pelicans,Portland Trail Blazers,0,Donatas Motiejunas,16:51,3,11,.273,0,4,.000,0,1,.000,1,1,2,0,3,0,0,2,6,-5,.262,.273,.364,.091,5.7,6.3,6.0,0.0,8.7,0.0,0.0,29.6,62,90
2282,201704120POR,"10:30 PM, April 12, 2017",2017,New Orleans Pelicans,Portland Trail Blazers,0,E'Twaun Moore,13:44,1,3,.333,0,1,.000,1,2,.500,1,0,1,2,1,0,0,0,3,-6,.387,.333,.333,.667,7.0,0.0,3.7,19.1,3.6,0.0,0.0,12.3,111,106
2283,201704120POR,"10:30 PM, April 12, 2017",2017,New Orleans Pelicans,Portland Trail Blazers,0,Anthony Davis,0:00,0.0,0.0,0.0,0.0,0.0,0.0,0.0,0.0,0.0,0.0,0.0,0.0,0.0,0.0,0.0,0.0,0.0,0.0,0.0,0.0,0.0,0.0,0.0,0.0,0.0,0.0,0.0,0.0,0.0,0.0,0.0,0.0,0.0
2284,201704120POR,"10:30 PM, April 12, 2017",2017,New Orleans Pelicans,Portland Trail Blazers,0,DeMarcus Cousins,0:00,0.0,0.0,0.0,0.0,0.0,0.0,0.0,0.0,0.0,0.0,0.0,0.0,0.0,0.0,0.0,0.0,0.0,0.0,0.0,0.0,0.0,0.0,0.0,0.0,0.0,0.0,0.0,0.0,0.0,0.0,0.0,0.0,0.0
2285,201704120POR,"10:30 PM, April 12, 2017",2017,Portland Trail Blazers,New Orleans Pelicans,1,Noah Vonleh,38:11,5,8,.625,0,0,,2,3,.667,9,10,19,1,1,0,1,1,12,-13,.644,.625,.000,.375,25.1,25.1,25.1,3.6,1.3,0.0,9.7,11.4,144,102
2286,201704120POR,"10:30 PM, April 12, 2017",2017,Portland Trail Blazers,New Orleans Pelicans,1,Jake Layman,37:13,4,10,.400,2,5,.400,0,0,,2,2,4,3,0,0,4,2,10,+1,.500,.500,.500,.000,5.7,5.2,5.4,10.8,0.0,0.0,28.6,15.9,87,110
2287,201704120POR,"10:30 PM, April 12, 2017",2017,Portland Trail Blazers,New Orleans Pelicans,1,Meyers Leonard,35:32,3,11,.273,1,4,.250,0,0,,0,9,9,1,0,1,1,4,7,+2,.318,.318,.364,.000,0.0,24.3,12.8,3.7,0.0,2.0,8.3,14.3,71,103
2288,201704120POR,"10:30 PM, April 12, 2017",2017,Portland Trail Blazers,New Orleans Pelicans,1,Shabazz Napier,25:58,10,18,.556,3,6,.500,2,3,.667,0,4,4,2,1,0,4,2,25,+1,.647,.639,.333,.167,0.0,14.8,7.8,16.4,1.9,0.0,17.2,37.9,108,103
2289,201704120POR,"10:30 PM, April 12, 2017",2017,Portland Trail Blazers,New Orleans Pelicans,1,Evan Turner,22:41,3,8,.375,0,0,,0,0,,0,4,4,3,0,0,3,1,6,+1,.375,.375,.000,.000,0.0,16.9,8.9,18.3,0.0,0.0,27.3,20.5,72,107
2290,201704120POR,"10:30 PM, April 12, 2017",2017,Portland Trail Blazers,New Orleans Pelicans,0,Pat Connaughton,36:06,7,13,.538,5,10,.500,0,0,,0,7,7,7,0,0,3,5,19,-8,.731,.731,.769,.000,0.0,18.6,9.8,29.4,0.0,0.0,18.8,18.7,132,106
2291,201704120POR,"10:30 PM, April 12, 2017",2017,Portland Trail Blazers,New Orleans Pelicans,0,Maurice Harkless,22:17,5,6,.833,0,0,,1,5,.200,1,1,2,2,1,0,0,1,11,+5,.671,.833,.000,.833,4.8,4.3,4.5,14.3,2.2,0.0,0.0,15.5,141,106
2292,201704120POR,"10:30 PM, April 12, 2017",2017,Portland Trail Blazers,New Orleans Pelicans,0,Tim Quarterman,22:02,4,11,.364,2,5,.400,0,2,.000,2,2,4,3,1,1,7,2,10,-4,.421,.455,.455,.182,9.7,8.7,9.2,20.2,2.2,3.3,37.1,36.2,65,102
2293,201704120POR,"10:30 PM, April 12, 2017",2017,Portland Trail Blazers,New Orleans Pelicans,0,Damian Lillard,0:00,0.0,0.0,0.0,0.0,0.0,0.0,0.0,0.0,0.0,0.0,0.0,0.0,0.0,0.0,0.0,0.0,0.0,0.0,0.0,0.0,0.0,0.0,0.0,0.0,0.0,0.0,0.0,0.0,0.0,0.0,0.0,0.0,0.0
2294,201704120POR,"10:30 PM, April 12, 2017",2017,Portland Trail Blazers,New Orleans Pelicans,0,Al-Farouq Aminu,0:00,0.0,0.0,0.0,0.0,0.0,0.0,0.0,0.0,0.0,0.0,0.0,0.0,0.0,0.0,0.0,0.0,0.0,0.0,0.0,0.0,0.0,0.0,0.0,0.0,0.0,0.0,0.0,0.0,0.0,0.0,0.0,0.0,0.0
2295,201704120UTA,"9:00 PM, April 12, 2017",2017,San Antonio Spurs,Utah Jazz,1,LaMarcus Aldridge,34:29,9,14,.643,0,1,.000,0,0,,2,3,5,0,3,1,1,1,18,+1,.643,.643,.071,.000,6.3,12.3,8.9,0.0,4.6,2.7,6.7,19.6,129,106
2296,201704120UTA,"9:00 PM, April 12, 2017",2017,San Antonio Spurs,Utah Jazz,1,Kawhi Leonard,30:30,5,13,.385,1,2,.500,3,3,1.000,1,4,5,2,1,0,1,2,14,-3,.489,.423,.154,.231,3.6,18.5,10.1,10.1,1.7,0.0,6.5,22.6,112,113
2297,201704120UTA,"9:00 PM, April 12, 2017",2017,San Antonio Spurs,Utah Jazz,1,Tony Parker,24:05,5,8,.625,0,1,.000,4,4,1.000,0,1,1,2,1,0,2,2,14,-1,.717,.625,.125,.500,0.0,5.9,2.6,13.7,2.2,0.0,17.0,22.0,129,114
2298,201704120UTA,"9:00 PM, April 12, 2017",2017,San Antonio Spurs,Utah Jazz,1,Danny Green,19:37,1,6,.167,0,2,.000,0,0,,2,2,4,2,2,1,1,1,2,-7,.167,.167,.333,.000,11.1,14.4,12.5,13.4,5.4,4.8,14.3,16.0,65,102
2299,201704120UTA,"9:00 PM, April 12, 2017",2017,San Antonio Spurs,Utah Jazz,1,Dewayne Dedmon,14:06,1,4,.250,0,0,,0,2,.000,5,3,8,0,0,0,2,1,2,-8,.205,.250,.000,.500,38.7,30.0,34.9,0.0,0.0,0.0,29.1,21.9,65,115
2300,201704120UTA,"9:00 PM, April 12, 2017",2017,San Antonio Spurs,Utah Jazz,0,Pau Gasol,22:53,6,13,.462,1,2,.500,0,0,,3,4,7,0,1,0,0,3,13,+1,.500,.500,.154,.000,14.3,24.7,18.8,0.0,2.3,0.0,0.0,25.6,120,110
2301,201704120UTA,"9:00 PM, April 12, 2017",2017,San Antonio Spurs,Utah Jazz,0,Patty Mills,18:41,3,5,.600,2,2,1.000,0,0,,0,2,2,5,1,0,1,1,8,-1,.800,.800,.400,.000,0.0,15.1,6.6,41.1,2.8,0.0,16.7,14.4,155,111
2302,201704120UTA,"9:00 PM, April 12, 2017",2017,San Antonio Spurs,Utah Jazz,0,Manu Ginobili,17:38,1,3,.333,1,3,.333,2,2,1.000,0,2,2,2,1,0,2,1,5,-1,.644,.500,1.000,.667,0.0,16.0,7.0,15.0,3.0,0.0,34.0,15.0,101,111
2303,201704120UTA,"9:00 PM, April 12, 2017",2017,San Antonio Spurs,Utah Jazz,0,Kyle Anderson,15:33,3,7,.429,1,2,.500,1,1,1.000,0,2,2,2,1,0,0,3,8,+9,.538,.500,.286,.143,0.0,18.2,7.9,20.8,3.4,0.0,0.0,21.5,132,109
2304,201704120UTA,"9:00 PM, April 12, 2017",2017,San Antonio Spurs,Utah Jazz,0,Jonathon Simmons,12:42,1,4,.250,0,1,.000,0,0,,1,1,2,1,0,0,2,0,2,-6,.250,.250,.250,.000,8.6,11.1,9.7,10.7,0.0,0.0,33.3,21.2,53,119
2305,201704120UTA,"9:00 PM, April 12, 2017",2017,San Antonio Spurs,Utah Jazz,0,David Lee,12:32,1,3,.333,0,0,,0,0,,1,2,3,0,0,0,2,0,2,-8,.333,.333,.000,.000,8.7,22.5,14.7,0.0,0.0,0.0,40.0,17.9,51,117
2306,201704120UTA,"9:00 PM, April 12, 2017",2017,San Antonio Spurs,Utah Jazz,0,Davis Bertans,12:00,2,5,.400,2,5,.400,1,1,1.000,0,1,1,0,1,0,1,1,7,+6,.643,.600,1.000,.200,0.0,11.8,5.1,0.0,4.4,0.0,15.5,24.1,116,108
2307,201704120UTA,"9:00 PM, April 12, 2017",2017,San Antonio Spurs,Utah Jazz,0,Dejounte Murray,5:14,1,1,1.000,0,0,,0,0,,0,0,0,0,0,0,0,1,2,-2,1.000,1.000,.000,.000,0.0,0.0,0.0,0.0,0.0,0.0,0.0,8.6,200,119
2308,201704120UTA,"9:00 PM, April 12, 2017",2017,Utah Jazz,San Antonio Spurs,1,Rudy Gobert,28:58,5,9,.556,0,0,,3,5,.600,1,8,9,0,0,1,3,2,13,+1,.580,.556,.000,.556,4.9,30.1,19.1,0.0,0.0,2.5,21.1,23.1,92,105
2309,201704120UTA,"9:00 PM, April 12, 2017",2017,Utah Jazz,San Antonio Spurs,1,Joe Ingles,28:11,3,7,.429,3,6,.500,0,0,,0,2,2,3,1,0,3,3,9,+4,.643,.643,.857,.000,0.0,7.7,4.4,15.1,1.9,0.0,30.0,16.7,94,111
2310,201704120UTA,"9:00 PM, April 12, 2017",2017,Utah Jazz,San Antonio Spurs,1,Gordon Hayward,22:42,7,9,.778,0,1,.000,0,0,,1,1,2,1,1,1,1,1,14,+8,.778,.778,.111,.000,6.2,4.8,5.4,8.7,2.3,3.3,10.0,20.8,136,110
2311,201704120UTA,"9:00 PM, April 12, 2017",2017,Utah Jazz,San Antonio Spurs,1,George Hill,21:38,4,7,.571,1,2,.500,4,5,.800,1,1,2,5,1,0,0,1,13,+10,.707,.643,.286,.714,6.5,5.0,5.7,36.8,2.4,0.0,0.0,20.1,162,111
2312,201704120UTA,"9:00 PM, April 12, 2017",2017,Utah Jazz,San Antonio Spurs,1,Boris Diaw,14:42,2,4,.500,0,1,.000,0,0,,0,1,1,1,1,0,0,3,4,+11,.500,.500,.250,.000,0.0,7.4,4.2,10.1,3.6,0.0,0.0,12.8,111,107
2313,201704120UTA,"9:00 PM, April 12, 2017",2017,Utah Jazz,San Antonio Spurs,0,Shelvin Mack,26:22,4,7,.571,2,3,.667,3,4,.750,2,1,3,3,1,1,1,1,13,-6,.742,.714,.429,.571,10.7,4.1,7.0,17.2,2.0,2.8,10.2,17.5,146,111
2314,201704120UTA,"9:00 PM, April 12, 2017",2017,Utah Jazz,San Antonio Spurs,0,Rodney Hood,22:56,4,13,.308,2,8,.250,0,0,,1,3,4,2,1,0,2,2,10,-7,.385,.385,.615,.000,6.2,14.3,10.7,13.7,2.3,0.0,13.3,30.8,78,108
2315,201704120UTA,"9:00 PM, April 12, 2017",2017,Utah Jazz,San Antonio Spurs,0,Derrick Favors,20:47,4,8,.500,0,0,,0,0,,0,5,5,3,3,0,4,0,8,+4,.500,.500,.000,.000,0.0,26.2,14.8,23.3,7.6,0.0,33.3,27.2,75,91
2316,201704120UTA,"9:00 PM, April 12, 2017",2017,Utah Jazz,San Antonio Spurs,0,Dante Exum,16:57,1,2,.500,0,1,.000,0,0,,0,1,1,3,1,0,1,2,2,+1,.500,.500,.500,.000,0.0,6.4,3.6,23.5,3.1,0.0,33.3,8.3,102,109
2317,201704120UTA,"9:00 PM, April 12, 2017",2017,Utah Jazz,San Antonio Spurs,0,Joe Johnson,16:40,3,6,.500,1,3,.333,1,2,.500,0,0,0,3,0,0,0,0,8,-8,.581,.583,.500,.333,0.0,0.0,0.0,28.5,0.0,0.0,0.0,19.5,132,119
2318,201704120UTA,"9:00 PM, April 12, 2017",2017,Utah Jazz,San Antonio Spurs,0,Trey Lyles,8:56,0,2,.000,0,0,,1,2,.500,0,3,3,0,0,0,1,1,1,0,.174,.000,.000,1.000,0.0,36.6,20.7,0.0,0.0,0.0,25.8,20.5,28,103
2319,201704120UTA,"9:00 PM, April 12, 2017",2017,Utah Jazz,San Antonio Spurs,0,Jeff Withey,5:57,1,2,.500,0,0,,1,2,.500,1,1,2,0,0,1,0,0,3,0,.521,.500,.000,1.000,23.7,18.3,20.7,0.0,0.0,12.4,0.0,22.8,122,103
2320,201704120UTA,"9:00 PM, April 12, 2017",2017,Utah Jazz,San Antonio Spurs,0,Alec Burks,5:14,1,1,1.000,1,1,1.000,0,0,,0,2,2,0,0,1,0,0,3,+2,1.500,1.500,1.000,.000,0.0,41.7,23.5,0.0,0.0,14.1,0.0,9.0,300,93
2321,201704150CLE,"3:00 PM, April 15, 2017",2017,Indiana Pacers,Cleveland Cavaliers,1,Paul George,41:17,9,19,.474,6,8,.750,5,7,.714,0,5,5,7,1,0,4,3,29,-2,.657,.632,.421,.368,0.0,14.9,7.8,27.6,1.3,0.0,15.3,29.5,126,123
2322,201704150CLE,"3:00 PM, April 15, 2017",2017,Indiana Pacers,Cleveland Cavaliers,1,Jeff Teague,35:36,3,10,.300,2,5,.400,7,7,1.000,0,2,2,4,0,0,1,4,15,-2,.573,.400,.500,.700,0.0,6.9,3.6,15.0,0.0,0.0,7.1,18.5,133,127
2323,201704150CLE,"3:00 PM, April 15, 2017",2017,Indiana Pacers,Cleveland Cavaliers,1,Thaddeus Young,33:29,3,4,.750,0,1,.000,2,2,1.000,5,4,9,4,0,0,2,3,8,+6,.820,.750,.250,.500,19.9,14.7,17.2,16.1,0.0,0.0,29.1,9.6,148,126
2324,201704150CLE,"3:00 PM, April 15, 2017",2017,Indiana Pacers,Cleveland Cavaliers,1,Myles Turner,32:27,5,12,.417,0,0,,1,2,.500,4,4,8,1,4,1,1,4,11,+7,.427,.417,.000,.167,16.4,15.2,15.8,4.5,6.7,3.0,7.2,20.0,105,109
2325,201704150CLE,"3:00 PM, April 15, 2017",2017,Indiana Pacers,Cleveland Cavaliers,1,Monta Ellis,27:36,4,8,.500,1,3,.333,2,2,1.000,0,4,4,1,1,0,2,2,11,-9,.619,.563,.375,.250,0.0,17.8,9.3,5.3,2.0,0.0,18.4,18.4,109,121
2326,201704150CLE,"3:00 PM, April 15, 2017",2017,Indiana Pacers,Cleveland Cavaliers,0,Lance Stephenson,26:48,8,13,.615,0,2,.000,0,0,,0,7,7,3,0,0,0,1,16,+7,.615,.615,.154,.000,0.0,32.1,16.7,20.9,0.0,0.0,0.0,22.6,139,123
2327,201704150CLE,"3:00 PM, April 15, 2017",2017,Indiana Pacers,Cleveland Cavaliers,0,C.J. Miles,15:45,2,6,.333,1,3,.333,0,0,,0,1,1,0,0,0,0,5,5,-3,.417,.417,.500,.000,0.0,7.8,4.1,0.0,0.0,0.0,0.0,17.8,96,124
2328,201704150CLE,"3:00 PM, April 15, 2017",2017,Indiana Pacers,Cleveland Cavaliers,0,Kevin Seraphin,15:33,4,6,.667,0,0,,0,0,,3,0,3,0,0,0,1,3,8,-8,.667,.667,.000,.000,25.7,0.0,12.3,0.0,0.0,0.0,14.3,21.0,128,128
2329,201704150CLE,"3:00 PM, April 15, 2017",2017,Indiana Pacers,Cleveland Cavaliers,0,Aaron Brooks,7:17,2,3,.667,1,2,.500,0,0,,0,1,1,1,0,0,1,0,5,-1,.833,.833,.667,.000,0.0,16.9,8.8,24.6,0.0,0.0,25.0,25.6,125,126
2330,201704150CLE,"3:00 PM, April 15, 2017",2017,Indiana Pacers,Cleveland Cavaliers,0,Lavoy Allen,4:12,0,0,,0,0,,0,0,,0,1,1,0,0,0,1,0,0,0,,,,,0.0,29.3,15.2,0.0,0.0,0.0,100.0,11.1,0,124
2331,201704150CLE,"3:00 PM, April 15, 2017",2017,Indiana Pacers,Cleveland Cavaliers,0,Al Jefferson,0:00,0.0,0.0,0.0,0.0,0.0,0.0,0.0,0.0,0.0,0.0,0.0,0.0,0.0,0.0,0.0,0.0,0.0,0.0,0.0,0.0,0.0,0.0,0.0,0.0,0.0,0.0,0.0,0.0,0.0,0.0,0.0,0.0,0.0
2332,201704150CLE,"3:00 PM, April 15, 2017",2017,Indiana Pacers,Cleveland Cavaliers,0,Rakeem Christmas,0:00,0.0,0.0,0.0,0.0,0.0,0.0,0.0,0.0,0.0,0.0,0.0,0.0,0.0,0.0,0.0,0.0,0.0,0.0,0.0,0.0,0.0,0.0,0.0,0.0,0.0,0.0,0.0,0.0,0.0,0.0,0.0,0.0,0.0
2333,201704150CLE,"3:00 PM, April 15, 2017",2017,Indiana Pacers,Cleveland Cavaliers,0,Joe Young,0:00,0.0,0.0,0.0,0.0,0.0,0.0,0.0,0.0,0.0,0.0,0.0,0.0,0.0,0.0,0.0,0.0,0.0,0.0,0.0,0.0,0.0,0.0,0.0,0.0,0.0,0.0,0.0,0.0,0.0,0.0,0.0,0.0,0.0
2334,201704150CLE,"3:00 PM, April 15, 2017",2017,Cleveland Cavaliers,Indiana Pacers,1,LeBron James,42:44,12,20,.600,2,3,.667,6,9,.667,1,5,6,13,3,0,3,3,32,+5,.668,.650,.150,.450,2.9,15.6,9.0,51.2,3.8,0.0,11.1,30.0,138,117
2335,201704150CLE,"3:00 PM, April 15, 2017",2017,Cleveland Cavaliers,Indiana Pacers,1,Kyrie Irving,38:55,11,27,.407,1,9,.111,0,1,.000,0,3,3,6,2,1,2,3,23,+3,.419,.426,.333,.037,0.0,10.3,4.9,26.0,2.8,2.2,6.8,36.0,93,120
2336,201704150CLE,"3:00 PM, April 15, 2017",2017,Cleveland Cavaliers,Indiana Pacers,1,J.R. Smith,36:36,2,4,.500,1,3,.333,1,2,.500,1,2,3,1,0,0,2,2,6,+2,.615,.625,.750,.500,3.4,7.3,5.2,3.3,0.0,0.0,29.1,8.9,95,129
2337,201704150CLE,"3:00 PM, April 15, 2017",2017,Cleveland Cavaliers,Indiana Pacers,1,Kevin Love,31:25,5,9,.556,2,6,.333,5,8,.625,1,3,4,1,0,1,3,4,17,-3,.679,.667,.667,.889,3.9,12.7,8.1,4.4,0.0,2.7,19.3,23.5,111,125
2338,201704150CLE,"3:00 PM, April 15, 2017",2017,Cleveland Cavaliers,Indiana Pacers,1,Tristan Thompson,30:43,4,5,.800,0,0,,0,3,.000,6,7,13,1,0,0,1,2,8,+3,.633,.800,.000,.600,24.0,30.4,27.1,4.4,0.0,0.0,13.7,11.3,134,121
2339,201704150CLE,"3:00 PM, April 15, 2017",2017,Cleveland Cavaliers,Indiana Pacers,0,Richard Jefferson,18:18,1,3,.333,1,1,1.000,2,4,.500,0,1,1,1,1,0,0,3,5,+3,.525,.500,.333,1.333,0.0,7.3,3.5,6.7,3.0,0.0,0.0,12.4,120,122
2340,201704150CLE,"3:00 PM, April 15, 2017",2017,Cleveland Cavaliers,Indiana Pacers,0,Channing Frye,16:05,4,5,.800,3,4,.750,0,0,,0,2,2,2,0,0,0,1,11,-3,1.100,1.100,.800,.000,0.0,16.6,8.0,19.9,0.0,0.0,0.0,14.8,212,126
2341,201704150CLE,"3:00 PM, April 15, 2017",2017,Cleveland Cavaliers,Indiana Pacers,0,Kyle Korver,14:47,1,1,1.000,0,0,,0,0,,1,1,2,0,1,0,0,0,2,-4,1.000,1.000,.000,.000,8.3,9.0,8.7,0.0,3.7,0.0,0.0,3.2,206,120
2342,201704150CLE,"3:00 PM, April 15, 2017",2017,Cleveland Cavaliers,Indiana Pacers,0,Deron Williams,10:27,2,4,.500,1,2,.500,0,0,,0,0,0,1,0,0,0,1,5,-1,.625,.625,.500,.000,0.0,0.0,0.0,14.0,0.0,0.0,0.0,18.2,135,131
2343,201704150CLE,"3:00 PM, April 15, 2017",2017,Cleveland Cavaliers,Indiana Pacers,0,Iman Shumpert,0:00,0.0,0.0,0.0,0.0,0.0,0.0,0.0,0.0,0.0,0.0,0.0,0.0,0.0,0.0,0.0,0.0,0.0,0.0,0.0,0.0,0.0,0.0,0.0,0.0,0.0,0.0,0.0,0.0,0.0,0.0,0.0,0.0,0.0
2344,201704150CLE,"3:00 PM, April 15, 2017",2017,Cleveland Cavaliers,Indiana Pacers,0,Derrick Williams,0:00,0.0,0.0,0.0,0.0,0.0,0.0,0.0,0.0,0.0,0.0,0.0,0.0,0.0,0.0,0.0,0.0,0.0,0.0,0.0,0.0,0.0,0.0,0.0,0.0,0.0,0.0,0.0,0.0,0.0,0.0,0.0,0.0,0.0
2345,201704150CLE,"3:00 PM, April 15, 2017",2017,Cleveland Cavaliers,Indiana Pacers,0,Dahntay Jones,0:00,0.0,0.0,0.0,0.0,0.0,0.0,0.0,0.0,0.0,0.0,0.0,0.0,0.0,0.0,0.0,0.0,0.0,0.0,0.0,0.0,0.0,0.0,0.0,0.0,0.0,0.0,0.0,0.0,0.0,0.0,0.0,0.0,0.0
2346,201704150CLE,"3:00 PM, April 15, 2017",2017,Cleveland Cavaliers,Indiana Pacers,0,James Jones,0:00,0.0,0.0,0.0,0.0,0.0,0.0,0.0,0.0,0.0,0.0,0.0,0.0,0.0,0.0,0.0,0.0,0.0,0.0,0.0,0.0,0.0,0.0,0.0,0.0,0.0,0.0,0.0,0.0,0.0,0.0,0.0,0.0,0.0
2347,201704150LAC,"10:30 PM, April 15, 2017",2017,Utah Jazz,Los Angeles Clippers,1,Gordon Hayward,40:10,7,18,.389,0,1,.000,5,5,1.000,1,9,10,3,1,0,5,2,19,+7,.470,.389,.056,.278,3.1,29.9,16.1,12.1,1.3,0.0,19.8,30.3,83,102
2348,201704150LAC,"10:30 PM, April 15, 2017",2017,Utah Jazz,Los Angeles Clippers,1,George Hill,37:14,7,13,.538,1,2,.500,1,2,.500,1,3,4,2,1,0,2,5,16,-3,.576,.577,.154,.154,3.4,10.7,7.0,8.9,1.4,0.0,12.6,20.6,104,107
2349,201704150LAC,"10:30 PM, April 15, 2017",2017,Utah Jazz,Los Angeles Clippers,1,Joe Ingles,32:48,2,7,.286,1,5,.200,3,4,.750,0,2,2,2,2,1,1,1,8,-6,.457,.357,.714,.571,0.0,8.1,4.0,8.3,3.2,2.6,10.2,14.4,93,101
2350,201704150LAC,"10:30 PM, April 15, 2017",2017,Utah Jazz,Los Angeles Clippers,1,Boris Diaw,22:58,3,4,.750,1,1,1.000,0,0,,1,3,4,6,0,0,1,0,7,0,.875,.875,.250,.000,5.5,17.4,11.3,39.5,0.0,0.0,20.0,10.5,159,108
2351,201704150LAC,"10:30 PM, April 15, 2017",2017,Utah Jazz,Los Angeles Clippers,1,Rudy Gobert,0:17,0,0,,0,0,,0,0,,0,0,0,0,0,0,0,0,0,0,,,,,0.0,0.0,0.0,0.0,0.0,0.0,,0.0,0,112
2352,201704150LAC,"10:30 PM, April 15, 2017",2017,Utah Jazz,Los Angeles Clippers,0,Derrick Favors,32:16,7,10,.700,0,0,,1,4,.250,2,4,6,2,0,1,2,4,15,0,.638,.700,.000,.400,7.8,16.5,12.1,10.8,0.0,2.6,14.5,20.6,113,106
2353,201704150LAC,"10:30 PM, April 15, 2017",2017,Utah Jazz,Los Angeles Clippers,0,Joe Johnson,31:17,9,14,.643,3,4,.750,0,0,,0,3,3,3,3,1,1,1,21,+6,.750,.750,.286,.000,0.0,12.8,6.2,19.0,5.0,2.7,6.7,23.2,136,96
2354,201704150LAC,"10:30 PM, April 15, 2017",2017,Utah Jazz,Los Angeles Clippers,0,Rodney Hood,19:28,2,7,.286,2,5,.400,2,2,1.000,0,1,1,1,0,0,0,3,8,+7,.508,.429,.714,.286,0.0,6.8,3.3,7.5,0.0,0.0,0.0,19.6,109,111
2355,201704150LAC,"10:30 PM, April 15, 2017",2017,Utah Jazz,Los Angeles Clippers,0,Shelvin Mack,14:20,0,3,.000,0,1,.000,0,0,,0,2,2,2,0,0,0,1,0,+1,.000,.000,.333,.000,0.0,18.6,9.1,17.6,0.0,0.0,0.0,10.1,38,108
2356,201704150LAC,"10:30 PM, April 15, 2017",2017,Utah Jazz,Los Angeles Clippers,0,Jeff Withey,9:12,1,3,.333,0,0,,1,2,.500,1,1,2,0,0,1,0,2,3,-2,.387,.333,.000,.667,13.7,14.5,14.1,0.0,0.0,9.2,0.0,20.4,95,102
2357,201704150LAC,"10:30 PM, April 15, 2017",2017,Utah Jazz,Los Angeles Clippers,0,Dante Exum,0:00,0.0,0.0,0.0,0.0,0.0,0.0,0.0,0.0,0.0,0.0,0.0,0.0,0.0,0.0,0.0,0.0,0.0,0.0,0.0,0.0,0.0,0.0,0.0,0.0,0.0,0.0,0.0,0.0,0.0,0.0,0.0,0.0,0.0
2358,201704150LAC,"10:30 PM, April 15, 2017",2017,Utah Jazz,Los Angeles Clippers,0,Alec Burks,0:00,0.0,0.0,0.0,0.0,0.0,0.0,0.0,0.0,0.0,0.0,0.0,0.0,0.0,0.0,0.0,0.0,0.0,0.0,0.0,0.0,0.0,0.0,0.0,0.0,0.0,0.0,0.0,0.0,0.0,0.0,0.0,0.0,0.0
2359,201704150LAC,"10:30 PM, April 15, 2017",2017,Utah Jazz,Los Angeles Clippers,0,Trey Lyles,0:00,0.0,0.0,0.0,0.0,0.0,0.0,0.0,0.0,0.0,0.0,0.0,0.0,0.0,0.0,0.0,0.0,0.0,0.0,0.0,0.0,0.0,0.0,0.0,0.0,0.0,0.0,0.0,0.0,0.0,0.0,0.0,0.0,0.0
2360,201704150LAC,"10:30 PM, April 15, 2017",2017,Los Angeles Clippers,Utah Jazz,1,Blake Griffin,42:41,9,21,.429,2,3,.667,6,6,1.000,1,6,7,3,1,0,6,2,26,-6,.550,.476,.143,.286,3.1,17.8,10.6,13.0,1.2,0.0,20.2,32.2,94,107
2361,201704150LAC,"10:30 PM, April 15, 2017",2017,Los Angeles Clippers,Utah Jazz,1,Chris Paul,37:14,10,19,.526,1,4,.250,4,4,1.000,2,5,7,11,3,0,1,3,25,+1,.602,.553,.211,.211,7.2,17.0,12.2,61.4,4.2,0.0,4.6,27.1,137,101
2362,201704150LAC,"10:30 PM, April 15, 2017",2017,Los Angeles Clippers,Utah Jazz,1,DeAndre Jordan,36:42,4,7,.571,0,0,,2,2,1.000,3,12,15,0,1,3,2,3,10,0,.635,.571,.000,.286,10.9,41.3,26.5,0.0,1.4,6.5,20.2,12.5,111,97
2363,201704150LAC,"10:30 PM, April 15, 2017",2017,Los Angeles Clippers,Utah Jazz,1,Luc Mbah a Moute,35:36,2,6,.333,2,4,.500,1,2,.500,2,2,4,0,0,0,0,2,7,-4,.509,.500,.667,.333,7.5,7.1,7.3,0.0,0.0,0.0,0.0,9.0,117,111
2364,201704150LAC,"10:30 PM, April 15, 2017",2017,Los Angeles Clippers,Utah Jazz,1,J.J. Redick,27:16,3,6,.500,1,3,.333,0,1,.000,0,1,1,2,0,0,4,3,7,-10,.543,.583,.500,.167,0.0,4.6,2.4,11.5,0.0,0.0,38.3,17.8,69,112
2365,201704150LAC,"10:30 PM, April 15, 2017",2017,Los Angeles Clippers,Utah Jazz,0,Jamal Crawford,29:02,4,12,.333,0,4,.000,0,0,,0,2,2,0,0,1,2,2,8,+12,.333,.333,.333,.000,0.0,8.7,4.5,0.0,0.0,2.8,14.3,22.4,59,108
2366,201704150LAC,"10:30 PM, April 15, 2017",2017,Los Angeles Clippers,Utah Jazz,0,Raymond Felton,14:52,2,4,.500,0,2,.000,0,0,,0,1,1,1,0,0,0,1,4,-5,.500,.500,.500,.000,0.0,8.5,4.4,10.9,0.0,0.0,0.0,12.5,111,111
2367,201704150LAC,"10:30 PM, April 15, 2017",2017,Los Angeles Clippers,Utah Jazz,0,Marreese Speights,14:04,2,5,.400,2,3,.667,2,2,1.000,0,2,2,1,1,0,0,2,8,0,.680,.600,.600,.400,0.0,18.0,9.2,11.7,3.7,0.0,0.0,19.4,146,101
2368,201704150LAC,"10:30 PM, April 15, 2017",2017,Los Angeles Clippers,Utah Jazz,0,Paul Pierce,2:33,0,1,.000,0,1,.000,0,0,,0,1,1,2,0,0,0,0,0,+2,.000,.000,1.000,.000,0.0,49.5,25.4,100.0,0.0,0.0,0.0,18.2,85,105
2369,201704150LAC,"10:30 PM, April 15, 2017",2017,Los Angeles Clippers,Utah Jazz,0,Alan Anderson,0:00,0.0,0.0,0.0,0.0,0.0,0.0,0.0,0.0,0.0,0.0,0.0,0.0,0.0,0.0,0.0,0.0,0.0,0.0,0.0,0.0,0.0,0.0,0.0,0.0,0.0,0.0,0.0,0.0,0.0,0.0,0.0,0.0,0.0
2370,201704150LAC,"10:30 PM, April 15, 2017",2017,Los Angeles Clippers,Utah Jazz,0,Brandon Bass,0:00,0.0,0.0,0.0,0.0,0.0,0.0,0.0,0.0,0.0,0.0,0.0,0.0,0.0,0.0,0.0,0.0,0.0,0.0,0.0,0.0,0.0,0.0,0.0,0.0,0.0,0.0,0.0,0.0,0.0,0.0,0.0,0.0,0.0
2371,201704150LAC,"10:30 PM, April 15, 2017",2017,Los Angeles Clippers,Utah Jazz,0,Wesley Johnson,0:00,0.0,0.0,0.0,0.0,0.0,0.0,0.0,0.0,0.0,0.0,0.0,0.0,0.0,0.0,0.0,0.0,0.0,0.0,0.0,0.0,0.0,0.0,0.0,0.0,0.0,0.0,0.0,0.0,0.0,0.0,0.0,0.0,0.0
2372,201704150LAC,"10:30 PM, April 15, 2017",2017,Los Angeles Clippers,Utah Jazz,0,Brice Johnson,0:00,0.0,0.0,0.0,0.0,0.0,0.0,0.0,0.0,0.0,0.0,0.0,0.0,0.0,0.0,0.0,0.0,0.0,0.0,0.0,0.0,0.0,0.0,0.0,0.0,0.0,0.0,0.0,0.0,0.0,0.0,0.0,0.0,0.0
2373,201704150SAS,"8:00 PM, April 15, 2017",2017,Memphis Grizzlies,San Antonio Spurs,1,Marc Gasol,33:34,11,18,.611,3,3,1.000,7,7,1.000,0,5,5,2,0,2,1,4,32,-11,.759,.694,.167,.389,0.0,20.4,9.3,18.7,0.0,5.0,4.5,33.4,145,130
2374,201704150SAS,"8:00 PM, April 15, 2017",2017,Memphis Grizzlies,San Antonio Spurs,1,Mike Conley,30:01,5,14,.357,2,4,.500,1,2,.500,1,4,5,7,3,1,2,2,13,-7,.437,.429,.286,.143,3.8,18.3,10.4,48.7,5.6,2.8,11.8,28.6,95,120
2375,201704150SAS,"8:00 PM, April 15, 2017",2017,Memphis Grizzlies,San Antonio Spurs,1,Vince Carter,28:10,2,6,.333,0,1,.000,0,0,,1,3,4,1,1,0,1,2,4,-12,.333,.333,.167,.000,4.1,14.6,8.9,6.2,2.0,0.0,14.3,12.6,71,131
2376,201704150SAS,"8:00 PM, April 15, 2017",2017,Memphis Grizzlies,San Antonio Spurs,1,Wayne Selden,26:40,2,8,.250,0,3,.000,1,2,.500,0,3,3,1,1,0,1,0,5,-1,.282,.250,.375,.250,0.0,15.4,7.0,6.6,2.1,0.0,10.1,18.8,58,131
2377,201704150SAS,"8:00 PM, April 15, 2017",2017,Memphis Grizzlies,San Antonio Spurs,1,JaMychal Green,14:38,1,3,.333,1,2,.500,0,0,,0,1,1,1,0,0,0,4,3,+8,.500,.500,.667,.000,0.0,9.4,4.3,11.8,0.0,0.0,0.0,10.4,111,136
2378,201704150SAS,"8:00 PM, April 15, 2017",2017,Memphis Grizzlies,San Antonio Spurs,0,Zach Randolph,26:28,3,13,.231,0,1,.000,0,0,,0,3,3,1,0,0,1,1,6,-39,.231,.231,.077,.000,0.0,15.5,7.1,7.1,0.0,0.0,7.1,26.9,49,135
2379,201704150SAS,"8:00 PM, April 15, 2017",2017,Memphis Grizzlies,San Antonio Spurs,0,James Ennis,20:17,1,2,.500,0,1,.000,0,0,,2,1,3,1,1,1,0,1,2,-28,.500,.500,.500,.000,11.3,6.8,9.2,8.3,2.8,4.2,0.0,5.0,140,127
2380,201704150SAS,"8:00 PM, April 15, 2017",2017,Memphis Grizzlies,San Antonio Spurs,0,Andrew Harrison,19:37,3,6,.500,1,2,.500,3,4,.750,1,1,2,2,0,0,1,2,10,-19,.644,.583,.333,.667,5.8,7.0,6.4,20.7,0.0,0.0,11.4,22.7,124,137
2381,201704150SAS,"8:00 PM, April 15, 2017",2017,Memphis Grizzlies,San Antonio Spurs,0,Troy Daniels,15:31,0,3,.000,0,3,.000,0,0,,0,0,0,0,0,0,1,1,0,-29,.000,.000,1.000,.000,0.0,0.0,0.0,0.0,0.0,0.0,25.0,13.1,0,138
2382,201704150SAS,"8:00 PM, April 15, 2017",2017,Memphis Grizzlies,San Antonio Spurs,0,Deyonta Davis,7:12,3,3,1.000,0,0,,1,2,.500,1,3,4,0,0,0,0,1,7,-3,.000,.000,.000,.000,15.9,19.0,17.3,21.5,0.0,0.0,0.0,7.1,85,134
2383,201704150SAS,"8:00 PM, April 15, 2017",2017,Memphis Grizzlies,San Antonio Spurs,0,Wade Baldwin,7:12,0,1,.000,0,0,,0,0,,1,1,2,1,0,0,0,1,0,-3,.902,1.000,.000,.667,15.9,57.1,34.6,0.0,0.0,0.0,0.0,27.4,179,128
2384,201704150SAS,"8:00 PM, April 15, 2017",2017,Memphis Grizzlies,San Antonio Spurs,0,Jarell Martin,5:38,0,1,.000,0,0,,0,0,,1,1,2,0,1,0,0,1,0,+2,.000,.000,.000,.000,20.3,24.3,22.1,0.0,10.0,0.0,0.0,9.0,59,112
2385,201704150SAS,"8:00 PM, April 15, 2017",2017,Memphis Grizzlies,San Antonio Spurs,0,Brandan Wright,5:02,0,1,.000,0,0,,0,0,,0,1,1,0,0,2,0,0,0,-3,.000,.000,.000,.000,0.0,27.2,12.4,0.0,0.0,33.5,0.0,10.1,0,104
2386,201704150SAS,"8:00 PM, April 15, 2017",2017,San Antonio Spurs,Memphis Grizzlies,1,Kawhi Leonard,32:05,11,14,.786,1,3,.333,9,9,1.000,1,2,3,5,2,0,2,1,32,+17,.891,.821,.214,.643,4.3,7.1,5.8,30.5,3.5,0.0,10.0,31.1,170,97
2387,201704150SAS,"8:00 PM, April 15, 2017",2017,San Antonio Spurs,Memphis Grizzlies,1,LaMarcus Aldridge,30:08,8,18,.444,0,0,,4,5,.800,2,4,6,2,0,0,0,2,20,+11,.495,.444,.000,.278,9.1,15.2,12.4,11.3,0.0,0.0,0.0,33.5,116,103
2388,201704150SAS,"8:00 PM, April 15, 2017",2017,San Antonio Spurs,Memphis Grizzlies,1,Tony Parker,21:56,8,12,.667,2,2,1.000,0,0,,0,1,1,2,0,0,0,1,18,+12,.750,.750,.167,.000,0.0,5.2,2.8,18.6,0.0,0.0,0.0,27.4,155,106
2389,201704150SAS,"8:00 PM, April 15, 2017",2017,San Antonio Spurs,Memphis Grizzlies,1,Danny Green,20:25,0,2,.000,0,2,.000,2,2,1.000,1,4,5,1,1,4,0,1,2,+6,.347,.000,1.000,1.000,6.7,22.4,15.3,5.7,2.8,15.9,0.0,7.1,116,80
2390,201704150SAS,"8:00 PM, April 15, 2017",2017,San Antonio Spurs,Memphis Grizzlies,1,Dewayne Dedmon,17:34,0,0,,0,0,,0,2,.000,2,6,8,1,0,2,0,1,0,-5,.000,,,,15.6,39.0,28.4,6.7,0.0,9.3,0.0,2.5,129,88
2391,201704150SAS,"8:00 PM, April 15, 2017",2017,San Antonio Spurs,Memphis Grizzlies,0,Pau Gasol,24:53,2,7,.286,2,2,1.000,0,0,,0,4,4,1,0,1,1,2,6,+22,.429,.429,.286,.000,0.0,18.4,10.0,5.2,0.0,3.3,12.5,16.1,85,99
2392,201704150SAS,"8:00 PM, April 15, 2017",2017,San Antonio Spurs,Memphis Grizzlies,0,Patty Mills,17:14,3,4,.750,3,3,1.000,0,0,,0,2,2,0,0,0,3,3,9,+17,1.125,1.125,.750,.000,0.0,13.3,7.2,0.0,0.0,0.0,42.9,20.3,106,103
2393,201704150SAS,"8:00 PM, April 15, 2017",2017,San Antonio Spurs,Memphis Grizzlies,0,Kyle Anderson,16:55,2,3,.667,0,1,.000,0,0,,0,3,3,0,0,1,1,1,4,+17,.667,.667,.333,.000,0.0,20.3,11.1,0.0,0.0,4.8,25.0,11.8,95,97
2394,201704150SAS,"8:00 PM, April 15, 2017",2017,San Antonio Spurs,Memphis Grizzlies,0,David Lee,15:13,2,5,.400,0,1,.000,1,2,.500,1,3,4,0,0,2,0,1,5,+22,.425,.400,.200,.400,9.0,22.5,16.4,0.0,0.0,10.7,0.0,19.3,102,91
2395,201704150SAS,"8:00 PM, April 15, 2017",2017,San Antonio Spurs,Memphis Grizzlies,0,Jonathon Simmons,14:08,2,3,.667,0,0,,2,3,.667,0,2,2,2,0,1,1,2,6,+5,.694,.667,.000,1.000,0.0,16.2,8.8,19.9,0.0,5.8,18.8,18.8,127,97
2396,201704150SAS,"8:00 PM, April 15, 2017",2017,San Antonio Spurs,Memphis Grizzlies,0,Manu Ginobili,13:27,0,4,.000,0,2,.000,0,0,,1,2,3,2,1,0,0,2,0,+18,.000,.000,.500,.000,10.2,17.0,13.9,17.4,4.2,0.0,0.0,14.9,56,93
2397,201704150SAS,"8:00 PM, April 15, 2017",2017,San Antonio Spurs,Memphis Grizzlies,0,Bryn Forbes,8:50,2,3,.667,1,2,.500,0,0,,0,1,1,0,0,0,0,3,5,0,.833,.833,.667,.000,0.0,12.9,7.1,0.0,0.0,0.0,0.0,17.0,165,103
2398,201704150SAS,"8:00 PM, April 15, 2017",2017,San Antonio Spurs,Memphis Grizzlies,0,Davis Bertans,7:12,1,1,1.000,1,1,1.000,1,2,.500,0,0,0,0,0,0,1,0,4,+3,1.064,1.500,1.000,2.000,0.0,0.0,0.0,0.0,0.0,0.0,34.7,20.0,117,107
2399,201704150TOR,"5:30 PM, April 15, 2017",2017,Milwaukee Bucks,Toronto Raptors,1,Khris Middleton,40:47,4,15,.267,0,2,.000,2,2,1.000,0,2,2,9,1,0,0,4,10,+27,.315,.267,.133,.133,0.0,5.6,2.6,31.8,1.3,0.0,0.0,19.3,92,99
2400,201704150TOR,"5:30 PM, April 15, 2017",2017,Milwaukee Bucks,Toronto Raptors,1,Giannis Antetokounmpo,38:20,13,18,.722,0,2,.000,2,5,.400,0,8,8,3,2,1,1,4,28,+10,.693,.722,.111,.278,0.0,23.9,11.1,17.3,2.9,2.4,4.7,27.5,130,89
2401,201704150TOR,"5:30 PM, April 15, 2017",2017,Milwaukee Bucks,Toronto Raptors,1,Malcolm Brogdon,34:13,6,13,.462,4,7,.571,0,0,,1,5,6,2,0,1,1,3,16,+17,.615,.615,.538,.000,2.9,16.7,9.4,9.5,0.0,2.7,7.1,20.3,116,97
2402,201704150TOR,"5:30 PM, April 15, 2017",2017,Milwaukee Bucks,Toronto Raptors,1,Tony Snell,24:12,4,11,.364,3,7,.429,0,0,,1,3,4,3,0,0,0,3,11,+16,.500,.500,.636,.000,4.1,14.2,8.8,19.8,0.0,0.0,0.0,22.6,113,99
2403,201704150TOR,"5:30 PM, April 15, 2017",2017,Milwaukee Bucks,Toronto Raptors,1,Thon Maker,15:16,2,2,1.000,0,0,,0,0,,1,2,3,0,1,3,1,2,4,+3,1.000,1.000,.000,.000,6.6,15.0,10.5,0.0,3.6,18.1,33.3,9.8,125,79
2404,201704150TOR,"5:30 PM, April 15, 2017",2017,Milwaukee Bucks,Toronto Raptors,0,Matthew Dellavedova,31:31,3,9,.333,1,3,.333,4,4,1.000,0,1,1,0,0,0,1,0,11,+6,.511,.389,.333,.444,0.0,3.6,1.7,0.0,0.0,0.0,8.5,18.5,96,103
2405,201704150TOR,"5:30 PM, April 15, 2017",2017,Milwaukee Bucks,Toronto Raptors,0,Greg Monroe,25:50,5,11,.455,0,0,,4,4,1.000,5,10,15,2,1,0,1,4,14,+15,.549,.455,.000,.364,19.4,44.2,31.0,12.9,2.1,0.0,7.3,26.5,124,86
2406,201704150TOR,"5:30 PM, April 15, 2017",2017,Milwaukee Bucks,Toronto Raptors,0,Jason Terry,9:29,0,1,.000,0,0,,0,0,,0,1,1,2,0,0,0,0,0,-4,.000,.000,.000,.000,0.0,12.1,5.6,26.6,0.0,0.0,0.0,5.2,83,101
2407,201704150TOR,"5:30 PM, April 15, 2017",2017,Milwaukee Bucks,Toronto Raptors,0,Spencer Hawes,6:54,1,3,.333,1,1,1.000,0,0,,1,1,2,0,0,0,0,0,3,-4,.500,.500,.333,.000,14.5,16.6,15.5,0.0,0.0,0.0,0.0,21.6,113,99
2408,201704150TOR,"5:30 PM, April 15, 2017",2017,Milwaukee Bucks,Toronto Raptors,0,Mirza Teletovic,6:06,0,2,.000,0,1,.000,0,0,,0,0,0,0,0,0,0,2,0,-6,.000,.000,.500,.000,0.0,0.0,0.0,0.0,0.0,0.0,0.0,16.3,0,103
2409,201704150TOR,"5:30 PM, April 15, 2017",2017,Milwaukee Bucks,Toronto Raptors,0,Michael Beasley,5:36,0,0,,0,0,,0,0,,0,1,1,1,0,0,0,1,0,-6,,,,,0.0,20.4,9.5,22.6,0.0,0.0,,0.0,224,97
2410,201704150TOR,"5:30 PM, April 15, 2017",2017,Milwaukee Bucks,Toronto Raptors,0,Rashad Vaughn,1:46,0,0,,0,0,,0,0,,0,0,0,0,0,0,0,0,0,-4,,,,,0.0,0.0,0.0,0.0,0.0,0.0,,0.0,0,104
2411,201704150TOR,"5:30 PM, April 15, 2017",2017,Milwaukee Bucks,Toronto Raptors,0,John Henson,0:00,0.0,0.0,0.0,0.0,0.0,0.0,0.0,0.0,0.0,0.0,0.0,0.0,0.0,0.0,0.0,0.0,0.0,0.0,0.0,0.0,0.0,0.0,0.0,0.0,0.0,0.0,0.0,0.0,0.0,0.0,0.0,0.0,0.0
2412,201704150TOR,"5:30 PM, April 15, 2017",2017,Toronto Raptors,Milwaukee Bucks,1,DeMar DeRozan,38:49,7,21,.333,0,2,.000,13,14,.929,0,8,8,1,0,0,1,3,27,-16,.497,.333,.095,.667,0.0,20.6,11.0,6.7,0.0,0.0,3.6,35.0,104,113
2413,201704150TOR,"5:30 PM, April 15, 2017",2017,Toronto Raptors,Milwaukee Bucks,1,Serge Ibaka,35:33,8,14,.571,1,4,.250,2,4,.500,3,11,14,0,0,3,1,2,19,-16,.603,.607,.286,.286,9.6,30.9,21.0,0.0,0.0,6.5,6.0,22.7,116,103
2414,201704150TOR,"5:30 PM, April 15, 2017",2017,Toronto Raptors,Milwaukee Bucks,1,Kyle Lowry,33:52,2,11,.182,0,6,.000,0,1,.000,1,1,2,6,2,0,1,4,4,-22,.175,.182,.545,.091,3.4,3.0,3.1,35.2,3.2,0.0,8.0,17.7,58,110
2415,201704150TOR,"5:30 PM, April 15, 2017",2017,Toronto Raptors,Milwaukee Bucks,1,DeMarre Carroll,23:35,2,3,.667,0,1,.000,1,3,.333,0,4,4,0,0,1,1,4,5,-15,.579,.667,.333,1.000,0.0,17.0,9.0,0.0,0.0,3.3,18.8,10.9,88,110
2416,201704150TOR,"5:30 PM, April 15, 2017",2017,Toronto Raptors,Milwaukee Bucks,1,Jonas Valanciunas,23:34,2,5,.400,0,0,,5,7,.714,0,9,9,0,0,0,1,3,9,-14,.557,.400,.000,1.400,0.0,38.2,20.4,0.0,0.0,0.0,11.0,18.6,104,108
2417,201704150TOR,"5:30 PM, April 15, 2017",2017,Toronto Raptors,Milwaukee Bucks,0,P.J. Tucker,29:19,2,7,.286,1,4,.250,2,2,1.000,2,2,4,1,0,0,0,2,7,+1,.444,.357,.571,.286,7.8,6.8,7.3,6.9,0.0,0.0,0.0,13.0,108,116
2418,201704150TOR,"5:30 PM, April 15, 2017",2017,Toronto Raptors,Milwaukee Bucks,0,Cory Joseph,26:30,1,5,.200,1,1,1.000,0,0,,0,0,0,5,0,0,3,2,3,+1,.300,.300,.200,.000,0.0,0.0,0.0,36.0,0.0,0.0,37.5,14.6,59,118
2419,201704150TOR,"5:30 PM, April 15, 2017",2017,Toronto Raptors,Milwaukee Bucks,0,Patrick Patterson,16:23,1,3,.333,1,3,.333,0,0,,0,3,3,1,0,0,1,0,3,-3,.500,.500,1.000,.000,0.0,18.3,9.8,12.2,0.0,0.0,25.0,11.8,79,113
2420,201704150TOR,"5:30 PM, April 15, 2017",2017,Toronto Raptors,Milwaukee Bucks,0,Norman Powell,5:45,2,4,.500,1,1,1.000,0,0,,0,0,0,0,0,0,1,0,5,-2,.625,.625,.250,.000,0.0,0.0,0.0,0.0,0.0,0.0,20.0,41.9,84,118
2421,201704150TOR,"5:30 PM, April 15, 2017",2017,Toronto Raptors,Milwaukee Bucks,0,Delon Wright,1:46,0,1,.000,0,1,.000,0,0,,0,0,0,1,0,0,0,0,0,+4,,,,,0.0,0.0,0.0,0.0,31.1,0.0,,0.0,0,49
2422,201704150TOR,"5:30 PM, April 15, 2017",2017,Toronto Raptors,Milwaukee Bucks,0,Jakob Poeltl,1:46,0,0,,0,0,,0,0,,0,0,0,0,1,0,0,0,0,+4,,,,,0.0,0.0,0.0,0.0,0.0,0.0,,0.0,0,118
2423,201704150TOR,"5:30 PM, April 15, 2017",2017,Toronto Raptors,Milwaukee Bucks,0,Fred VanVleet,1:46,0,0,,0,0,,0,0,,0,0,0,0,0,0,0,1,0,+4,.000,.000,1.000,.000,0.0,0.0,0.0,100.0,0.0,0.0,0.0,27.3,42,118
2424,201704150TOR,"5:30 PM, April 15, 2017",2017,Toronto Raptors,Milwaukee Bucks,0,Lucas Nogueira,1:22,0,1,.000,0,0,,1,2,.500,2,1,3,0,0,0,0,0,1,+4,.266,.000,.000,2.000,100.0,73.2,100.0,0.0,0.0,0.0,0.0,66.3,102,98
2425,201704160BOS,"6:30 PM, April 16, 2017",2017,Chicago Bulls,Boston Celtics,1,Jimmy Butler,40:32,9,20,.450,3,6,.500,9,12,.750,3,6,9,3,1,1,5,2,30,-3,.593,.525,.300,.600,8.1,15.8,12.0,12.5,1.3,2.5,16.5,30.6,117,112
2426,201704160BOS,"6:30 PM, April 16, 2017",2017,Chicago Bulls,Boston Celtics,1,Dwyane Wade,33:49,4,12,.333,1,2,.500,2,2,1.000,1,4,5,6,2,2,3,2,11,+3,.427,.375,.167,.167,3.2,12.6,8.0,25.6,3.1,5.9,18.9,19.2,100,107
2427,201704160BOS,"6:30 PM, April 16, 2017",2017,Chicago Bulls,Boston Celtics,1,Robin Lopez,33:34,6,9,.667,0,0,,2,2,1.000,7,3,10,0,0,0,0,2,14,-7,.709,.667,.000,.222,22.7,9.5,16.1,0.0,0.0,0.0,0.0,12.1,169,118
2428,201704160BOS,"6:30 PM, April 16, 2017",2017,Chicago Bulls,Boston Celtics,1,Rajon Rondo,26:59,6,15,.400,0,3,.000,0,0,,5,3,8,6,2,1,1,5,12,-7,.400,.400,.200,.000,20.2,11.9,16.0,37.7,3.8,3.7,6.3,24.3,117,106
2429,201704160BOS,"6:30 PM, April 16, 2017",2017,Chicago Bulls,Boston Celtics,1,Nikola Mirotic,18:42,1,9,.111,0,5,.000,2,2,1.000,1,3,4,0,1,0,1,2,4,-6,.202,.111,.556,.222,5.8,17.1,11.5,0.0,2.8,0.0,9.2,23.8,58,109
2430,201704160BOS,"6:30 PM, April 16, 2017",2017,Chicago Bulls,Boston Celtics,0,Bobby Portis,29:11,8,10,.800,3,4,.750,0,0,,1,8,9,3,0,2,0,2,19,+12,.950,.950,.400,.000,3.7,29.2,16.6,19.1,0.0,6.9,0.0,14.0,201,107
2431,201704160BOS,"6:30 PM, April 16, 2017",2017,Chicago Bulls,Boston Celtics,0,Paul Zipser,21:49,1,4,.250,0,2,.000,4,4,1.000,0,2,2,0,1,1,2,1,6,+6,.521,.250,.500,1.000,0.0,9.8,4.9,0.0,2.4,4.6,25.8,14.6,92,110
2432,201704160BOS,"6:30 PM, April 16, 2017",2017,Chicago Bulls,Boston Celtics,0,Jerian Grant,21:01,2,9,.222,1,4,.250,1,1,1.000,0,2,2,4,1,0,2,1,6,+11,.318,.278,.444,.111,0.0,10.2,5.1,26.5,2.5,0.0,17.5,22.3,84,113
2433,201704160BOS,"6:30 PM, April 16, 2017",2017,Chicago Bulls,Boston Celtics,0,Cristiano Felicio,14:22,2,3,.667,0,0,,0,0,,2,2,4,0,2,0,2,1,4,+11,.667,.667,.000,.000,15.2,14.8,15.0,0.0,7.2,0.0,40.0,14.3,86,100
2434,201704160BOS,"6:30 PM, April 16, 2017",2017,Chicago Bulls,Boston Celtics,0,Anthony Morrow,0:00,0.0,0.0,0.0,0.0,0.0,0.0,0.0,0.0,0.0,0.0,0.0,0.0,0.0,0.0,0.0,0.0,0.0,0.0,0.0,0.0,0.0,0.0,0.0,0.0,0.0,0.0,0.0,0.0,0.0,0.0,0.0,0.0,0.0
2435,201704160BOS,"6:30 PM, April 16, 2017",2017,Chicago Bulls,Boston Celtics,0,Denzel Valentine,0:00,0.0,0.0,0.0,0.0,0.0,0.0,0.0,0.0,0.0,0.0,0.0,0.0,0.0,0.0,0.0,0.0,0.0,0.0,0.0,0.0,0.0,0.0,0.0,0.0,0.0,0.0,0.0,0.0,0.0,0.0,0.0,0.0,0.0
2436,201704160BOS,"6:30 PM, April 16, 2017",2017,Chicago Bulls,Boston Celtics,0,Michael Carter-Williams,0:00,0.0,0.0,0.0,0.0,0.0,0.0,0.0,0.0,0.0,0.0,0.0,0.0,0.0,0.0,0.0,0.0,0.0,0.0,0.0,0.0,0.0,0.0,0.0,0.0,0.0,0.0,0.0,0.0,0.0,0.0,0.0,0.0,0.0
2437,201704160BOS,"6:30 PM, April 16, 2017",2017,Chicago Bulls,Boston Celtics,0,Joffrey Lauvergne,0:00,0.0,0.0,0.0,0.0,0.0,0.0,0.0,0.0,0.0,0.0,0.0,0.0,0.0,0.0,0.0,0.0,0.0,0.0,0.0,0.0,0.0,0.0,0.0,0.0,0.0,0.0,0.0,0.0,0.0,0.0,0.0,0.0,0.0
2438,201704160BOS,"6:30 PM, April 16, 2017",2017,Boston Celtics,Chicago Bulls,1,Al Horford,40:23,8,13,.615,1,2,.500,2,2,1.000,2,5,7,8,0,0,2,2,19,+3,.684,.654,.154,.154,5.3,13.5,9.3,34.6,0.0,0.0,12.6,17.3,138,119
2439,201704160BOS,"6:30 PM, April 16, 2017",2017,Boston Celtics,Chicago Bulls,1,Isaiah Thomas,38:00,10,18,.556,3,7,.429,10,12,.833,0,6,6,6,1,0,6,3,33,+12,.709,.639,.389,.667,0.0,17.2,8.5,31.1,1.4,0.0,20.5,33.8,118,114
2440,201704160BOS,"6:30 PM, April 16, 2017",2017,Boston Celtics,Chicago Bulls,1,Avery Bradley,35:27,5,13,.385,4,10,.400,0,0,,1,1,2,2,3,0,4,1,14,+6,.538,.538,.769,.000,3.0,3.1,3.0,9.0,4.4,0.0,23.5,21.0,85,115
2441,201704160BOS,"6:30 PM, April 16, 2017",2017,Boston Celtics,Chicago Bulls,1,Jae Crowder,30:56,4,12,.333,1,5,.200,0,0,,2,6,8,0,1,0,0,5,9,-10,.375,.375,.417,.000,6.9,21.2,13.9,0.0,1.7,0.0,0.0,17.0,88,111
2442,201704160BOS,"6:30 PM, April 16, 2017",2017,Boston Celtics,Chicago Bulls,1,Amir Johnson,18:02,2,8,.250,0,1,.000,1,3,.333,3,1,4,0,1,1,1,3,5,-2,.268,.250,.125,.375,17.7,6.0,12.0,0.0,2.9,4.1,9.7,25.1,68,115
2443,201704160BOS,"6:30 PM, April 16, 2017",2017,Boston Celtics,Chicago Bulls,0,Marcus Smart,30:31,3,9,.333,3,7,.429,0,0,,0,2,2,6,1,0,2,2,9,-13,.500,.500,.778,.000,0.0,7.1,3.5,29.2,1.7,0.0,18.2,15.8,103,119
2444,201704160BOS,"6:30 PM, April 16, 2017",2017,Boston Celtics,Chicago Bulls,0,Kelly Olynyk,23:05,3,8,.375,1,4,.250,0,0,,3,1,4,3,2,3,0,1,7,-9,.438,.438,.500,.000,13.9,4.7,9.3,20.3,4.5,9.6,0.0,15.2,122,110
2445,201704160BOS,"6:30 PM, April 16, 2017",2017,Boston Celtics,Chicago Bulls,0,Jaylen Brown,11:00,2,2,1.000,1,1,1.000,0,0,,0,1,1,0,0,0,0,0,5,-9,1.250,1.250,.500,.000,0.0,9.9,4.9,0.0,0.0,0.0,0.0,8.0,250,121
2446,201704160BOS,"6:30 PM, April 16, 2017",2017,Boston Celtics,Chicago Bulls,0,Gerald Green,5:34,0,2,.000,0,1,.000,1,2,.500,0,0,0,1,0,0,0,1,1,-4,.174,.000,.500,1.000,0.0,0.0,0.0,23.3,0.0,0.0,0.0,22.7,62,126
2447,201704160BOS,"6:30 PM, April 16, 2017",2017,Boston Celtics,Chicago Bulls,0,Jonas Jerebko,3:59,0,0,,0,0,,0,0,,0,0,0,1,0,0,0,1,0,+5,,,,,0.0,0.0,0.0,32.6,0.0,0.0,,0.0,238,126
2448,201704160BOS,"6:30 PM, April 16, 2017",2017,Boston Celtics,Chicago Bulls,0,Tyler Zeller,3:03,0,1,.000,0,0,,0,0,,1,1,2,0,0,0,0,1,0,+1,.000,.000,.000,.000,35.0,35.8,35.4,0.0,0.0,0.0,0.0,14.4,63,106
2449,201704160BOS,"6:30 PM, April 16, 2017",2017,Boston Celtics,Chicago Bulls,0,James Young,0:00,0.0,0.0,0.0,0.0,0.0,0.0,0.0,0.0,0.0,0.0,0.0,0.0,0.0,0.0,0.0,0.0,0.0,0.0,0.0,0.0,0.0,0.0,0.0,0.0,0.0,0.0,0.0,0.0,0.0,0.0,0.0,0.0,0.0
2450,201704160BOS,"6:30 PM, April 16, 2017",2017,Boston Celtics,Chicago Bulls,0,Terry Rozier,0:00,0.0,0.0,0.0,0.0,0.0,0.0,0.0,0.0,0.0,0.0,0.0,0.0,0.0,0.0,0.0,0.0,0.0,0.0,0.0,0.0,0.0,0.0,0.0,0.0,0.0,0.0,0.0,0.0,0.0,0.0,0.0,0.0,0.0
2451,201704160GSW,"3:30 PM, April 16, 2017",2017,Portland Trail Blazers,Golden State Warriors,1,CJ McCollum,40:48,16,28,.571,4,6,.667,5,6,.833,3,5,8,1,1,1,4,4,41,-5,.669,.643,.214,.214,7.5,16.3,11.3,5.6,1.2,2.2,11.5,34.9,123,121
2452,201704160GSW,"3:30 PM, April 16, 2017",2017,Portland Trail Blazers,Golden State Warriors,1,Damian Lillard,39:24,12,26,.462,3,9,.333,7,7,1.000,2,3,5,3,2,1,3,2,34,-6,.585,.519,.346,.269,5.2,10.2,7.3,14.4,2.4,2.3,9.4,33.5,117,120
2453,201704160GSW,"3:30 PM, April 16, 2017",2017,Portland Trail Blazers,Golden State Warriors,1,Evan Turner,35:58,3,7,.429,2,3,.667,4,4,1.000,1,9,10,4,1,0,1,4,12,-9,.685,.571,.429,.571,2.8,33.4,16.1,14.8,1.3,0.0,10.2,11.2,143,119
2454,201704160GSW,"3:30 PM, April 16, 2017",2017,Portland Trail Blazers,Golden State Warriors,1,Maurice Harkless,34:49,5,13,.385,1,6,.167,0,0,,2,1,3,1,2,1,0,5,11,-10,.423,.423,.462,.000,5.9,3.8,5.0,4.2,2.7,2.6,0.0,15.4,101,120
2455,201704160GSW,"3:30 PM, April 16, 2017",2017,Portland Trail Blazers,Golden State Warriors,1,Noah Vonleh,23:03,1,5,.200,0,0,,0,0,,1,4,5,4,0,0,2,4,2,-10,.200,.200,.000,.000,4.4,23.1,12.5,22.0,0.0,0.0,28.6,12.5,65,124
2456,201704160GSW,"3:30 PM, April 16, 2017",2017,Portland Trail Blazers,Golden State Warriors,0,Al-Farouq Aminu,23:18,0,5,.000,0,1,.000,0,0,,0,3,3,0,0,0,2,3,0,-8,.000,.000,.200,.000,0.0,17.2,7.4,0.0,0.0,0.0,28.6,12.4,0,125
2457,201704160GSW,"3:30 PM, April 16, 2017",2017,Portland Trail Blazers,Golden State Warriors,0,Allen Crabbe,21:54,1,5,.200,1,3,.333,0,2,.000,0,2,2,1,1,0,0,2,3,-5,.255,.300,.600,.400,0.0,12.2,5.3,5.8,2.2,0.0,0.0,11.0,65,121
2458,201704160GSW,"3:30 PM, April 16, 2017",2017,Portland Trail Blazers,Golden State Warriors,0,Shabazz Napier,10:13,1,1,1.000,0,0,,1,2,.500,0,0,0,0,1,0,0,0,3,-8,.798,1.000,.000,2.000,0.0,0.0,0.0,0.0,4.7,0.0,0.0,7.6,161,118
2459,201704160GSW,"3:30 PM, April 16, 2017",2017,Portland Trail Blazers,Golden State Warriors,0,Meyers Leonard,6:36,0,0,,0,0,,0,0,,2,0,2,1,0,0,2,1,0,-4,,,,,30.9,0.0,17.5,18.2,0.0,0.0,100.0,12.5,65,128
2460,201704160GSW,"3:30 PM, April 16, 2017",2017,Portland Trail Blazers,Golden State Warriors,0,Pat Connaughton,3:57,1,3,.333,0,2,.000,1,1,1.000,0,0,0,0,0,0,0,0,3,+5,.436,.333,.667,.333,0.0,0.0,0.0,0.0,0.0,0.0,0.0,35.8,97,129
2461,201704160GSW,"3:30 PM, April 16, 2017",2017,Portland Trail Blazers,Golden State Warriors,0,Jake Layman,0:00,0.0,0.0,0.0,0.0,0.0,0.0,0.0,0.0,0.0,0.0,0.0,0.0,0.0,0.0,0.0,0.0,0.0,0.0,0.0,0.0,0.0,0.0,0.0,0.0,0.0,0.0,0.0,0.0,0.0,0.0,0.0,0.0,0.0
2462,201704160GSW,"3:30 PM, April 16, 2017",2017,Portland Trail Blazers,Golden State Warriors,0,Tim Quarterman,0:00,0.0,0.0,0.0,0.0,0.0,0.0,0.0,0.0,0.0,0.0,0.0,0.0,0.0,0.0,0.0,0.0,0.0,0.0,0.0,0.0,0.0,0.0,0.0,0.0,0.0,0.0,0.0,0.0,0.0,0.0,0.0,0.0,0.0
2463,201704160GSW,"3:30 PM, April 16, 2017",2017,Golden State Warriors,Portland Trail Blazers,1,Draymond Green,36:57,6,10,.600,3,4,.750,4,7,.571,1,11,12,9,3,5,1,4,19,+15,.726,.750,.400,.700,3.6,30.4,18.8,33.2,3.9,10.3,7.1,16.7,154,93
2464,201704160GSW,"3:30 PM, April 16, 2017",2017,Golden State Warriors,Portland Trail Blazers,1,Kevin Durant,35:56,12,20,.600,2,6,.333,6,7,.857,1,10,11,2,0,1,3,2,32,+1,.693,.650,.300,.350,3.7,28.4,17.7,9.9,0.0,2.1,11.5,31.9,126,109
2465,201704160GSW,"3:30 PM, April 16, 2017",2017,Golden State Warriors,Portland Trail Blazers,1,Stephen Curry,35:45,9,19,.474,3,8,.375,8,8,1.000,1,4,5,4,1,1,5,5,29,+5,.644,.553,.421,.421,3.7,11.4,8.1,17.4,1.3,2.1,18.2,33.8,114,111
2466,201704160GSW,"3:30 PM, April 16, 2017",2017,Golden State Warriors,Portland Trail Blazers,1,Klay Thompson,35:21,6,16,.375,1,6,.167,2,2,1.000,2,1,3,2,1,1,2,1,15,+14,.444,.406,.375,.125,7.5,2.9,4.9,7.8,1.4,2.2,10.6,23.5,95,113
2467,201704160GSW,"3:30 PM, April 16, 2017",2017,Golden State Warriors,Portland Trail Blazers,1,Zaza Pachulia,12:28,2,4,.500,0,0,,0,0,,0,1,1,1,0,0,2,3,4,+4,.500,.500,.000,.000,0.0,8.2,4.6,10.9,0.0,0.0,33.3,21.1,71,116
2468,201704160GSW,"3:30 PM, April 16, 2017",2017,Golden State Warriors,Portland Trail Blazers,0,Andre Iguodala,32:42,0,1,.000,0,1,.000,2,2,1.000,0,2,2,4,1,0,2,3,2,+8,.532,.000,1.000,2.000,0.0,6.2,3.5,13.7,1.5,0.0,51.5,5.2,96,114
2469,201704160GSW,"3:30 PM, April 16, 2017",2017,Golden State Warriors,Portland Trail Blazers,0,Shaun Livingston,15:18,1,1,1.000,0,0,,0,0,,0,1,1,1,0,0,0,2,2,0,1.000,1.000,.000,.000,0.0,6.7,3.8,7.9,0.0,0.0,0.0,2.9,208,117
2470,201704160GSW,"3:30 PM, April 16, 2017",2017,Golden State Warriors,Portland Trail Blazers,0,David West,13:23,0,1,.000,0,0,,0,0,,0,3,3,2,0,0,1,1,0,+3,.000,.000,.000,.000,0.0,22.9,13.0,16.7,0.0,0.0,50.0,6.6,56,112
2471,201704160GSW,"3:30 PM, April 16, 2017",2017,Golden State Warriors,Portland Trail Blazers,0,Ian Clark,12:03,4,5,.800,2,2,1.000,2,2,1.000,1,1,2,0,1,0,0,2,12,+5,1.020,1.000,.400,.400,11.1,8.5,9.6,0.0,4.0,0.0,0.0,21.4,201,107
2472,201704160GSW,"3:30 PM, April 16, 2017",2017,Golden State Warriors,Portland Trail Blazers,0,JaVale McGee,9:41,3,4,.750,0,0,,0,0,,3,2,5,1,0,2,0,1,6,+8,.750,.750,.000,.000,41.3,21.1,29.9,17.6,0.0,15.7,0.0,18.1,173,101
2473,201704160GSW,"3:30 PM, April 16, 2017",2017,Golden State Warriors,Portland Trail Blazers,0,Patrick McCaw,0:23,0,0,,0,0,,0,0,,0,0,0,0,0,0,0,0,0,0,,,,,0.0,0.0,0.0,0.0,0.0,0.0,,0.0,0,119
2474,201704160GSW,"3:30 PM, April 16, 2017",2017,Golden State Warriors,Portland Trail Blazers,0,James Michael McAdoo,0:04,0,0,,0,0,,0,0,,0,0,0,0,0,0,0,0,0,-3,,,,,0.0,0.0,0.0,0.0,0.0,0.0,,0.0,0,119
2475,201704160GSW,"3:30 PM, April 16, 2017",2017,Golden State Warriors,Portland Trail Blazers,0,Damian Jones,0:00,0.0,0.0,0.0,0.0,0.0,0.0,0.0,0.0,0.0,0.0,0.0,0.0,0.0,0.0,0.0,0.0,0.0,0.0,0.0,0.0,0.0,0.0,0.0,0.0,0.0,0.0,0.0,0.0,0.0,0.0,0.0,0.0,0.0
2476,201704160HOU,"9:00 PM, April 16, 2017",2017,Oklahoma City Thunder,Houston Rockets,1,Andre Roberson,34:59,7,10,.700,4,6,.667,0,0,,2,6,8,1,2,3,2,3,18,-24,.900,.900,.600,.000,5.6,17.2,11.3,6.7,2.8,7.1,16.7,15.5,135,114
2477,201704160HOU,"9:00 PM, April 16, 2017",2017,Oklahoma City Thunder,Houston Rockets,1,Russell Westbrook,34:01,6,23,.261,3,11,.273,7,8,.875,2,9,11,7,2,0,9,3,22,-25,.415,.326,.478,.348,5.8,26.5,16.0,45.9,2.9,0.0,25.3,47.2,73,115
2478,201704160HOU,"9:00 PM, April 16, 2017",2017,Oklahoma City Thunder,Houston Rockets,1,Victor Oladipo,32:23,1,12,.083,0,6,.000,4,4,1.000,0,3,3,3,1,2,1,3,6,-19,.218,.083,.500,.333,0.0,9.3,4.6,15.6,1.5,5.1,6.8,20.6,54,120
2479,201704160HOU,"9:00 PM, April 16, 2017",2017,Oklahoma City Thunder,Houston Rockets,1,Steven Adams,27:53,3,6,.500,0,0,,0,2,.000,1,4,5,1,1,0,1,1,6,-22,.436,.500,.000,.333,3.5,14.3,8.9,6.9,1.8,0.0,12.7,12.8,81,121
2480,201704160HOU,"9:00 PM, April 16, 2017",2017,Oklahoma City Thunder,Houston Rockets,1,Taj Gibson,20:51,2,4,.500,0,0,,1,2,.500,0,1,1,1,0,0,0,2,5,-6,.512,.500,.000,.500,0.0,4.8,2.4,9.1,0.0,0.0,0.0,10.6,108,128
2481,201704160HOU,"9:00 PM, April 16, 2017",2017,Oklahoma City Thunder,Houston Rockets,0,Jerami Grant,27:09,5,9,.556,0,0,,0,1,.000,1,4,5,1,0,0,1,1,10,-25,.530,.556,.000,.111,3.6,14.7,9.1,8.4,0.0,0.0,9.6,17.4,96,125
2482,201704160HOU,"9:00 PM, April 16, 2017",2017,Oklahoma City Thunder,Houston Rockets,0,Alex Abrines,19:57,0,2,.000,0,2,.000,0,0,,0,1,1,2,0,0,0,1,0,-8,.000,.000,1.000,.000,0.0,5.0,2.5,16.0,0.0,0.0,0.0,4.5,45,128
2483,201704160HOU,"9:00 PM, April 16, 2017",2017,Oklahoma City Thunder,Houston Rockets,0,Enes Kanter,16:29,3,7,.429,0,0,,2,2,1.000,1,2,3,1,0,0,1,2,8,-10,.508,.429,.000,.286,5.9,12.1,9.0,13.7,0.0,0.0,11.3,24.4,97,125
2484,201704160HOU,"9:00 PM, April 16, 2017",2017,Oklahoma City Thunder,Houston Rockets,0,Semaj Christon,13:59,2,2,1.000,1,1,1.000,0,0,,0,2,2,2,1,0,0,1,5,-6,1.250,1.250,.500,.000,0.0,14.3,7.1,29.7,3.5,0.0,0.0,6.5,245,117
2485,201704160HOU,"9:00 PM, April 16, 2017",2017,Oklahoma City Thunder,Houston Rockets,0,Norris Cole,5:45,0,2,.000,0,1,.000,0,0,,0,0,0,0,0,0,0,1,0,-12,.000,.000,.500,.000,0.0,0.0,0.0,0.0,0.0,0.0,0.0,15.7,0,129
2486,201704160HOU,"9:00 PM, April 16, 2017",2017,Oklahoma City Thunder,Houston Rockets,0,Domantas Sabonis,3:38,0,2,.000,0,1,.000,4,4,1.000,0,2,2,0,1,0,0,1,4,+1,.532,.000,.500,2.000,0.0,55.0,27.2,0.0,13.5,0.0,0.0,46.8,118,82
2487,201704160HOU,"9:00 PM, April 16, 2017",2017,Oklahoma City Thunder,Houston Rockets,0,Doug McDermott,2:56,1,2,.500,1,1,1.000,0,0,,0,0,0,0,0,0,0,0,3,+1,.750,.750,.500,.000,0.0,0.0,0.0,0.0,0.0,0.0,0.0,30.8,124,130
2488,201704160HOU,"9:00 PM, April 16, 2017",2017,Oklahoma City Thunder,Houston Rockets,0,Nick Collison,0:00,0.0,0.0,0.0,0.0,0.0,0.0,0.0,0.0,0.0,0.0,0.0,0.0,0.0,0.0,0.0,0.0,0.0,0.0,0.0,0.0,0.0,0.0,0.0,0.0,0.0,0.0,0.0,0.0,0.0,0.0,0.0,0.0,0.0
2489,201704160HOU,"9:00 PM, April 16, 2017",2017,Houston Rockets,Oklahoma City Thunder,1,Ryan Anderson,37:36,1,6,.167,0,4,.000,2,2,1.000,3,9,12,1,0,0,0,3,4,+27,.291,.167,.667,.333,8.0,23.4,15.8,2.9,0.0,0.0,0.0,7.7,101,92
2490,201704160HOU,"9:00 PM, April 16, 2017",2017,Houston Rockets,Oklahoma City Thunder,1,James Harden,34:23,13,28,.464,3,11,.273,8,11,.727,1,6,7,9,3,0,2,1,37,+22,.563,.518,.393,.393,2.9,17.1,10.1,46.8,4.3,0.0,5.7,42.9,125,84
2491,201704160HOU,"9:00 PM, April 16, 2017",2017,Houston Rockets,Oklahoma City Thunder,1,Trevor Ariza,32:11,2,4,.500,0,1,.000,0,0,,0,4,4,2,1,0,2,2,4,+17,.500,.500,.250,.000,0.0,12.2,6.2,7.1,1.5,0.0,33.3,7.9,79,92
2492,201704160HOU,"9:00 PM, April 16, 2017",2017,Houston Rockets,Oklahoma City Thunder,1,Patrick Beverley,25:59,8,13,.615,4,6,.667,1,2,.500,1,9,10,3,2,0,2,2,21,+18,.756,.769,.462,.154,3.8,33.9,19.0,18.3,3.8,0.0,12.6,25.9,137,81
2493,201704160HOU,"9:00 PM, April 16, 2017",2017,Houston Rockets,Oklahoma City Thunder,1,Clint Capela,24:59,7,9,.778,0,0,,0,1,.000,3,4,7,2,1,2,0,1,14,+27,.742,.778,.000,.111,12.0,15.7,13.9,12.2,2.0,7.4,0.0,16.0,161,84
2494,201704160HOU,"9:00 PM, April 16, 2017",2017,Houston Rockets,Oklahoma City Thunder,0,Eric Gordon,28:47,3,8,.375,2,5,.400,0,0,,1,1,2,2,1,0,2,2,8,+21,.500,.500,.625,.000,3.5,3.4,3.4,8.3,1.7,0.0,20.0,14.7,95,93
2495,201704160HOU,"9:00 PM, April 16, 2017",2017,Houston Rockets,Oklahoma City Thunder,0,Lou Williams,25:48,3,11,.273,0,3,.000,5,7,.714,1,3,4,2,0,0,2,2,11,+21,.391,.273,.273,.636,3.9,11.4,7.7,9.4,0.0,0.0,12.4,26.4,86,95
2496,201704160HOU,"9:00 PM, April 16, 2017",2017,Houston Rockets,Oklahoma City Thunder,0,Nene Hilario,18:47,7,8,.875,0,0,,1,1,1.000,3,2,5,0,0,1,0,4,15,+3,.889,.875,.000,.125,16.0,10.4,13.2,0.0,0.0,4.9,0.0,19.0,184,91
2497,201704160HOU,"9:00 PM, April 16, 2017",2017,Houston Rockets,Oklahoma City Thunder,0,Montrezl Harrell,4:14,0,0,,0,0,,1,2,.500,0,2,2,0,0,0,0,2,1,+1,.568,,,,0.0,46.3,23.4,0.0,0.0,0.0,0.0,8.8,122,86
2498,201704160HOU,"9:00 PM, April 16, 2017",2017,Houston Rockets,Oklahoma City Thunder,0,Bobby Brown,3:38,1,3,.333,1,2,.500,0,0,,0,1,1,0,0,0,0,0,3,-1,.000,.000,1.000,.000,27.5,27.0,27.2,0.0,0.0,0.0,50.0,23.3,36,92
2499,201704160HOU,"9:00 PM, April 16, 2017",2017,Houston Rockets,Oklahoma City Thunder,0,Troy Williams,3:38,0,1,.000,0,1,.000,0,0,,1,1,2,0,0,0,1,0,0,-1,.500,.500,.667,.000,0.0,27.0,13.6,0.0,0.0,0.0,0.0,34.9,107,92
2500,201704160WAS,"1:00 PM, April 16, 2017",2017,Atlanta Hawks,Washington Wizards,1,Dennis Schroder,35:58,8,16,.500,3,5,.600,6,6,1.000,1,2,3,9,1,0,2,4,25,-11,.671,.594,.313,.375,3.3,5.3,4.4,51.5,1.3,0.0,9.7,24.1,143,118
2501,201704160WAS,"1:00 PM, April 16, 2017",2017,Atlanta Hawks,Washington Wizards,1,Paul Millsap,33:56,5,8,.625,0,1,.000,9,11,.818,0,2,2,1,0,0,4,2,19,-20,.740,.625,.125,1.375,0.0,5.7,3.1,5.3,0.0,0.0,23.8,20.9,117,121
2502,201704160WAS,"1:00 PM, April 16, 2017",2017,Atlanta Hawks,Washington Wizards,1,Taurean Waller-Prince,32:03,6,11,.545,2,4,.500,0,0,,2,4,6,0,0,0,2,3,14,-4,.636,.636,.364,.000,7.5,12.0,10.0,0.0,0.0,0.0,15.4,17.1,113,118
2503,201704160WAS,"1:00 PM, April 16, 2017",2017,Atlanta Hawks,Washington Wizards,1,Dwight Howard,29:04,2,6,.333,0,0,,3,4,.750,4,10,14,1,1,1,1,3,7,-21,.451,.333,.000,.667,16.5,33.0,25.7,5.4,1.7,2.3,11.4,12.7,111,105
2504,201704160WAS,"1:00 PM, April 16, 2017",2017,Atlanta Hawks,Washington Wizards,1,Tim Hardaway,27:48,2,11,.182,0,6,.000,3,5,.600,0,7,7,1,1,0,2,2,7,-14,.265,.182,.545,.455,0.0,24.2,13.4,5.7,1.7,0.0,13.2,23.0,58,110
2505,201704160WAS,"1:00 PM, April 16, 2017",2017,Atlanta Hawks,Washington Wizards,0,Kent Bazemore,27:47,4,10,.400,2,5,.400,2,4,.500,2,1,3,4,0,1,1,3,12,+9,.510,.500,.500,.400,8.6,3.5,5.8,25.5,0.0,2.4,7.8,19.3,118,120
2506,201704160WAS,"1:00 PM, April 16, 2017",2017,Atlanta Hawks,Washington Wizards,0,Ersan Ilyasova,20:20,3,6,.500,0,1,.000,3,3,1.000,3,6,9,0,0,0,3,1,9,+7,.615,.500,.167,.500,17.7,28.3,23.6,0.0,0.0,0.0,29.1,21.3,100,112
2507,201704160WAS,"1:00 PM, April 16, 2017",2017,Atlanta Hawks,Washington Wizards,0,Mike Muscala,12:40,2,5,.400,0,1,.000,4,4,1.000,1,1,2,1,0,1,1,3,8,+20,.592,.400,.200,.800,9.5,7.6,8.4,14.3,0.0,5.3,12.9,25.8,123,116
2508,201704160WAS,"1:00 PM, April 16, 2017",2017,Atlanta Hawks,Washington Wizards,0,Mike Dunleavy,12:11,1,2,.500,0,1,.000,2,2,1.000,0,1,1,0,1,0,2,0,4,+2,.694,.500,.500,1.000,0.0,7.9,4.4,0.0,4.0,0.0,41.0,16.8,82,111
2509,201704160WAS,"1:00 PM, April 16, 2017",2017,Atlanta Hawks,Washington Wizards,0,Jose Calderon,8:13,1,3,.333,0,1,.000,0,0,,0,1,1,1,1,0,1,1,2,-3,.333,.333,.333,.000,0.0,11.7,6.5,20.7,5.9,0.0,25.0,20.5,65,106
2510,201704160WAS,"1:00 PM, April 16, 2017",2017,Atlanta Hawks,Washington Wizards,0,Malcolm Delaney,0:00,0.0,0.0,0.0,0.0,0.0,0.0,0.0,0.0,0.0,0.0,0.0,0.0,0.0,0.0,0.0,0.0,0.0,0.0,0.0,0.0,0.0,0.0,0.0,0.0,0.0,0.0,0.0,0.0,0.0,0.0,0.0,0.0,0.0
2511,201704160WAS,"1:00 PM, April 16, 2017",2017,Atlanta Hawks,Washington Wizards,0,Thabo Sefolosha,0:00,0.0,0.0,0.0,0.0,0.0,0.0,0.0,0.0,0.0,0.0,0.0,0.0,0.0,0.0,0.0,0.0,0.0,0.0,0.0,0.0,0.0,0.0,0.0,0.0,0.0,0.0,0.0,0.0,0.0,0.0,0.0,0.0,0.0
2512,201704160WAS,"1:00 PM, April 16, 2017",2017,Atlanta Hawks,Washington Wizards,0,Kris Humphries,0:00,0.0,0.0,0.0,0.0,0.0,0.0,0.0,0.0,0.0,0.0,0.0,0.0,0.0,0.0,0.0,0.0,0.0,0.0,0.0,0.0,0.0,0.0,0.0,0.0,0.0,0.0,0.0,0.0,0.0,0.0,0.0,0.0,0.0
2513,201704160WAS,"1:00 PM, April 16, 2017",2017,Washington Wizards,Atlanta Hawks,1,Bradley Beal,39:10,9,21,.429,2,11,.182,2,3,.667,2,1,3,3,3,0,3,3,22,+21,.493,.476,.524,.143,4.9,3.1,4.1,10.8,3.7,0.0,11.8,26.0,98,109
2514,201704160WAS,"1:00 PM, April 16, 2017",2017,Washington Wizards,Atlanta Hawks,1,Markieff Morris,38:04,8,19,.421,2,6,.333,3,3,1.000,2,5,7,2,1,4,2,4,21,+18,.517,.474,.316,.158,5.0,15.8,9.8,7.2,1.3,9.5,9.0,23.6,106,106
2515,201704160WAS,"1:00 PM, April 16, 2017",2017,Washington Wizards,Atlanta Hawks,1,John Wall,37:09,12,24,.500,2,4,.500,6,6,1.000,0,4,4,14,0,1,3,2,32,+8,.601,.542,.167,.250,0.0,12.9,5.7,61.3,0.0,2.4,10.1,32.1,128,113
2516,201704160WAS,"1:00 PM, April 16, 2017",2017,Washington Wizards,Atlanta Hawks,1,Otto Porter,31:56,3,6,.500,1,2,.500,3,3,1.000,2,7,9,2,0,0,0,3,10,+20,.683,.583,.333,.500,6.0,26.3,15.0,7.4,0.0,0.0,0.0,9.2,159,109
2517,201704160WAS,"1:00 PM, April 16, 2017",2017,Washington Wizards,Atlanta Hawks,1,Marcin Gortat,31:12,7,11,.636,0,0,,0,0,,6,4,10,0,0,2,1,3,14,+21,.636,.636,.000,.000,18.5,15.4,17.1,0.0,0.0,5.8,8.3,15.5,131,110
2518,201704160WAS,"1:00 PM, April 16, 2017",2017,Washington Wizards,Atlanta Hawks,0,Kelly Oubre,18:56,4,8,.500,1,3,.333,2,2,1.000,1,2,3,1,2,1,0,4,11,-16,.619,.563,.375,.250,5.1,12.7,8.5,7.3,5.1,4.8,0.0,18.8,139,100
2519,201704160WAS,"1:00 PM, April 16, 2017",2017,Washington Wizards,Atlanta Hawks,0,Brandon Jennings,15:05,0,2,.000,0,1,.000,0,0,,0,3,3,5,1,0,0,1,0,-10,.000,.000,.500,.000,0.0,23.9,10.6,35.4,3.2,0.0,0.0,5.3,100,103
2520,201704160WAS,"1:00 PM, April 16, 2017",2017,Washington Wizards,Atlanta Hawks,0,Bojan Bogdanovic,13:33,2,8,.250,0,1,.000,0,0,,1,1,2,1,1,0,0,0,4,-9,.250,.250,.125,.000,7.1,8.9,7.9,9.3,3.6,0.0,0.0,23.7,72,108
2521,201704160WAS,"1:00 PM, April 16, 2017",2017,Washington Wizards,Atlanta Hawks,0,Jason Smith,12:49,0,1,.000,0,0,,0,0,,1,0,1,0,0,1,3,4,0,-13,.000,.000,.000,.000,7.5,0.0,4.2,0.0,0.0,7.1,75.0,12.5,16,115
2522,201704160WAS,"1:00 PM, April 16, 2017",2017,Washington Wizards,Atlanta Hawks,0,Tomas Satoransky,2:06,0,0,,0,0,,0,0,,0,0,0,0,0,0,0,1,0,-5,,,,,0.0,0.0,0.0,0.0,0.0,0.0,,0.0,0,118
2523,201704160WAS,"1:00 PM, April 16, 2017",2017,Washington Wizards,Atlanta Hawks,0,Sheldon Mac,0:00,0.0,0.0,0.0,0.0,0.0,0.0,0.0,0.0,0.0,0.0,0.0,0.0,0.0,0.0,0.0,0.0,0.0,0.0,0.0,0.0,0.0,0.0,0.0,0.0,0.0,0.0,0.0,0.0,0.0,0.0,0.0,0.0,0.0
2524,201704160WAS,"1:00 PM, April 16, 2017",2017,Washington Wizards,Atlanta Hawks,0,Daniel Ochefu,0:00,0.0,0.0,0.0,0.0,0.0,0.0,0.0,0.0,0.0,0.0,0.0,0.0,0.0,0.0,0.0,0.0,0.0,0.0,0.0,0.0,0.0,0.0,0.0,0.0,0.0,0.0,0.0,0.0,0.0,0.0,0.0,0.0,0.0
2525,201704160WAS,"1:00 PM, April 16, 2017",2017,Washington Wizards,Atlanta Hawks,0,Trey Burke,0:00,0.0,0.0,0.0,0.0,0.0,0.0,0.0,0.0,0.0,0.0,0.0,0.0,0.0,0.0,0.0,0.0,0.0,0.0,0.0,0.0,0.0,0.0,0.0,0.0,0.0,0.0,0.0,0.0,0.0,0.0,0.0,0.0,0.0
2526,201704170CLE,"7:00 PM, April 17, 2017",2017,Indiana Pacers,Cleveland Cavaliers,1,Paul George,41:48,10,20,.500,4,10,.400,8,9,.889,1,7,8,7,1,1,4,3,32,-7,.668,.600,.500,.450,2.9,25.9,13.1,25.5,1.2,2.6,14.3,30.0,125,124
2527,201704170CLE,"7:00 PM, April 17, 2017",2017,Indiana Pacers,Cleveland Cavaliers,1,Myles Turner,36:41,3,10,.300,0,1,.000,0,0,,1,4,5,2,1,2,1,2,6,-2,.300,.300,.100,.000,3.4,16.9,9.3,6.7,1.4,5.8,9.1,13.4,73,123
2528,201704170CLE,"7:00 PM, April 17, 2017",2017,Indiana Pacers,Cleveland Cavaliers,1,Jeff Teague,35:13,8,12,.667,2,3,.667,5,5,1.000,0,4,4,4,1,0,3,3,23,-4,.810,.750,.250,.417,0.0,17.6,7.8,17.0,1.4,0.0,17.4,21.9,137,127
2529,201704170CLE,"7:00 PM, April 17, 2017",2017,Indiana Pacers,Cleveland Cavaliers,1,Thaddeus Young,33:24,7,11,.636,0,0,,2,6,.333,3,0,3,1,6,0,0,4,16,-4,.587,.636,.000,.545,11.1,0.0,6.2,4.4,9.0,0.0,0.0,18.3,129,112
2530,201704170CLE,"7:00 PM, April 17, 2017",2017,Indiana Pacers,Cleveland Cavaliers,1,Monta Ellis,24:32,1,4,.250,0,1,.000,0,0,,1,1,2,3,1,0,1,0,2,-4,.250,.250,.250,.000,5.0,6.3,5.6,14.3,2.0,0.0,20.0,9.1,81,127
2531,201704170CLE,"7:00 PM, April 17, 2017",2017,Indiana Pacers,Cleveland Cavaliers,0,Lance Stephenson,26:25,6,13,.462,0,0,,1,1,1.000,1,1,2,4,2,0,0,4,13,-3,.484,.462,.000,.077,4.7,5.9,5.2,22.6,3.8,0.0,0.0,22.8,117,123
2532,201704170CLE,"7:00 PM, April 17, 2017",2017,Indiana Pacers,Cleveland Cavaliers,0,C.J. Miles,16:12,4,7,.571,1,4,.250,0,0,,1,1,2,1,2,0,2,4,9,-3,.643,.643,.571,.000,7.6,9.6,8.5,9.5,6.2,0.0,22.2,24.9,103,117
2533,201704170CLE,"7:00 PM, April 17, 2017",2017,Indiana Pacers,Cleveland Cavaliers,0,Kevin Seraphin,11:19,3,6,.500,0,0,,0,0,,1,3,4,1,0,0,2,1,6,-4,.500,.500,.000,.000,10.9,41.0,24.2,14.0,0.0,0.0,25.0,31.7,84,127
2534,201704170CLE,"7:00 PM, April 17, 2017",2017,Indiana Pacers,Cleveland Cavaliers,0,Glenn Robinson,9:00,1,1,1.000,1,1,1.000,1,2,.500,0,2,2,0,0,0,0,0,4,-5,1.064,1.500,1.000,2.000,0.0,34.4,15.2,0.0,0.0,0.0,0.0,9.4,194,128
2535,201704170CLE,"7:00 PM, April 17, 2017",2017,Indiana Pacers,Cleveland Cavaliers,0,Lavoy Allen,5:26,0,0,,0,0,,0,0,,0,1,1,0,0,0,0,0,0,+6,,,,,0.0,28.5,12.6,0.0,0.0,0.0,,0.0,0,129
2536,201704170CLE,"7:00 PM, April 17, 2017",2017,Indiana Pacers,Cleveland Cavaliers,0,Rakeem Christmas,0:00,0.0,0.0,0.0,0.0,0.0,0.0,0.0,0.0,0.0,0.0,0.0,0.0,0.0,0.0,0.0,0.0,0.0,0.0,0.0,0.0,0.0,0.0,0.0,0.0,0.0,0.0,0.0,0.0,0.0,0.0,0.0,0.0,0.0
2537,201704170CLE,"7:00 PM, April 17, 2017",2017,Indiana Pacers,Cleveland Cavaliers,0,Aaron Brooks,0:00,0.0,0.0,0.0,0.0,0.0,0.0,0.0,0.0,0.0,0.0,0.0,0.0,0.0,0.0,0.0,0.0,0.0,0.0,0.0,0.0,0.0,0.0,0.0,0.0,0.0,0.0,0.0,0.0,0.0,0.0,0.0,0.0,0.0
2538,201704170CLE,"7:00 PM, April 17, 2017",2017,Indiana Pacers,Cleveland Cavaliers,0,Al Jefferson,0:00,0.0,0.0,0.0,0.0,0.0,0.0,0.0,0.0,0.0,0.0,0.0,0.0,0.0,0.0,0.0,0.0,0.0,0.0,0.0,0.0,0.0,0.0,0.0,0.0,0.0,0.0,0.0,0.0,0.0,0.0,0.0,0.0,0.0
2539,201704170CLE,"7:00 PM, April 17, 2017",2017,Cleveland Cavaliers,Indiana Pacers,1,LeBron James,42:16,11,20,.550,0,2,.000,3,6,.500,0,10,10,7,4,4,8,2,25,+6,.552,.550,.100,.300,0.0,29.1,16.2,26.9,4.8,7.1,26.1,33.4,94,102
2540,201704170CLE,"7:00 PM, April 17, 2017",2017,Cleveland Cavaliers,Indiana Pacers,1,Kevin Love,38:54,6,7,.857,3,4,.750,12,12,1.000,1,10,11,3,0,1,2,4,27,+17,1.099,1.071,.571,1.714,4.0,31.6,19.4,10.7,0.0,1.9,14.0,16.9,194,116
2541,201704170CLE,"7:00 PM, April 17, 2017",2017,Cleveland Cavaliers,Indiana Pacers,1,Kyrie Irving,34:15,14,24,.583,4,10,.400,5,5,1.000,0,2,2,2,1,0,4,4,37,0,.706,.667,.417,.208,0.0,7.2,4.0,12.5,1.5,0.0,13.2,40.6,124,119
2542,201704170CLE,"7:00 PM, April 17, 2017",2017,Cleveland Cavaliers,Indiana Pacers,1,Tristan Thompson,32:19,2,5,.400,0,0,,0,0,,5,5,10,1,0,2,3,1,4,-4,.400,.400,.000,.000,24.0,19.0,21.2,3.8,0.0,4.6,37.5,11.4,93,116
2543,201704170CLE,"7:00 PM, April 17, 2017",2017,Cleveland Cavaliers,Indiana Pacers,1,J.R. Smith,18:21,1,3,.333,1,2,.500,0,0,,0,0,0,0,0,0,1,0,3,-4,.500,.500,.667,.000,0.0,0.0,0.0,0.0,0.0,0.0,25.0,10.0,74,124
2544,201704170CLE,"7:00 PM, April 17, 2017",2017,Cleveland Cavaliers,Indiana Pacers,0,Iman Shumpert,19:35,2,3,.667,1,2,.500,0,0,,0,0,0,0,1,0,0,3,5,+2,.833,.833,.667,.000,0.0,0.0,0.0,0.0,2.6,0.0,0.0,7.1,166,118
2545,201704170CLE,"7:00 PM, April 17, 2017",2017,Cleveland Cavaliers,Indiana Pacers,0,Deron Williams,16:09,3,4,.750,3,4,.750,0,0,,0,0,0,2,0,0,0,1,9,+4,1.125,1.125,1.000,.000,0.0,0.0,0.0,18.0,0.0,0.0,0.0,11.4,223,124
2546,201704170CLE,"7:00 PM, April 17, 2017",2017,Cleveland Cavaliers,Indiana Pacers,0,Kyle Korver,14:01,1,4,.250,0,3,.000,0,0,,0,1,1,2,0,0,0,0,2,+10,.250,.250,.750,.000,0.0,8.8,4.9,17.8,0.0,0.0,0.0,13.2,86,122
2547,201704170CLE,"7:00 PM, April 17, 2017",2017,Cleveland Cavaliers,Indiana Pacers,0,Channing Frye,13:28,1,4,.250,1,3,.333,0,0,,0,2,2,1,0,1,0,0,3,0,.375,.375,.750,.000,0.0,18.3,10.2,9.3,0.0,5.6,0.0,13.7,96,116
2548,201704170CLE,"7:00 PM, April 17, 2017",2017,Cleveland Cavaliers,Indiana Pacers,0,Richard Jefferson,10:42,1,2,.500,0,1,.000,0,0,,1,0,1,1,0,0,0,1,2,-1,.500,.500,.500,.000,14.5,0.0,6.4,12.0,0.0,0.0,0.0,8.6,143,124
2549,201704170CLE,"7:00 PM, April 17, 2017",2017,Cleveland Cavaliers,Indiana Pacers,0,James Jones,0:00,0.0,0.0,0.0,0.0,0.0,0.0,0.0,0.0,0.0,0.0,0.0,0.0,0.0,0.0,0.0,0.0,0.0,0.0,0.0,0.0,0.0,0.0,0.0,0.0,0.0,0.0,0.0,0.0,0.0,0.0,0.0,0.0,0.0
2550,201704170CLE,"7:00 PM, April 17, 2017",2017,Cleveland Cavaliers,Indiana Pacers,0,Dahntay Jones,0:00,0.0,0.0,0.0,0.0,0.0,0.0,0.0,0.0,0.0,0.0,0.0,0.0,0.0,0.0,0.0,0.0,0.0,0.0,0.0,0.0,0.0,0.0,0.0,0.0,0.0,0.0,0.0,0.0,0.0,0.0,0.0,0.0,0.0
2551,201704170CLE,"7:00 PM, April 17, 2017",2017,Cleveland Cavaliers,Indiana Pacers,0,Derrick Williams,0:00,0.0,0.0,0.0,0.0,0.0,0.0,0.0,0.0,0.0,0.0,0.0,0.0,0.0,0.0,0.0,0.0,0.0,0.0,0.0,0.0,0.0,0.0,0.0,0.0,0.0,0.0,0.0,0.0,0.0,0.0,0.0,0.0,0.0
2552,201704170SAS,"9:30 PM, April 17, 2017",2017,Memphis Grizzlies,San Antonio Spurs,1,Marc Gasol,38:54,4,15,.267,0,2,.000,4,4,1.000,2,4,6,3,2,0,2,3,12,-11,.358,.267,.133,.267,5.7,15.9,10.0,14.2,3.0,0.0,10.7,24.0,80,114
2553,201704170SAS,"9:30 PM, April 17, 2017",2017,Memphis Grizzlies,San Antonio Spurs,1,Mike Conley,37:32,8,18,.444,4,8,.500,4,5,.800,0,1,1,8,1,1,1,1,24,-2,.594,.556,.444,.278,0.0,4.1,1.7,49.3,1.5,3.4,4.7,28.1,125,117
2554,201704170SAS,"9:30 PM, April 17, 2017",2017,Memphis Grizzlies,San Antonio Spurs,1,Vince Carter,33:17,5,9,.556,2,5,.400,0,0,,0,0,0,0,0,0,0,3,12,-21,.667,.667,.556,.000,0.0,0.0,0.0,0.0,0.0,0.0,0.0,13.4,128,123
2555,201704170SAS,"9:30 PM, April 17, 2017",2017,Memphis Grizzlies,San Antonio Spurs,1,Wayne Selden,15:49,0,2,.000,0,2,.000,0,0,,1,1,2,1,0,0,0,3,0,-8,.000,.000,1.000,.000,7.1,9.8,8.2,9.8,0.0,0.0,0.0,6.3,52,122
2556,201704170SAS,"9:30 PM, April 17, 2017",2017,Memphis Grizzlies,San Antonio Spurs,1,JaMychal Green,15:18,1,5,.200,1,2,.500,0,0,,0,5,5,0,0,0,0,3,3,-2,.300,.300,.400,.000,0.0,50.6,21.2,0.0,0.0,0.0,0.0,16.2,64,115
2557,201704170SAS,"9:30 PM, April 17, 2017",2017,Memphis Grizzlies,San Antonio Spurs,0,Zach Randolph,35:32,9,18,.500,0,1,.000,0,0,,2,8,10,1,3,0,2,2,18,-12,.500,.500,.056,.000,6.3,34.9,18.3,7.2,4.9,0.0,10.0,28.0,93,106
2558,201704170SAS,"9:30 PM, April 17, 2017",2017,Memphis Grizzlies,San Antonio Spurs,0,James Ennis,26:28,1,4,.250,0,2,.000,5,6,.833,2,6,8,2,2,0,0,5,7,+5,.527,.250,.500,1.500,8.4,35.1,19.6,12.4,4.4,0.0,0.0,12.5,133,107
2559,201704170SAS,"9:30 PM, April 17, 2017",2017,Memphis Grizzlies,San Antonio Spurs,0,Andrew Harrison,23:10,1,5,.200,0,3,.000,0,0,,1,1,2,4,0,0,1,2,2,-13,.200,.200,.600,.000,4.8,6.7,5.6,28.6,0.0,0.0,16.7,12.9,69,122
2560,201704170SAS,"9:30 PM, April 17, 2017",2017,Memphis Grizzlies,San Antonio Spurs,0,Brandan Wright,7:24,2,4,.500,0,0,,0,0,,1,0,1,0,0,0,1,0,4,-6,.500,.500,.000,.000,15.1,0.0,8.8,0.0,0.0,0.0,20.0,33.6,81,123
2561,201704170SAS,"9:30 PM, April 17, 2017",2017,Memphis Grizzlies,San Antonio Spurs,0,Troy Daniels,6:36,0,2,.000,0,2,.000,0,0,,0,0,0,0,0,0,1,0,0,0,.000,.000,1.000,.000,0.0,0.0,0.0,0.0,0.0,0.0,33.3,22.6,0,123
2562,201704170SAS,"9:30 PM, April 17, 2017",2017,Memphis Grizzlies,San Antonio Spurs,0,Wade Baldwin,0:00,0.0,0.0,0.0,0.0,0.0,0.0,0.0,0.0,0.0,0.0,0.0,0.0,0.0,0.0,0.0,0.0,0.0,0.0,0.0,0.0,0.0,0.0,0.0,0.0,0.0,0.0,0.0,0.0,0.0,0.0,0.0,0.0,0.0
2563,201704170SAS,"9:30 PM, April 17, 2017",2017,Memphis Grizzlies,San Antonio Spurs,0,Deyonta Davis,0:00,0.0,0.0,0.0,0.0,0.0,0.0,0.0,0.0,0.0,0.0,0.0,0.0,0.0,0.0,0.0,0.0,0.0,0.0,0.0,0.0,0.0,0.0,0.0,0.0,0.0,0.0,0.0,0.0,0.0,0.0,0.0,0.0,0.0
2564,201704170SAS,"9:30 PM, April 17, 2017",2017,Memphis Grizzlies,San Antonio Spurs,0,Jarell Martin,0:00,0.0,0.0,0.0,0.0,0.0,0.0,0.0,0.0,0.0,0.0,0.0,0.0,0.0,0.0,0.0,0.0,0.0,0.0,0.0,0.0,0.0,0.0,0.0,0.0,0.0,0.0,0.0,0.0,0.0,0.0,0.0,0.0,0.0
2565,201704170SAS,"9:30 PM, April 17, 2017",2017,San Antonio Spurs,Memphis Grizzlies,1,LaMarcus Aldridge,41:54,3,8,.375,0,1,.000,5,6,.833,1,3,4,1,0,2,2,4,11,+11,.517,.375,.125,.750,3.7,8.0,6.2,4.7,0.0,4.2,15.8,16.3,98,102
2566,201704170SAS,"9:30 PM, April 17, 2017",2017,San Antonio Spurs,Memphis Grizzlies,1,Kawhi Leonard,40:22,9,14,.643,0,2,.000,19,19,1.000,1,10,11,2,0,0,4,2,37,+8,.827,.643,.143,1.357,3.8,27.7,17.7,13.7,0.0,0.0,15.2,35.2,147,98
2567,201704170SAS,"9:30 PM, April 17, 2017",2017,San Antonio Spurs,Memphis Grizzlies,1,Danny Green,29:07,4,5,.800,4,5,.800,0,0,,0,2,2,0,0,1,0,1,12,+8,1.200,1.200,1.000,.000,0.0,7.7,4.5,0.0,0.0,3.0,0.0,9.3,224,103
2568,201704170SAS,"9:30 PM, April 17, 2017",2017,San Antonio Spurs,Memphis Grizzlies,1,Tony Parker,23:48,6,14,.429,3,5,.600,0,0,,0,3,3,1,1,0,2,1,15,+3,.536,.536,.357,.000,0.0,14.1,8.2,12.7,2.4,0.0,12.5,36.2,91,98
2569,201704170SAS,"9:30 PM, April 17, 2017",2017,San Antonio Spurs,Memphis Grizzlies,1,Dewayne Dedmon,10:20,0,0,,0,0,,2,2,1.000,0,4,4,1,0,0,1,3,2,+1,1.136,,,,0.0,43.2,25.1,16.6,0.0,0.0,53.2,9.8,124,93
2570,201704170SAS,"9:30 PM, April 17, 2017",2017,San Antonio Spurs,Memphis Grizzlies,0,Pau Gasol,29:53,4,6,.667,2,2,1.000,0,0,,0,5,5,2,0,0,1,1,10,+16,.833,.833,.333,.000,0.0,18.7,10.9,14.9,0.0,0.0,14.3,12.6,141,101
2571,201704170SAS,"9:30 PM, April 17, 2017",2017,San Antonio Spurs,Memphis Grizzlies,0,Patty Mills,24:12,1,9,.111,0,5,.000,3,3,1.000,0,1,1,3,0,0,1,1,5,+11,.242,.111,.556,.333,0.0,4.6,2.7,22.9,0.0,0.0,8.8,25.2,64,106
2572,201704170SAS,"9:30 PM, April 17, 2017",2017,San Antonio Spurs,Memphis Grizzlies,0,Manu Ginobili,18:53,0,4,.000,0,3,.000,0,0,,2,2,4,3,3,0,2,0,0,+6,.000,.000,.750,.000,16.4,11.8,13.7,27.2,9.2,0.0,33.3,17.1,53,84
2573,201704170SAS,"9:30 PM, April 17, 2017",2017,San Antonio Spurs,Memphis Grizzlies,0,David Lee,13:53,0,0,,0,0,,2,2,1.000,1,3,4,1,0,1,0,0,2,0,1.136,,,,11.2,24.1,18.7,12.3,0.0,6.3,0.0,3.4,243,95
2574,201704170SAS,"9:30 PM, April 17, 2017",2017,San Antonio Spurs,Memphis Grizzlies,0,Kyle Anderson,7:38,1,1,1.000,0,0,,0,0,,0,1,1,0,0,0,1,0,2,+6,1.000,1.000,.000,.000,0.0,14.6,8.5,0.0,0.0,0.0,50.0,14.1,79,103
2575,201704170SAS,"9:30 PM, April 17, 2017",2017,San Antonio Spurs,Memphis Grizzlies,0,Davis Bertans,0:00,0.0,0.0,0.0,0.0,0.0,0.0,0.0,0.0,0.0,0.0,0.0,0.0,0.0,0.0,0.0,0.0,0.0,0.0,0.0,0.0,0.0,0.0,0.0,0.0,0.0,0.0,0.0,0.0,0.0,0.0,0.0,0.0,0.0
2576,201704170SAS,"9:30 PM, April 17, 2017",2017,San Antonio Spurs,Memphis Grizzlies,0,Bryn Forbes,0:00,0.0,0.0,0.0,0.0,0.0,0.0,0.0,0.0,0.0,0.0,0.0,0.0,0.0,0.0,0.0,0.0,0.0,0.0,0.0,0.0,0.0,0.0,0.0,0.0,0.0,0.0,0.0,0.0,0.0,0.0,0.0,0.0,0.0
2577,201704170SAS,"9:30 PM, April 17, 2017",2017,San Antonio Spurs,Memphis Grizzlies,0,Jonathon Simmons,0:00,0.0,0.0,0.0,0.0,0.0,0.0,0.0,0.0,0.0,0.0,0.0,0.0,0.0,0.0,0.0,0.0,0.0,0.0,0.0,0.0,0.0,0.0,0.0,0.0,0.0,0.0,0.0,0.0,0.0,0.0,0.0,0.0,0.0
2578,201704180BOS,"8:00 PM, April 18, 2017",2017,Chicago Bulls,Boston Celtics,1,Jimmy Butler,43:06,8,19,.421,1,4,.250,5,6,.833,1,7,8,8,4,2,3,1,22,+22,.508,.447,.211,.316,2.9,18.1,10.9,24.7,4.9,4.5,12.2,26.1,111,99
2579,201704180BOS,"8:00 PM, April 18, 2017",2017,Chicago Bulls,Boston Celtics,1,Rajon Rondo,40:22,5,11,.455,0,3,.000,1,2,.500,2,7,9,14,5,0,3,1,11,+24,.463,.455,.273,.182,6.1,19.4,13.1,42.6,6.5,0.0,20.2,16.8,117,98
2580,201704180BOS,"8:00 PM, April 18, 2017",2017,Chicago Bulls,Boston Celtics,1,Robin Lopez,32:16,8,12,.667,0,0,,2,2,1.000,6,3,9,1,2,1,0,1,18,+17,.699,.667,.000,.167,22.9,10.4,16.3,4.5,3.2,3.0,0.0,18.2,160,105
2581,201704180BOS,"8:00 PM, April 18, 2017",2017,Chicago Bulls,Boston Celtics,1,Dwyane Wade,32:12,9,16,.563,3,4,.750,1,2,.500,1,3,4,2,0,1,0,3,22,+22,.652,.656,.250,.125,3.8,10.4,7.3,9.4,0.0,3.0,0.0,23.9,139,112
2582,201704180BOS,"8:00 PM, April 18, 2017",2017,Chicago Bulls,Boston Celtics,1,Nikola Mirotic,27:41,5,13,.385,3,9,.333,0,0,,2,5,7,2,0,2,1,2,13,+18,.500,.500,.692,.000,8.9,20.2,14.8,9.5,0.0,7.1,7.1,23.1,110,107
2583,201704180BOS,"8:00 PM, April 18, 2017",2017,Chicago Bulls,Boston Celtics,0,Paul Zipser,29:00,6,8,.750,2,3,.667,2,2,1.000,0,1,1,1,0,0,2,4,16,-6,.901,.875,.375,.250,0.0,3.8,2.0,4.7,0.0,0.0,18.4,17.1,139,115
2584,201704180BOS,"8:00 PM, April 18, 2017",2017,Chicago Bulls,Boston Celtics,0,Cristiano Felicio,15:40,2,3,.667,0,0,,0,0,,0,3,3,0,0,0,1,4,4,-3,.667,.667,.000,.000,0.0,21.4,11.2,0.0,0.0,0.0,25.0,11.7,91,109
2585,201704180BOS,"8:00 PM, April 18, 2017",2017,Chicago Bulls,Boston Celtics,0,Bobby Portis,9:22,1,1,1.000,1,1,1.000,0,0,,0,3,3,0,0,0,0,1,3,-11,1.500,1.500,1.000,.000,0.0,35.8,18.7,0.0,0.0,0.0,0.0,4.9,300,106
2586,201704180BOS,"8:00 PM, April 18, 2017",2017,Chicago Bulls,Boston Celtics,0,Jerian Grant,5:46,0,3,.000,0,1,.000,0,0,,0,0,0,0,0,0,0,0,0,-14,.000,.000,.333,.000,0.0,0.0,0.0,0.0,0.0,0.0,0.0,23.7,0,117
2587,201704180BOS,"8:00 PM, April 18, 2017",2017,Chicago Bulls,Boston Celtics,0,Michael Carter-Williams,4:03,1,3,.333,0,0,,0,0,,0,0,0,0,1,0,0,0,2,+1,.333,.333,.000,.000,0.0,0.0,0.0,0.0,12.9,0.0,0.0,33.8,74,89
2588,201704180BOS,"8:00 PM, April 18, 2017",2017,Chicago Bulls,Boston Celtics,0,Denzel Valentine,0:32,0,0,,0,0,,0,0,,0,0,0,0,0,0,0,0,0,0,,,,,0.0,0.0,0.0,0.0,0.0,0.0,,0.0,0,117
2589,201704180BOS,"8:00 PM, April 18, 2017",2017,Chicago Bulls,Boston Celtics,0,Anthony Morrow,0:00,0.0,0.0,0.0,0.0,0.0,0.0,0.0,0.0,0.0,0.0,0.0,0.0,0.0,0.0,0.0,0.0,0.0,0.0,0.0,0.0,0.0,0.0,0.0,0.0,0.0,0.0,0.0,0.0,0.0,0.0,0.0,0.0,0.0
2590,201704180BOS,"8:00 PM, April 18, 2017",2017,Chicago Bulls,Boston Celtics,0,Joffrey Lauvergne,0:00,0.0,0.0,0.0,0.0,0.0,0.0,0.0,0.0,0.0,0.0,0.0,0.0,0.0,0.0,0.0,0.0,0.0,0.0,0.0,0.0,0.0,0.0,0.0,0.0,0.0,0.0,0.0,0.0,0.0,0.0,0.0,0.0,0.0
2591,201704180BOS,"8:00 PM, April 18, 2017",2017,Boston Celtics,Chicago Bulls,1,Isaiah Thomas,41:47,6,15,.400,1,5,.200,7,13,.538,2,2,4,2,1,0,5,2,20,-20,.483,.433,.333,.867,5.3,5.9,5.6,7.4,1.3,0.0,19.4,27.8,86,125
2592,201704180BOS,"8:00 PM, April 18, 2017",2017,Boston Celtics,Chicago Bulls,1,Avery Bradley,39:58,5,15,.333,2,8,.250,0,0,,0,3,3,3,1,1,2,2,12,-22,.400,.400,.533,.000,0.0,9.2,4.4,11.3,1.3,1.9,11.8,19.2,81,123
2593,201704180BOS,"8:00 PM, April 18, 2017",2017,Boston Celtics,Chicago Bulls,1,Jae Crowder,35:21,6,11,.545,2,6,.333,2,2,1.000,1,2,3,4,0,0,2,3,16,-12,.673,.636,.545,.182,3.2,7.0,5.0,18.2,0.0,0.0,14.4,17.7,124,128
2594,201704180BOS,"8:00 PM, April 18, 2017",2017,Boston Celtics,Chicago Bulls,1,Al Horford,31:36,3,8,.375,0,0,,1,2,.500,2,9,11,5,1,1,1,1,7,-19,.394,.375,.000,.250,7.1,35.1,20.4,22.7,1.7,2.4,10.1,14.1,103,114
2595,201704180BOS,"8:00 PM, April 18, 2017",2017,Boston Celtics,Chicago Bulls,1,Amir Johnson,8:37,2,3,.667,0,0,,0,0,,2,0,2,0,0,0,1,2,4,-4,.667,.667,.000,.000,25.9,0.0,13.6,0.0,0.0,0.0,25.0,20.9,106,129
2596,201704180BOS,"8:00 PM, April 18, 2017",2017,Boston Celtics,Chicago Bulls,0,Marcus Smart,27:20,6,11,.545,1,4,.250,0,0,,1,7,8,2,2,1,1,3,13,-2,.591,.591,.364,.000,4.1,31.5,17.1,12.8,3.8,2.7,8.3,19.8,114,110
2597,201704180BOS,"8:00 PM, April 18, 2017",2017,Boston Celtics,Chicago Bulls,0,Kelly Olynyk,23:31,4,8,.500,2,4,.500,1,2,.500,1,3,4,7,1,0,1,3,11,+2,.619,.625,.500,.250,4.7,15.7,10.0,47.9,2.2,0.0,10.1,19.0,135,120
2598,201704180BOS,"8:00 PM, April 18, 2017",2017,Boston Celtics,Chicago Bulls,0,Terry Rozier,12:44,2,4,.500,1,2,.500,0,0,,0,1,1,2,0,1,0,0,5,+11,.625,.625,.500,.000,0.0,9.7,4.6,24.8,0.0,5.9,0.0,14.2,140,123
2599,201704180BOS,"8:00 PM, April 18, 2017",2017,Boston Celtics,Chicago Bulls,0,Jaylen Brown,8:52,1,3,.333,0,2,.000,0,0,,1,0,1,1,0,0,2,1,2,-8,.333,.333,.667,.000,12.6,0.0,6.6,16.6,0.0,0.0,40.0,25.4,59,129
2600,201704180BOS,"8:00 PM, April 18, 2017",2017,Boston Celtics,Chicago Bulls,0,Tyler Zeller,8:39,2,2,1.000,0,0,,0,0,,1,0,1,0,0,0,1,0,4,+1,1.000,1.000,.000,.000,12.9,0.0,6.8,0.0,0.0,0.0,33.3,15.7,115,130
2601,201704180BOS,"8:00 PM, April 18, 2017",2017,Boston Celtics,Chicago Bulls,0,James Young,1:35,1,2,.500,1,2,.500,0,0,,0,0,0,0,0,0,0,0,3,+3,.750,.750,1.000,.000,0.0,0.0,0.0,0.0,0.0,0.0,0.0,57.0,134,130
2602,201704180BOS,"8:00 PM, April 18, 2017",2017,Boston Celtics,Chicago Bulls,0,Jonas Jerebko,0:00,0.0,0.0,0.0,0.0,0.0,0.0,0.0,0.0,0.0,0.0,0.0,0.0,0.0,0.0,0.0,0.0,0.0,0.0,0.0,0.0,0.0,0.0,0.0,0.0,0.0,0.0,0.0,0.0,0.0,0.0,0.0,0.0,0.0
2603,201704180BOS,"8:00 PM, April 18, 2017",2017,Boston Celtics,Chicago Bulls,0,Gerald Green,0:00,0.0,0.0,0.0,0.0,0.0,0.0,0.0,0.0,0.0,0.0,0.0,0.0,0.0,0.0,0.0,0.0,0.0,0.0,0.0,0.0,0.0,0.0,0.0,0.0,0.0,0.0,0.0,0.0,0.0,0.0,0.0,0.0,0.0
2604,201704180LAC,"10:30 PM, April 18, 2017",2017,Utah Jazz,Los Angeles Clippers,1,Gordon Hayward,38:40,5,15,.333,3,6,.500,7,7,1.000,0,6,6,2,0,0,1,1,20,-17,.553,.433,.400,.467,0.0,19.6,10.3,9.6,0.0,0.0,5.2,25.6,110,115
2605,201704180LAC,"10:30 PM, April 18, 2017",2017,Utah Jazz,Los Angeles Clippers,1,George Hill,36:47,5,12,.417,2,6,.333,0,0,,0,7,7,4,0,0,3,3,12,-4,.500,.500,.500,.000,0.0,24.0,12.7,20.5,0.0,0.0,20.0,21.1,87,114
2606,201704180LAC,"10:30 PM, April 18, 2017",2017,Utah Jazz,Los Angeles Clippers,1,Derrick Favors,33:20,5,7,.714,0,0,,3,5,.600,1,6,7,0,0,1,0,2,13,-11,.707,.714,.000,.714,4.2,22.7,14.0,0.0,0.0,2.3,0.0,14.3,144,112
2607,201704180LAC,"10:30 PM, April 18, 2017",2017,Utah Jazz,Los Angeles Clippers,1,Joe Ingles,32:57,3,5,.600,2,3,.667,1,2,.500,0,6,6,3,3,0,4,3,9,-2,.765,.800,.600,.400,0.0,23.0,12.1,15.8,4.9,0.0,40.5,15.5,94,104
2608,201704180LAC,"10:30 PM, April 18, 2017",2017,Utah Jazz,Los Angeles Clippers,1,Boris Diaw,25:19,2,4,.500,1,2,.500,2,2,1.000,0,1,1,3,1,1,2,1,7,-5,.717,.625,.500,.500,0.0,5.0,2.6,20.2,2.1,3.0,29.1,14.1,113,110
2609,201704180LAC,"10:30 PM, April 18, 2017",2017,Utah Jazz,Los Angeles Clippers,0,Joe Johnson,28:49,6,15,.400,0,4,.000,1,2,.500,0,1,1,1,1,0,2,3,13,+1,.409,.400,.267,.133,0.0,4.4,2.3,7.6,1.9,0.0,11.2,32.1,73,113
2610,201704180LAC,"10:30 PM, April 18, 2017",2017,Utah Jazz,Los Angeles Clippers,0,Rodney Hood,24:36,3,7,.429,1,3,.333,3,4,.750,0,2,2,0,1,0,1,1,10,+3,.571,.500,.429,.571,0.0,10.3,5.4,0.0,2.2,0.0,10.2,20.5,101,112
2611,201704180LAC,"10:30 PM, April 18, 2017",2017,Utah Jazz,Los Angeles Clippers,0,Shelvin Mack,11:00,2,4,.500,1,1,1.000,0,0,,0,1,1,1,0,0,0,0,5,-4,.625,.625,.250,.000,0.0,11.5,6.1,18.8,0.0,0.0,0.0,18.8,127,116
2612,201704180LAC,"10:30 PM, April 18, 2017",2017,Utah Jazz,Los Angeles Clippers,0,Jeff Withey,8:32,1,1,1.000,0,0,,0,0,,2,0,2,1,1,0,0,2,2,-1,1.000,1.000,.000,.000,33.1,0.0,15.6,21.3,6.3,0.0,0.0,6.1,215,104
2613,201704180LAC,"10:30 PM, April 18, 2017",2017,Utah Jazz,Los Angeles Clippers,0,Trey Lyles,0:00,0.0,0.0,0.0,0.0,0.0,0.0,0.0,0.0,0.0,0.0,0.0,0.0,0.0,0.0,0.0,0.0,0.0,0.0,0.0,0.0,0.0,0.0,0.0,0.0,0.0,0.0,0.0,0.0,0.0,0.0,0.0,0.0,0.0
2614,201704180LAC,"10:30 PM, April 18, 2017",2017,Utah Jazz,Los Angeles Clippers,0,Joel Bolomboy,0:00,0.0,0.0,0.0,0.0,0.0,0.0,0.0,0.0,0.0,0.0,0.0,0.0,0.0,0.0,0.0,0.0,0.0,0.0,0.0,0.0,0.0,0.0,0.0,0.0,0.0,0.0,0.0,0.0,0.0,0.0,0.0,0.0,0.0
2615,201704180LAC,"10:30 PM, April 18, 2017",2017,Utah Jazz,Los Angeles Clippers,0,Raul Neto,0:00,0.0,0.0,0.0,0.0,0.0,0.0,0.0,0.0,0.0,0.0,0.0,0.0,0.0,0.0,0.0,0.0,0.0,0.0,0.0,0.0,0.0,0.0,0.0,0.0,0.0,0.0,0.0,0.0,0.0,0.0,0.0,0.0,0.0
2616,201704180LAC,"10:30 PM, April 18, 2017",2017,Utah Jazz,Los Angeles Clippers,0,Dante Exum,0:00,0.0,0.0,0.0,0.0,0.0,0.0,0.0,0.0,0.0,0.0,0.0,0.0,0.0,0.0,0.0,0.0,0.0,0.0,0.0,0.0,0.0,0.0,0.0,0.0,0.0,0.0,0.0,0.0,0.0,0.0,0.0,0.0,0.0
2617,201704180LAC,"10:30 PM, April 18, 2017",2017,Los Angeles Clippers,Utah Jazz,1,Blake Griffin,38:44,11,21,.524,1,2,.500,1,1,1.000,1,4,5,2,0,1,0,0,24,+11,.560,.548,.095,.048,3.3,14.6,8.6,8.2,0.0,2.8,0.0,27.0,118,106
2618,201704180LAC,"10:30 PM, April 18, 2017",2017,Los Angeles Clippers,Utah Jazz,1,Luc Mbah a Moute,37:47,2,5,.400,0,2,.000,0,0,,3,5,8,2,0,1,1,3,4,+15,.400,.400,.400,.000,10.0,18.7,14.1,6.1,0.0,2.8,16.7,7.7,103,105
2619,201704180LAC,"10:30 PM, April 18, 2017",2017,Los Angeles Clippers,Utah Jazz,1,DeAndre Jordan,34:30,9,11,.818,0,0,,0,3,.000,3,12,15,0,1,1,1,6,18,+13,.731,.818,.000,.273,11.0,49.1,29.0,0.0,1.6,3.1,7.5,18.8,132,99
2620,201704180LAC,"10:30 PM, April 18, 2017",2017,Los Angeles Clippers,Utah Jazz,1,Chris Paul,32:56,9,15,.600,3,4,.750,0,0,,0,2,2,10,3,1,5,4,21,+9,.700,.700,.267,.000,0.0,8.6,4.0,47.2,4.9,3.2,25.0,29.6,114,95
2621,201704180LAC,"10:30 PM, April 18, 2017",2017,Los Angeles Clippers,Utah Jazz,1,J.J. Redick,32:39,2,7,.286,0,2,.000,0,0,,0,2,2,2,2,0,1,5,4,+9,.286,.286,.286,.000,0.0,8.6,4.1,7.2,3.3,0.0,12.5,11.9,64,101
2622,201704180LAC,"10:30 PM, April 18, 2017",2017,Los Angeles Clippers,Utah Jazz,0,Jamal Crawford,24:16,3,12,.250,0,5,.000,4,4,1.000,1,1,2,2,0,0,1,1,10,-7,.363,.250,.417,.333,5.2,5.8,5.5,10.4,0.0,0.0,6.8,29.6,84,109
2623,201704180LAC,"10:30 PM, April 18, 2017",2017,Los Angeles Clippers,Utah Jazz,0,Raymond Felton,16:35,2,5,.400,1,3,.333,0,0,,0,2,2,5,1,0,1,0,5,-2,.500,.500,.600,.000,0.0,17.0,8.0,37.9,3.3,0.0,16.7,17.6,111,101
2624,201704180LAC,"10:30 PM, April 18, 2017",2017,Los Angeles Clippers,Utah Jazz,0,Marreese Speights,13:17,3,4,.750,1,2,.500,0,0,,0,3,3,1,0,0,0,2,7,-5,.875,.875,.500,.000,0.0,31.9,15.1,10.9,0.0,0.0,0.0,14.7,172,107
2625,201704180LAC,"10:30 PM, April 18, 2017",2017,Los Angeles Clippers,Utah Jazz,0,Paul Pierce,9:16,3,4,.750,0,0,,0,0,,0,0,0,2,0,0,1,2,6,-3,.750,.750,.000,.000,0.0,0.0,0.0,36.4,0.0,0.0,20.0,26.3,123,109
2626,201704180LAC,"10:30 PM, April 18, 2017",2017,Los Angeles Clippers,Utah Jazz,0,Brice Johnson,0:00,0.0,0.0,0.0,0.0,0.0,0.0,0.0,0.0,0.0,0.0,0.0,0.0,0.0,0.0,0.0,0.0,0.0,0.0,0.0,0.0,0.0,0.0,0.0,0.0,0.0,0.0,0.0,0.0,0.0,0.0,0.0,0.0,0.0
2627,201704180LAC,"10:30 PM, April 18, 2017",2017,Los Angeles Clippers,Utah Jazz,0,Alan Anderson,0:00,0.0,0.0,0.0,0.0,0.0,0.0,0.0,0.0,0.0,0.0,0.0,0.0,0.0,0.0,0.0,0.0,0.0,0.0,0.0,0.0,0.0,0.0,0.0,0.0,0.0,0.0,0.0,0.0,0.0,0.0,0.0,0.0,0.0
2628,201704180LAC,"10:30 PM, April 18, 2017",2017,Los Angeles Clippers,Utah Jazz,0,Wesley Johnson,0:00,0.0,0.0,0.0,0.0,0.0,0.0,0.0,0.0,0.0,0.0,0.0,0.0,0.0,0.0,0.0,0.0,0.0,0.0,0.0,0.0,0.0,0.0,0.0,0.0,0.0,0.0,0.0,0.0,0.0,0.0,0.0,0.0,0.0
2629,201704180LAC,"10:30 PM, April 18, 2017",2017,Los Angeles Clippers,Utah Jazz,0,Brandon Bass,0:00,0.0,0.0,0.0,0.0,0.0,0.0,0.0,0.0,0.0,0.0,0.0,0.0,0.0,0.0,0.0,0.0,0.0,0.0,0.0,0.0,0.0,0.0,0.0,0.0,0.0,0.0,0.0,0.0,0.0,0.0,0.0,0.0,0.0
2630,201704180TOR,"7:00 PM, April 18, 2017",2017,Milwaukee Bucks,Toronto Raptors,1,Giannis Antetokounmpo,42:14,9,24,.375,1,3,.333,5,7,.714,6,9,15,7,2,0,4,3,24,+6,.443,.396,.125,.292,14.8,30.1,21.3,30.9,2.5,0.0,12.9,33.2,100,113
2631,201704180TOR,"7:00 PM, April 18, 2017",2017,Milwaukee Bucks,Toronto Raptors,1,Khris Middleton,41:13,6,14,.429,3,3,1.000,5,5,1.000,0,5,5,2,1,0,3,2,20,-9,.617,.536,.214,.357,0.0,17.1,7.3,8.0,1.3,0.0,15.6,21.0,110,118
2632,201704180TOR,"7:00 PM, April 18, 2017",2017,Milwaukee Bucks,Toronto Raptors,1,Malcolm Brogdon,37:19,3,11,.273,1,3,.333,0,0,,1,3,4,3,0,1,2,1,7,-5,.318,.318,.273,.000,2.8,11.3,6.4,12.0,0.0,2.7,15.4,15.7,72,120
2633,201704180TOR,"7:00 PM, April 18, 2017",2017,Milwaukee Bucks,Toronto Raptors,1,Tony Snell,30:41,5,7,.714,4,6,.667,0,0,,0,2,2,0,0,0,0,1,14,-2,1.000,1.000,.857,.000,0.0,9.2,3.9,0.0,0.0,0.0,0.0,10.3,191,122
2634,201704180TOR,"7:00 PM, April 18, 2017",2017,Milwaukee Bucks,Toronto Raptors,1,Thon Maker,20:13,2,7,.286,1,2,.500,0,0,,2,1,3,4,1,2,1,4,5,-1,.357,.357,.286,.000,10.3,7.0,8.9,30.4,2.6,9.9,12.5,17.9,98,108
2635,201704180TOR,"7:00 PM, April 18, 2017",2017,Milwaukee Bucks,Toronto Raptors,0,Matthew Dellavedova,22:26,3,10,.300,1,4,.250,0,0,,0,3,3,1,0,0,0,1,7,-4,.350,.350,.400,.000,0.0,18.9,8.0,7.2,0.0,0.0,0.0,20.1,81,120
2636,201704180TOR,"7:00 PM, April 18, 2017",2017,Milwaukee Bucks,Toronto Raptors,0,Greg Monroe,21:50,6,9,.667,0,0,,6,6,1.000,2,2,4,1,1,0,1,1,18,-7,.773,.667,.000,.667,9.6,12.9,11.0,9.6,2.4,0.0,7.9,26.1,152,116
2637,201704180TOR,"7:00 PM, April 18, 2017",2017,Milwaukee Bucks,Toronto Raptors,0,Mirza Teletovic,12:33,0,2,.000,0,1,.000,0,0,,0,2,2,0,0,0,0,1,0,-9,.000,.000,.500,.000,0.0,22.5,9.6,0.0,0.0,0.0,0.0,7.2,0,120
2638,201704180TOR,"7:00 PM, April 18, 2017",2017,Milwaukee Bucks,Toronto Raptors,0,Spencer Hawes,5:57,1,2,.500,0,1,.000,0,0,,1,0,1,1,0,1,0,2,2,+2,.500,.500,.500,.000,17.5,0.0,10.1,28.9,0.0,16.8,0.0,15.2,137,108
2639,201704180TOR,"7:00 PM, April 18, 2017",2017,Milwaukee Bucks,Toronto Raptors,0,Jason Terry,5:34,1,1,1.000,0,0,,1,1,1.000,0,1,1,1,1,0,0,0,3,-1,1.042,1.000,.000,1.000,0.0,25.4,10.8,31.5,9.4,0.0,0.0,11.7,219,98
2640,201704180TOR,"7:00 PM, April 18, 2017",2017,Milwaukee Bucks,Toronto Raptors,0,Michael Beasley,0:00,0.0,0.0,0.0,0.0,0.0,0.0,0.0,0.0,0.0,0.0,0.0,0.0,0.0,0.0,0.0,0.0,0.0,0.0,0.0,0.0,0.0,0.0,0.0,0.0,0.0,0.0,0.0,0.0,0.0,0.0,0.0,0.0,0.0
2641,201704180TOR,"7:00 PM, April 18, 2017",2017,Milwaukee Bucks,Toronto Raptors,0,Rashad Vaughn,0:00,0.0,0.0,0.0,0.0,0.0,0.0,0.0,0.0,0.0,0.0,0.0,0.0,0.0,0.0,0.0,0.0,0.0,0.0,0.0,0.0,0.0,0.0,0.0,0.0,0.0,0.0,0.0,0.0,0.0,0.0,0.0,0.0,0.0
2642,201704180TOR,"7:00 PM, April 18, 2017",2017,Milwaukee Bucks,Toronto Raptors,0,John Henson,0:00,0.0,0.0,0.0,0.0,0.0,0.0,0.0,0.0,0.0,0.0,0.0,0.0,0.0,0.0,0.0,0.0,0.0,0.0,0.0,0.0,0.0,0.0,0.0,0.0,0.0,0.0,0.0,0.0,0.0,0.0,0.0,0.0,0.0
2643,201704180TOR,"7:00 PM, April 18, 2017",2017,Toronto Raptors,Milwaukee Bucks,1,Kyle Lowry,39:17,6,12,.500,2,5,.400,8,9,.889,0,4,4,5,3,1,4,3,22,+8,.689,.583,.417,.750,0.0,10.6,6.1,20.6,4.0,1.9,20.0,24.4,119,105
2644,201704180TOR,"7:00 PM, April 18, 2017",2017,Toronto Raptors,Milwaukee Bucks,1,DeMar DeRozan,37:37,9,18,.500,0,1,.000,5,6,.833,0,7,7,3,0,0,2,2,23,-1,.557,.500,.056,.333,0.0,19.4,11.2,15.0,0.0,0.0,8.8,28.9,108,112
2645,201704180TOR,"7:00 PM, April 18, 2017",2017,Toronto Raptors,Milwaukee Bucks,1,Serge Ibaka,35:32,6,15,.400,4,7,.571,0,0,,0,7,7,6,0,2,1,3,16,+12,.533,.533,.467,.000,0.0,20.6,11.8,28.1,0.0,4.2,6.3,21.6,113,108
2646,201704180TOR,"7:00 PM, April 18, 2017",2017,Toronto Raptors,Milwaukee Bucks,1,Jonas Valanciunas,22:08,4,10,.400,0,0,,2,3,.667,5,5,10,0,0,0,2,2,10,+1,.442,.400,.000,.300,31.9,23.6,27.1,0.0,0.0,0.0,15.0,28.9,96,110
2647,201704180TOR,"7:00 PM, April 18, 2017",2017,Toronto Raptors,Milwaukee Bucks,1,DeMarre Carroll,17:25,3,4,.750,2,3,.667,1,3,.333,0,1,1,1,0,0,0,3,9,-4,.846,1.000,.750,.750,0.0,6.0,3.4,9.6,0.0,0.0,0.0,14.7,158,117
2648,201704180TOR,"7:00 PM, April 18, 2017",2017,Toronto Raptors,Milwaukee Bucks,0,Patrick Patterson,30:02,2,6,.333,2,6,.333,2,2,1.000,0,3,3,3,3,0,1,1,8,+6,.581,.500,1.000,.333,0.0,10.4,6.0,14.2,5.2,0.0,12.7,12.6,116,104
2649,201704180TOR,"7:00 PM, April 18, 2017",2017,Toronto Raptors,Milwaukee Bucks,0,P.J. Tucker,27:52,2,4,.500,1,3,.333,0,2,.000,0,5,5,2,0,1,0,4,5,+2,.512,.625,.750,.500,0.0,18.7,10.8,10.3,0.0,2.7,0.0,8.4,113,110
2650,201704180TOR,"7:00 PM, April 18, 2017",2017,Toronto Raptors,Milwaukee Bucks,0,Cory Joseph,17:58,4,6,.667,3,4,.750,0,0,,0,0,0,1,0,0,2,3,11,+1,.917,.917,.667,.000,0.0,0.0,0.0,10.2,0.0,0.0,25.0,21.4,116,120
2651,201704180TOR,"7:00 PM, April 18, 2017",2017,Toronto Raptors,Milwaukee Bucks,0,Delon Wright,8:25,0,1,.000,0,0,,0,0,,1,1,2,3,0,0,0,0,0,+1,.000,.000,.000,.000,16.8,12.4,14.3,46.2,0.0,0.0,0.0,5.7,140,115
2652,201704180TOR,"7:00 PM, April 18, 2017",2017,Toronto Raptors,Milwaukee Bucks,0,Jakob Poeltl,3:44,1,1,1.000,0,0,,0,0,,0,1,1,0,0,0,0,1,2,+4,1.000,1.000,.000,.000,0.0,28.0,16.1,0.0,0.0,0.0,0.0,12.9,200,109
2653,201704180TOR,"7:00 PM, April 18, 2017",2017,Toronto Raptors,Milwaukee Bucks,0,Lucas Nogueira,0:00,0.0,0.0,0.0,0.0,0.0,0.0,0.0,0.0,0.0,0.0,0.0,0.0,0.0,0.0,0.0,0.0,0.0,0.0,0.0,0.0,0.0,0.0,0.0,0.0,0.0,0.0,0.0,0.0,0.0,0.0,0.0,0.0,0.0
2654,201704180TOR,"7:00 PM, April 18, 2017",2017,Toronto Raptors,Milwaukee Bucks,0,Fred VanVleet,0:00,0.0,0.0,0.0,0.0,0.0,0.0,0.0,0.0,0.0,0.0,0.0,0.0,0.0,0.0,0.0,0.0,0.0,0.0,0.0,0.0,0.0,0.0,0.0,0.0,0.0,0.0,0.0,0.0,0.0,0.0,0.0,0.0,0.0
2655,201704180TOR,"7:00 PM, April 18, 2017",2017,Toronto Raptors,Milwaukee Bucks,0,Norman Powell,0:00,0.0,0.0,0.0,0.0,0.0,0.0,0.0,0.0,0.0,0.0,0.0,0.0,0.0,0.0,0.0,0.0,0.0,0.0,0.0,0.0,0.0,0.0,0.0,0.0,0.0,0.0,0.0,0.0,0.0,0.0,0.0,0.0,0.0
2656,201704190GSW,"10:30 PM, April 19, 2017",2017,Portland Trail Blazers,Golden State Warriors,1,CJ McCollum,29:51,4,17,.235,1,3,.333,2,2,1.000,2,3,5,2,1,0,5,1,11,-26,.308,.265,.176,.118,6.0,10.3,8.0,13.6,1.6,0.0,21.9,31.6,57,110
2657,201704190GSW,"10:30 PM, April 19, 2017",2017,Portland Trail Blazers,Golden State Warriors,1,Damian Lillard,29:39,5,17,.294,0,4,.000,2,2,1.000,1,4,5,0,2,0,4,2,12,-33,.336,.294,.235,.118,3.0,13.8,8.0,0.0,3.1,0.0,18.3,30.4,58,105
2658,201704190GSW,"10:30 PM, April 19, 2017",2017,Portland Trail Blazers,Golden State Warriors,1,Maurice Harkless,29:23,5,14,.357,1,5,.200,4,4,1.000,3,5,8,1,2,4,1,4,15,-20,.476,.393,.357,.286,9.1,17.4,12.9,7.5,3.2,11.1,6.0,23.5,101,96
2659,201704190GSW,"10:30 PM, April 19, 2017",2017,Portland Trail Blazers,Golden State Warriors,1,Evan Turner,26:44,2,7,.286,1,4,.250,0,0,,0,3,3,7,2,0,4,1,5,-14,.357,.357,.571,.000,0.0,11.5,5.3,47.6,3.5,0.0,36.4,17.0,66,105
2660,201704190GSW,"10:30 PM, April 19, 2017",2017,Portland Trail Blazers,Golden State Warriors,1,Noah Vonleh,19:15,1,3,.333,0,0,,1,3,.333,2,1,3,1,1,1,1,1,3,-29,.347,.333,.000,1.000,9.2,5.3,7.4,9.1,2.4,4.2,18.8,11.4,76,106
2661,201704190GSW,"10:30 PM, April 19, 2017",2017,Portland Trail Blazers,Golden State Warriors,0,Al-Farouq Aminu,23:32,4,7,.571,1,3,.333,0,2,.000,2,5,7,1,0,2,1,2,9,-11,.571,.643,.429,.286,7.6,21.7,14.1,9.3,0.0,6.9,11.3,15.6,103,105
2662,201704190GSW,"10:30 PM, April 19, 2017",2017,Portland Trail Blazers,Golden State Warriors,0,Allen Crabbe,23:31,3,10,.300,0,5,.000,0,0,,0,4,4,1,0,0,1,1,6,-8,.300,.300,.500,.000,0.0,17.4,8.1,8.5,0.0,0.0,9.1,19.3,60,111
2663,201704190GSW,"10:30 PM, April 19, 2017",2017,Portland Trail Blazers,Golden State Warriors,0,Shabazz Napier,14:39,3,6,.500,2,4,.500,2,2,1.000,0,2,2,1,0,0,0,1,10,-4,.727,.667,.667,.333,0.0,13.9,6.5,16.2,0.0,0.0,0.0,19.4,148,112
2664,201704190GSW,"10:30 PM, April 19, 2017",2017,Portland Trail Blazers,Golden State Warriors,0,Pat Connaughton,14:25,0,4,.000,0,3,.000,2,2,1.000,1,5,6,2,0,0,0,0,2,-3,.205,.000,.750,.500,6.2,35.4,19.8,22.2,0.0,0.0,0.0,14.0,71,106
2665,201704190GSW,"10:30 PM, April 19, 2017",2017,Portland Trail Blazers,Golden State Warriors,0,Meyers Leonard,13:29,1,3,.333,0,2,.000,0,0,,0,3,3,0,0,0,1,3,2,0,.333,.333,.667,.000,0.0,22.7,10.6,0.0,0.0,0.0,25.0,12.2,49,109
2666,201704190GSW,"10:30 PM, April 19, 2017",2017,Portland Trail Blazers,Golden State Warriors,0,Jake Layman,10:24,1,1,1.000,0,0,,1,2,.500,0,1,1,1,1,0,0,2,3,0,.798,1.000,.000,2.000,0.0,9.8,4.6,18.2,4.5,0.0,0.0,7.5,167,103
2667,201704190GSW,"10:30 PM, April 19, 2017",2017,Portland Trail Blazers,Golden State Warriors,0,Tim Quarterman,5:08,1,1,1.000,1,1,1.000,0,0,,0,0,0,0,0,0,0,1,3,+3,1.500,1.500,1.000,.000,0.0,0.0,0.0,0.0,0.0,0.0,0.0,8.0,300,116
2668,201704190GSW,"10:30 PM, April 19, 2017",2017,Golden State Warriors,Portland Trail Blazers,1,Patrick McCaw,34:24,3,8,.375,1,3,.333,2,2,1.000,0,5,5,1,0,1,0,1,9,+27,.507,.438,.375,.250,0.0,12.9,6.9,3.9,0.0,2.5,0.0,10.5,110,84
2669,201704190GSW,"10:30 PM, April 19, 2017",2017,Golden State Warriors,Portland Trail Blazers,1,Stephen Curry,30:49,6,18,.333,4,12,.333,3,5,.600,0,5,5,6,4,1,4,1,19,+32,.470,.444,.667,.278,0.0,14.4,7.7,30.5,6.0,2.8,16.5,31.8,88,70
2670,201704190GSW,"10:30 PM, April 19, 2017",2017,Golden State Warriors,Portland Trail Blazers,1,Klay Thompson,30:44,6,17,.353,3,8,.375,1,1,1.000,1,1,2,2,0,1,5,2,16,+29,.459,.441,.471,.059,3.3,2.9,3.1,10.2,0.0,2.8,22.3,29.6,74,88
2671,201704190GSW,"10:30 PM, April 19, 2017",2017,Golden State Warriors,Portland Trail Blazers,1,Draymond Green,30:17,1,5,.200,1,3,.333,3,4,.750,1,11,12,10,0,3,4,3,6,+16,.444,.300,.600,.800,3.4,32.3,18.8,41.3,0.0,8.5,37.2,14.4,94,73
2672,201704190GSW,"10:30 PM, April 19, 2017",2017,Golden State Warriors,Portland Trail Blazers,1,Zaza Pachulia,16:59,5,8,.625,0,1,.000,0,0,,2,3,5,0,2,0,1,2,10,+13,.625,.625,.125,.000,12.0,15.7,14.0,0.0,5.5,0.0,11.1,21.5,111,73
2673,201704190GSW,"10:30 PM, April 19, 2017",2017,Golden State Warriors,Portland Trail Blazers,0,Andre Iguodala,27:22,3,7,.429,0,1,.000,0,0,,1,9,10,6,1,0,0,1,6,+14,.429,.429,.143,.000,3.7,29.2,17.4,30.3,1.7,0.0,0.0,10.4,122,76
2674,201704190GSW,"10:30 PM, April 19, 2017",2017,Golden State Warriors,Portland Trail Blazers,0,Ian Clark,25:30,4,11,.364,0,2,.000,5,5,1.000,0,5,5,2,0,0,1,4,13,-2,.492,.364,.182,.455,0.0,17.4,9.3,11.6,0.0,0.0,7.0,22.5,103,84
2675,201704190GSW,"10:30 PM, April 19, 2017",2017,Golden State Warriors,Portland Trail Blazers,0,David West,14:02,3,5,.600,0,0,,2,2,1.000,1,0,1,4,0,1,0,0,8,-3,.680,.600,.000,.400,7.3,0.0,3.4,46.0,0.0,6.1,0.0,17.0,160,87
2676,201704190GSW,"10:30 PM, April 19, 2017",2017,Golden State Warriors,Portland Trail Blazers,0,JaVale McGee,13:12,7,7,1.000,0,0,,1,1,1.000,2,3,5,0,1,4,2,1,15,+19,1.008,1.000,.000,.143,15.5,20.2,18.0,0.0,3.5,26.0,21.2,29.0,142,59
2677,201704190GSW,"10:30 PM, April 19, 2017",2017,Golden State Warriors,Portland Trail Blazers,0,James Michael McAdoo,10:32,2,5,.400,1,2,.500,2,2,1.000,1,1,2,0,0,0,0,1,7,+3,.595,.500,.400,.400,9.7,8.4,9.0,0.0,0.0,0.0,0.0,22.6,129,88
2678,201704190GSW,"10:30 PM, April 19, 2017",2017,Golden State Warriors,Portland Trail Blazers,0,Damian Jones,6:09,0,0,,0,0,,1,2,.500,2,0,2,0,0,0,0,1,1,-3,.568,,,,33.2,0.0,15.5,0.0,0.0,0.0,0.0,5.8,167,91
2679,201704190HOU,"8:00 PM, April 19, 2017",2017,Oklahoma City Thunder,Houston Rockets,1,Russell Westbrook,41:22,17,43,.395,2,11,.182,15,18,.833,2,8,10,13,4,1,4,3,51,+11,.370,.321,.500,.143,2.4,25.8,12.3,9.8,1.2,0.0,11.8,16.8,85,122
2680,201704190HOU,"8:00 PM, April 19, 2017",2017,Oklahoma City Thunder,Houston Rockets,1,Victor Oladipo,41:22,4,14,.286,1,7,.143,2,2,1.000,1,8,9,3,1,0,2,3,11,0,.501,.419,.256,.419,4.7,25.8,13.7,74.4,4.8,2.4,7.3,54.8,116,113
2681,201704190HOU,"8:00 PM, April 19, 2017",2017,Oklahoma City Thunder,Houston Rockets,1,Andre Roberson,37:27,6,12,.500,0,3,.000,0,0,,7,1,8,0,2,3,0,1,12,-2,.500,.500,.250,.000,18.3,3.6,12.1,0.0,2.6,7.8,0.0,13.2,130,116
2682,201704190HOU,"8:00 PM, April 19, 2017",2017,Oklahoma City Thunder,Houston Rockets,1,Steven Adams,27:25,2,3,.667,0,0,,1,2,.500,3,4,7,1,1,2,0,6,5,+18,.644,.667,.000,.667,10.7,19.5,14.4,4.8,1.8,7.1,0.0,5.8,157,115
2683,201704190HOU,"8:00 PM, April 19, 2017",2017,Oklahoma City Thunder,Houston Rockets,1,Taj Gibson,20:47,3,6,.500,0,0,,2,2,1.000,1,4,5,0,0,0,0,3,8,+17,.581,.500,.000,.333,4.7,25.7,13.6,0.0,0.0,0.0,0.0,13.7,136,125
2684,201704190HOU,"8:00 PM, April 19, 2017",2017,Oklahoma City Thunder,Houston Rockets,0,Jerami Grant,26:12,2,4,.500,1,2,.500,4,4,1.000,2,3,5,0,1,2,1,1,9,-20,.781,.625,.500,1.000,7.5,15.3,10.8,0.0,1.9,7.5,14.8,10.6,149,116
2685,201704190HOU,"8:00 PM, April 19, 2017",2017,Oklahoma City Thunder,Houston Rockets,0,Doug McDermott,13:59,4,5,.800,3,4,.750,0,0,,0,1,1,0,0,0,0,0,11,-7,1.100,1.100,.800,.000,0.0,9.5,4.0,0.0,0.0,0.0,0.0,14.8,215,127
2686,201704190HOU,"8:00 PM, April 19, 2017",2017,Oklahoma City Thunder,Houston Rockets,0,Kyle Singler,10:26,0,1,.000,0,0,,0,0,,0,1,1,0,0,0,0,2,0,-4,.000,.000,.000,.000,0.0,12.8,5.4,0.0,0.0,0.0,0.0,4.0,0,126
2687,201704190HOU,"8:00 PM, April 19, 2017",2017,Oklahoma City Thunder,Houston Rockets,0,Enes Kanter,7:36,2,4,.500,0,0,,0,0,,1,0,1,0,0,2,0,2,4,-9,.500,.500,.000,.000,12.9,0.0,7.4,0.0,0.0,25.8,0.0,21.7,118,107
2688,201704190HOU,"8:00 PM, April 19, 2017",2017,Oklahoma City Thunder,Houston Rockets,0,Semaj Christon,6:38,0,3,.000,0,2,.000,0,0,,0,1,1,3,0,0,0,0,0,-15,.000,.000,.667,.000,0.0,20.1,8.5,54.3,0.0,0.0,0.0,18.7,55,126
2689,201704190HOU,"8:00 PM, April 19, 2017",2017,Oklahoma City Thunder,Houston Rockets,0,Alex Abrines,4:25,0,1,.000,0,1,.000,0,0,,0,0,0,0,0,0,0,0,0,-4,.000,.000,1.000,.000,0.0,0.0,0.0,0.0,0.0,0.0,0.0,9.3,0,128
2690,201704190HOU,"8:00 PM, April 19, 2017",2017,Oklahoma City Thunder,Houston Rockets,0,Domantas Sabonis,2:22,0,1,.000,0,0,,0,0,,0,0,0,0,0,1,0,3,0,-5,.000,.000,.000,.000,0.0,0.0,0.0,0.0,0.0,41.4,0.0,17.4,0,90
2691,201704190HOU,"8:00 PM, April 19, 2017",2017,Oklahoma City Thunder,Houston Rockets,0,Nick Collison,0:00,0.0,0.0,0.0,0.0,0.0,0.0,0.0,0.0,0.0,0.0,0.0,0.0,0.0,0.0,0.0,0.0,0.0,0.0,0.0,0.0,0.0,0.0,0.0,0.0,0.0,0.0,0.0,0.0,0.0,0.0,0.0,0.0,0.0
2692,201704190HOU,"8:00 PM, April 19, 2017",2017,Houston Rockets,Oklahoma City Thunder,1,Trevor Ariza,40:20,2,5,.400,0,1,.000,0,0,,0,4,4,1,1,1,1,2,4,+6,.400,.400,.200,.000,0.0,9.7,5.6,3.3,1.2,1.8,16.7,6.7,73,118
2693,201704190HOU,"8:00 PM, April 19, 2017",2017,Houston Rockets,Oklahoma City Thunder,1,James Harden,37:27,7,17,.412,3,7,.429,18,20,.900,0,4,4,8,1,0,7,5,35,+2,.678,.500,.412,1.176,0.0,10.5,6.0,35.3,1.3,0.0,21.3,39.2,118,118
2694,201704190HOU,"8:00 PM, April 19, 2017",2017,Houston Rockets,Oklahoma City Thunder,1,Patrick Beverley,33:37,6,9,.667,2,4,.500,1,2,.500,1,5,6,4,1,0,2,5,15,-7,.759,.778,.444,.222,4.0,14.6,10.1,19.4,1.5,0.0,16.8,15.8,132,115
2695,201704190HOU,"8:00 PM, April 19, 2017",2017,Houston Rockets,Oklahoma City Thunder,1,Ryan Anderson,28:55,1,8,.125,0,7,.000,2,2,1.000,0,3,3,0,0,1,0,3,4,-18,.225,.125,.875,.250,0.0,10.2,5.9,0.0,0.0,2.5,0.0,13.7,49,120
2696,201704190HOU,"8:00 PM, April 19, 2017",2017,Houston Rockets,Oklahoma City Thunder,1,Clint Capela,23:00,3,8,.375,0,0,,1,3,.333,3,7,10,1,0,4,0,2,7,-4,.376,.375,.000,.375,17.4,29.8,24.6,6.6,0.0,12.5,0.0,18.1,100,105
2697,201704190HOU,"8:00 PM, April 19, 2017",2017,Houston Rockets,Oklahoma City Thunder,0,Eric Gordon,30:23,8,14,.571,3,6,.500,3,4,.750,0,4,4,2,0,1,2,2,22,+15,.698,.679,.429,.286,0.0,12.9,7.4,12.5,0.0,2.4,11.3,26.2,122,118
2698,201704190HOU,"8:00 PM, April 19, 2017",2017,Houston Rockets,Oklahoma City Thunder,0,Nene Hilario,25:00,3,3,1.000,0,0,,1,4,.250,0,5,5,2,1,1,1,2,7,+8,.735,1.000,.000,1.333,0.0,19.6,11.3,11.9,2.0,2.9,17.4,10.3,123,110
2699,201704190HOU,"8:00 PM, April 19, 2017",2017,Houston Rockets,Oklahoma City Thunder,0,Lou Williams,21:18,8,14,.571,3,4,.750,2,2,1.000,1,0,1,2,1,0,0,0,21,+18,.706,.679,.286,.143,6.3,0.0,2.7,22.6,2.3,0.0,0.0,31.3,142,121
2700,201704190HOU,"8:00 PM, April 19, 2017",2017,Houston Rockets,Oklahoma City Thunder,0,Montrezl Harrell,0:00,0.0,0.0,0.0,0.0,0.0,0.0,0.0,0.0,0.0,0.0,0.0,0.0,0.0,0.0,0.0,0.0,0.0,0.0,0.0,0.0,0.0,0.0,0.0,0.0,0.0,0.0,0.0,0.0,0.0,0.0,0.0,0.0,0.0
2701,201704190HOU,"8:00 PM, April 19, 2017",2017,Houston Rockets,Oklahoma City Thunder,0,Bobby Brown,0:00,0.0,0.0,0.0,0.0,0.0,0.0,0.0,0.0,0.0,0.0,0.0,0.0,0.0,0.0,0.0,0.0,0.0,0.0,0.0,0.0,0.0,0.0,0.0,0.0,0.0,0.0,0.0,0.0,0.0,0.0,0.0,0.0,0.0
2702,201704190HOU,"8:00 PM, April 19, 2017",2017,Houston Rockets,Oklahoma City Thunder,0,Troy Williams,0:00,0.0,0.0,0.0,0.0,0.0,0.0,0.0,0.0,0.0,0.0,0.0,0.0,0.0,0.0,0.0,0.0,0.0,0.0,0.0,0.0,0.0,0.0,0.0,0.0,0.0,0.0,0.0,0.0,0.0,0.0,0.0,0.0,0.0
2703,201704190WAS,"7:00 PM, April 19, 2017",2017,Atlanta Hawks,Washington Wizards,1,Dennis Schroder,38:15,8,21,.381,1,8,.125,6,8,.750,2,2,4,6,1,0,1,2,23,+2,.469,.405,.381,.381,6.0,6.0,6.0,34.3,1.3,0.0,3.9,28.2,108,115
2704,201704190WAS,"7:00 PM, April 19, 2017",2017,Atlanta Hawks,Washington Wizards,1,Paul Millsap,35:22,6,14,.429,1,3,.333,14,15,.933,1,9,10,4,2,1,5,3,27,-6,.655,.464,.214,1.071,3.2,29.1,16.2,22.8,2.8,2.1,19.5,30.6,116,104
2705,201704190WAS,"7:00 PM, April 19, 2017",2017,Atlanta Hawks,Washington Wizards,1,Tim Hardaway,34:47,5,14,.357,2,4,.500,7,7,1.000,1,0,1,2,0,0,4,3,19,-20,.556,.429,.286,.500,3.3,0.0,1.6,11.0,0.0,0.0,19.0,25.6,99,119
2706,201704190WAS,"7:00 PM, April 19, 2017",2017,Atlanta Hawks,Washington Wizards,1,Taurean Waller-Prince,29:53,5,8,.625,0,1,.000,2,2,1.000,1,3,4,1,0,0,1,1,12,-12,.676,.625,.125,.250,3.8,11.5,7.6,6.7,0.0,0.0,10.1,14.0,127,116
2707,201704190WAS,"7:00 PM, April 19, 2017",2017,Atlanta Hawks,Washington Wizards,1,Dwight Howard,19:53,3,5,.600,0,0,,0,0,,2,5,7,1,1,1,3,4,6,+5,.600,.600,.000,.000,11.5,28.7,20.1,9.8,2.4,3.8,37.5,17.0,83,103
2708,201704190WAS,"7:00 PM, April 19, 2017",2017,Atlanta Hawks,Washington Wizards,0,Kent Bazemore,24:56,2,5,.400,0,1,.000,4,4,1.000,1,4,5,0,0,2,4,5,8,0,.592,.400,.200,.800,4.6,18.3,11.5,0.0,0.0,6.0,37.2,18.2,79,110
2709,201704190WAS,"7:00 PM, April 19, 2017",2017,Atlanta Hawks,Washington Wizards,0,Mike Muscala,22:52,1,6,.167,0,1,.000,0,0,,0,6,6,1,0,2,0,5,2,-12,.167,.167,.167,.000,0.0,30.0,15.0,7.0,0.0,6.6,0.0,11.1,46,106
2710,201704190WAS,"7:00 PM, April 19, 2017",2017,Atlanta Hawks,Washington Wizards,0,Ersan Ilyasova,15:39,1,3,.333,0,1,.000,0,0,,2,2,4,0,1,0,0,1,2,+2,.333,.333,.333,.000,14.6,14.6,14.6,0.0,3.1,0.0,0.0,8.1,101,109
2711,201704190WAS,"7:00 PM, April 19, 2017",2017,Atlanta Hawks,Washington Wizards,0,Jose Calderon,8:05,1,2,.500,0,1,.000,0,0,,0,0,0,2,1,0,0,1,2,-6,.500,.500,.500,.000,0.0,0.0,0.0,45.6,6.0,0.0,0.0,10.4,129,106
2712,201704190WAS,"7:00 PM, April 19, 2017",2017,Atlanta Hawks,Washington Wizards,0,Mike Dunleavy,5:49,0,0,,0,0,,0,0,,0,0,0,0,0,0,0,1,0,+9,,,,,0.0,0.0,0.0,0.0,0.0,0.0,,0.0,0,119
2713,201704190WAS,"7:00 PM, April 19, 2017",2017,Atlanta Hawks,Washington Wizards,0,Thabo Sefolosha,4:29,0,1,.000,0,0,,0,2,.000,0,0,0,0,0,0,0,0,0,-2,.000,.000,.000,2.000,0.0,0.0,0.0,0.0,0.0,0.0,0.0,17.7,0,120
2714,201704190WAS,"7:00 PM, April 19, 2017",2017,Atlanta Hawks,Washington Wizards,0,Malcolm Delaney,0:00,0.0,0.0,0.0,0.0,0.0,0.0,0.0,0.0,0.0,0.0,0.0,0.0,0.0,0.0,0.0,0.0,0.0,0.0,0.0,0.0,0.0,0.0,0.0,0.0,0.0,0.0,0.0,0.0,0.0,0.0,0.0,0.0,0.0
2715,201704190WAS,"7:00 PM, April 19, 2017",2017,Atlanta Hawks,Washington Wizards,0,Kris Humphries,0:00,0.0,0.0,0.0,0.0,0.0,0.0,0.0,0.0,0.0,0.0,0.0,0.0,0.0,0.0,0.0,0.0,0.0,0.0,0.0,0.0,0.0,0.0,0.0,0.0,0.0,0.0,0.0,0.0,0.0,0.0,0.0,0.0,0.0
2716,201704190WAS,"7:00 PM, April 19, 2017",2017,Washington Wizards,Atlanta Hawks,1,Bradley Beal,42:08,12,27,.444,4,10,.400,3,6,.500,1,1,2,3,3,0,4,2,31,+14,.523,.519,.370,.222,2.7,2.7,2.7,13.5,3.5,0.0,11.9,34.4,98,105
2717,201704190WAS,"7:00 PM, April 19, 2017",2017,Washington Wizards,Atlanta Hawks,1,John Wall,39:17,9,20,.450,2,2,1.000,12,15,.800,0,5,5,9,2,1,4,2,32,-2,.602,.500,.100,.750,0.0,14.5,7.3,39.3,2.5,2.1,13.1,33.5,119,103
2718,201704190WAS,"7:00 PM, April 19, 2017",2017,Washington Wizards,Atlanta Hawks,1,Marcin Gortat,35:09,7,10,.700,0,0,,0,0,,6,4,10,3,1,5,1,3,14,+7,.700,.700,.000,.000,19.5,13.0,16.3,13.9,1.4,11.6,9.1,13.5,146,99
2719,201704190WAS,"7:00 PM, April 19, 2017",2017,Washington Wizards,Atlanta Hawks,1,Otto Porter,23:27,2,7,.286,0,3,.000,0,0,,0,5,5,2,2,0,1,4,4,+19,.286,.286,.429,.000,0.0,24.4,12.2,11.7,4.2,0.0,12.5,14.7,66,98
2720,201704190WAS,"7:00 PM, April 19, 2017",2017,Washington Wizards,Atlanta Hawks,1,Markieff Morris,20:12,1,3,.333,0,1,.000,1,2,.500,0,3,3,2,0,2,0,5,3,+16,.387,.333,.333,.667,0.0,17.0,8.5,13.0,0.0,8.1,0.0,8.3,104,103
2721,201704190WAS,"7:00 PM, April 19, 2017",2017,Washington Wizards,Atlanta Hawks,0,Jason Smith,27:54,3,6,.500,0,0,,2,2,1.000,2,5,7,1,1,1,1,5,8,-7,.581,.500,.000,.333,8.2,20.5,14.3,5.1,1.7,2.9,12.7,12.2,119,102
2722,201704190WAS,"7:00 PM, April 19, 2017",2017,Washington Wizards,Atlanta Hawks,0,Bojan Bogdanovic,22:09,1,7,.143,1,5,.200,3,4,.750,1,5,6,0,0,0,0,3,6,0,.342,.214,.714,.571,5.2,25.8,15.5,0.0,0.0,0.0,0.0,17.0,87,106
2723,201704190WAS,"7:00 PM, April 19, 2017",2017,Washington Wizards,Atlanta Hawks,0,Brandon Jennings,16:36,4,5,.800,0,1,.000,2,2,1.000,1,3,4,2,0,0,0,1,10,+3,.850,.800,.200,.400,6.9,20.7,13.8,21.1,0.0,0.0,0.0,15.2,182,107
2724,201704190WAS,"7:00 PM, April 19, 2017",2017,Washington Wizards,Atlanta Hawks,0,Kelly Oubre,13:08,0,1,.000,0,0,,1,2,.500,0,1,1,0,1,1,0,4,1,-10,.266,.000,.000,2.000,0.0,8.7,4.4,0.0,3.7,6.2,0.0,6.2,63,99
2725,201704190WAS,"7:00 PM, April 19, 2017",2017,Washington Wizards,Atlanta Hawks,0,Daniel Ochefu,0:00,0.0,0.0,0.0,0.0,0.0,0.0,0.0,0.0,0.0,0.0,0.0,0.0,0.0,0.0,0.0,0.0,0.0,0.0,0.0,0.0,0.0,0.0,0.0,0.0,0.0,0.0,0.0,0.0,0.0,0.0,0.0,0.0,0.0
2726,201704190WAS,"7:00 PM, April 19, 2017",2017,Washington Wizards,Atlanta Hawks,0,Trey Burke,0:00,0.0,0.0,0.0,0.0,0.0,0.0,0.0,0.0,0.0,0.0,0.0,0.0,0.0,0.0,0.0,0.0,0.0,0.0,0.0,0.0,0.0,0.0,0.0,0.0,0.0,0.0,0.0,0.0,0.0,0.0,0.0,0.0,0.0
2727,201704190WAS,"7:00 PM, April 19, 2017",2017,Washington Wizards,Atlanta Hawks,0,Tomas Satoransky,0:00,0.0,0.0,0.0,0.0,0.0,0.0,0.0,0.0,0.0,0.0,0.0,0.0,0.0,0.0,0.0,0.0,0.0,0.0,0.0,0.0,0.0,0.0,0.0,0.0,0.0,0.0,0.0,0.0,0.0,0.0,0.0,0.0,0.0
2728,201704190WAS,"7:00 PM, April 19, 2017",2017,Washington Wizards,Atlanta Hawks,0,Sheldon Mac,0:00,0.0,0.0,0.0,0.0,0.0,0.0,0.0,0.0,0.0,0.0,0.0,0.0,0.0,0.0,0.0,0.0,0.0,0.0,0.0,0.0,0.0,0.0,0.0,0.0,0.0,0.0,0.0,0.0,0.0,0.0,0.0,0.0,0.0
2729,201704200IND,"7:00 PM, April 20, 2017",2017,Cleveland Cavaliers,Indiana Pacers,1,LeBron James,45:13,14,27,.519,6,12,.500,7,14,.500,1,12,13,12,1,2,3,4,41,+13,.618,.630,.444,.519,2.5,26.0,15.0,52.8,1.1,3.9,8.3,35.5,130,114
2730,201704200IND,"7:00 PM, April 20, 2017",2017,Cleveland Cavaliers,Indiana Pacers,1,J.R. Smith,31:23,4,9,.444,4,8,.500,1,2,.500,0,2,2,2,0,0,0,3,13,+13,.658,.667,.889,.222,0.0,6.2,3.3,9.3,0.0,0.0,0.0,14.0,136,129
2731,201704200IND,"7:00 PM, April 20, 2017",2017,Cleveland Cavaliers,Indiana Pacers,1,Tristan Thompson,27:49,4,7,.571,0,0,,1,2,.500,7,3,10,0,0,3,1,2,9,0,.571,.571,.000,.286,28.1,10.6,18.8,0.0,0.0,9.6,11.3,14.2,135,122
2732,201704200IND,"7:00 PM, April 20, 2017",2017,Cleveland Cavaliers,Indiana Pacers,1,Kyrie Irving,27:33,4,17,.235,1,6,.167,4,5,.800,0,2,2,4,0,0,3,1,13,-15,.339,.265,.353,.294,0.0,7.1,3.8,21.8,0.0,0.0,13.5,35.7,74,129
2733,201704200IND,"7:00 PM, April 20, 2017",2017,Cleveland Cavaliers,Indiana Pacers,1,Kevin Love,26:33,4,12,.333,3,7,.429,2,2,1.000,0,6,6,1,0,0,1,1,13,+5,.505,.458,.583,.167,0.0,22.1,11.8,5.7,0.0,0.0,7.2,23.2,98,120
2734,201704200IND,"7:00 PM, April 20, 2017",2017,Cleveland Cavaliers,Indiana Pacers,0,Deron Williams,22:23,1,1,1.000,1,1,1.000,2,2,1.000,0,1,1,2,1,1,0,3,5,+17,1.330,1.500,1.000,2.000,0.0,4.4,2.3,11.6,2.2,4.0,0.0,3.7,266,123
2735,201704200IND,"7:00 PM, April 20, 2017",2017,Cleveland Cavaliers,Indiana Pacers,0,Kyle Korver,22:18,4,7,.571,4,5,.800,0,0,,0,0,0,1,2,0,0,2,12,-3,.857,.857,.714,.000,0.0,0.0,0.0,7.1,4.5,0.0,0.0,13.9,163,122
2736,201704200IND,"7:00 PM, April 20, 2017",2017,Cleveland Cavaliers,Indiana Pacers,0,Channing Frye,19:11,4,7,.571,2,5,.400,3,3,1.000,0,4,4,1,2,0,0,2,13,+12,.781,.714,.714,.429,0.0,20.4,10.9,8.6,5.2,0.0,0.0,19.2,160,108
2737,201704200IND,"7:00 PM, April 20, 2017",2017,Cleveland Cavaliers,Indiana Pacers,0,Iman Shumpert,13:56,0,0,,0,0,,0,0,,0,2,2,0,0,1,0,4,0,-3,,,,,0.0,14.1,7.5,0.0,0.0,6.4,,0.0,0,121
2738,201704200IND,"7:00 PM, April 20, 2017",2017,Cleveland Cavaliers,Indiana Pacers,0,Richard Jefferson,3:38,0,0,,0,0,,0,0,,0,0,0,0,0,0,0,0,0,-12,,,,,0.0,0.0,0.0,0.0,0.0,0.0,,0.0,0,133
2739,201704200IND,"7:00 PM, April 20, 2017",2017,Cleveland Cavaliers,Indiana Pacers,0,Dahntay Jones,0:06,0,0,,0,0,,0,0,,0,0,0,0,0,0,0,1,0,-2,,,,,0.0,0.0,0.0,0.0,0.0,0.0,,0.0,0,120
2740,201704200IND,"7:00 PM, April 20, 2017",2017,Cleveland Cavaliers,Indiana Pacers,0,James Jones,0:00,0.0,0.0,0.0,0.0,0.0,0.0,0.0,0.0,0.0,0.0,0.0,0.0,0.0,0.0,0.0,0.0,0.0,0.0,0.0,0.0,0.0,0.0,0.0,0.0,0.0,0.0,0.0,0.0,0.0,0.0,0.0,0.0,0.0
2741,201704200IND,"7:00 PM, April 20, 2017",2017,Cleveland Cavaliers,Indiana Pacers,0,Derrick Williams,0:00,0.0,0.0,0.0,0.0,0.0,0.0,0.0,0.0,0.0,0.0,0.0,0.0,0.0,0.0,0.0,0.0,0.0,0.0,0.0,0.0,0.0,0.0,0.0,0.0,0.0,0.0,0.0,0.0,0.0,0.0,0.0,0.0,0.0
2742,201704200IND,"7:00 PM, April 20, 2017",2017,Indiana Pacers,Cleveland Cavaliers,1,Paul George,44:37,10,28,.357,5,15,.333,11,11,1.000,2,13,15,9,1,0,1,4,36,-10,.548,.446,.536,.393,4.4,32.5,17.5,35.5,1.1,0.0,3.0,31.5,135,122
2743,201704200IND,"7:00 PM, April 20, 2017",2017,Indiana Pacers,Cleveland Cavaliers,1,Thaddeus Young,39:12,5,10,.500,1,2,.500,0,0,,10,4,14,3,0,1,3,3,11,-11,.550,.550,.200,.000,25.0,11.4,18.6,11.5,0.0,2.8,23.1,13.8,120,128
2744,201704200IND,"7:00 PM, April 20, 2017",2017,Indiana Pacers,Cleveland Cavaliers,1,Jeff Teague,32:39,5,11,.455,4,6,.667,1,3,.333,0,3,3,7,1,0,1,3,15,-3,.609,.636,.545,.273,0.0,10.3,4.8,33.6,1.5,0.0,7.5,17.0,135,126
2745,201704200IND,"7:00 PM, April 20, 2017",2017,Indiana Pacers,Cleveland Cavaliers,1,Myles Turner,30:44,3,12,.250,0,3,.000,0,0,,1,4,5,0,2,2,1,5,6,-4,.250,.250,.250,.000,3.2,14.5,8.5,0.0,3.3,7.3,7.7,17.6,59,116
2746,201704200IND,"7:00 PM, April 20, 2017",2017,Indiana Pacers,Cleveland Cavaliers,1,C.J. Miles,24:58,3,6,.500,1,4,.250,2,2,1.000,2,0,2,0,0,0,0,1,9,-12,.654,.583,.667,.333,7.8,0.0,4.2,0.0,0.0,0.0,0.0,11.5,152,132
2747,201704200IND,"7:00 PM, April 20, 2017",2017,Indiana Pacers,Cleveland Cavaliers,0,Lance Stephenson,23:46,4,12,.333,3,7,.429,2,2,1.000,0,6,6,1,0,0,2,0,13,+8,.505,.458,.583,.167,0.0,28.2,13.2,6.7,0.0,0.0,13.4,26.0,97,126
2748,201704200IND,"7:00 PM, April 20, 2017",2017,Indiana Pacers,Cleveland Cavaliers,0,Monta Ellis,17:53,3,6,.500,1,3,.333,1,1,1.000,0,1,1,1,0,1,0,3,8,+7,.621,.583,.500,.167,0.0,6.2,2.9,9.0,0.0,6.2,0.0,15.0,140,126
2749,201704200IND,"7:00 PM, April 20, 2017",2017,Indiana Pacers,Cleveland Cavaliers,0,Kevin Seraphin,17:16,3,8,.375,0,0,,5,7,.714,2,3,5,3,0,1,1,4,11,-1,.496,.375,.000,.875,11.3,19.4,15.1,28.1,0.0,6.5,8.3,29.1,119,122
2750,201704200IND,"7:00 PM, April 20, 2017",2017,Indiana Pacers,Cleveland Cavaliers,0,Glenn Robinson,8:55,2,2,1.000,1,1,1.000,0,0,,0,1,1,1,0,0,0,0,5,+1,1.250,1.250,.500,.000,0.0,12.5,5.9,19.8,0.0,0.0,0.0,9.3,249,130
2751,201704200IND,"7:00 PM, April 20, 2017",2017,Indiana Pacers,Cleveland Cavaliers,0,Aaron Brooks,0:00,0.0,0.0,0.0,0.0,0.0,0.0,0.0,0.0,0.0,0.0,0.0,0.0,0.0,0.0,0.0,0.0,0.0,0.0,0.0,0.0,0.0,0.0,0.0,0.0,0.0,0.0,0.0,0.0,0.0,0.0,0.0,0.0,0.0
2752,201704200IND,"7:00 PM, April 20, 2017",2017,Indiana Pacers,Cleveland Cavaliers,0,Al Jefferson,0:00,0.0,0.0,0.0,0.0,0.0,0.0,0.0,0.0,0.0,0.0,0.0,0.0,0.0,0.0,0.0,0.0,0.0,0.0,0.0,0.0,0.0,0.0,0.0,0.0,0.0,0.0,0.0,0.0,0.0,0.0,0.0,0.0,0.0
2753,201704200IND,"7:00 PM, April 20, 2017",2017,Indiana Pacers,Cleveland Cavaliers,0,Lavoy Allen,0:00,0.0,0.0,0.0,0.0,0.0,0.0,0.0,0.0,0.0,0.0,0.0,0.0,0.0,0.0,0.0,0.0,0.0,0.0,0.0,0.0,0.0,0.0,0.0,0.0,0.0,0.0,0.0,0.0,0.0,0.0,0.0,0.0,0.0
2754,201704200IND,"7:00 PM, April 20, 2017",2017,Indiana Pacers,Cleveland Cavaliers,0,Rakeem Christmas,0:00,0.0,0.0,0.0,0.0,0.0,0.0,0.0,0.0,0.0,0.0,0.0,0.0,0.0,0.0,0.0,0.0,0.0,0.0,0.0,0.0,0.0,0.0,0.0,0.0,0.0,0.0,0.0,0.0,0.0,0.0,0.0,0.0,0.0
2755,201704200MEM,"9:30 PM, April 20, 2017",2017,San Antonio Spurs,Memphis Grizzlies,1,LaMarcus Aldridge,30:24,5,8,.625,0,1,.000,6,10,.600,3,8,11,2,0,1,1,0,16,-12,.645,.625,.125,1.250,12.1,35.1,23.2,12.1,0.0,2.9,7.5,22.0,136,122
2756,201704200MEM,"9:30 PM, April 20, 2017",2017,San Antonio Spurs,Memphis Grizzlies,1,Kawhi Leonard,30:12,6,11,.545,2,4,.500,4,4,1.000,0,4,4,3,0,1,1,2,18,-7,.705,.636,.364,.364,0.0,17.7,8.5,19.5,0.0,2.9,7.3,22.7,145,125
2757,201704200MEM,"9:30 PM, April 20, 2017",2017,San Antonio Spurs,Memphis Grizzlies,1,Danny Green,21:15,3,9,.333,0,4,.000,0,0,,3,1,4,0,0,0,0,4,6,-15,.333,.333,.444,.000,17.4,6.3,12.0,0.0,0.0,0.0,0.0,21.1,93,130
2758,201704200MEM,"9:30 PM, April 20, 2017",2017,San Antonio Spurs,Memphis Grizzlies,1,Tony Parker,18:58,0,4,.000,0,0,,0,0,,0,1,1,0,0,0,1,1,0,-6,.000,.000,.000,.000,0.0,7.0,3.4,0.0,0.0,0.0,20.0,13.1,0,130
2759,201704200MEM,"9:30 PM, April 20, 2017",2017,San Antonio Spurs,Memphis Grizzlies,1,Dewayne Dedmon,10:10,1,1,1.000,0,0,,0,2,.000,1,2,3,0,0,0,2,2,2,+6,.532,1.000,.000,2.000,12.1,26.2,18.9,0.0,0.0,0.0,51.5,19.0,53,127
2760,201704200MEM,"9:30 PM, April 20, 2017",2017,San Antonio Spurs,Memphis Grizzlies,0,Pau Gasol,27:09,2,9,.222,0,2,.000,2,4,.500,4,4,8,1,0,1,0,0,6,-12,.279,.222,.222,.444,18.1,19.6,18.9,5.8,0.0,3.2,0.0,19.8,91,125
2761,201704200MEM,"9:30 PM, April 20, 2017",2017,San Antonio Spurs,Memphis Grizzlies,0,Patty Mills,21:48,4,8,.500,3,5,.600,0,0,,0,2,2,1,1,0,2,3,11,-16,.688,.688,.625,.000,0.0,12.2,5.9,8.7,2.7,0.0,20.0,22.9,111,123
2762,201704200MEM,"9:30 PM, April 20, 2017",2017,San Antonio Spurs,Memphis Grizzlies,0,Kyle Anderson,18:24,6,7,.857,1,1,1.000,2,3,.667,1,0,1,3,0,0,2,0,15,+3,.901,.929,.143,.429,6.7,0.0,3.5,42.7,0.0,0.0,19.4,28.0,148,131
2763,201704200MEM,"9:30 PM, April 20, 2017",2017,San Antonio Spurs,Memphis Grizzlies,0,Jonathon Simmons,16:27,4,5,.800,2,3,.667,0,2,.000,0,2,2,3,0,0,1,1,10,+2,.850,1.000,.600,.400,0.0,16.2,7.8,39.2,0.0,0.0,14.5,20.8,147,128
2764,201704200MEM,"9:30 PM, April 20, 2017",2017,San Antonio Spurs,Memphis Grizzlies,0,David Lee,15:51,0,3,.000,0,0,,0,0,,0,2,2,0,0,0,1,5,0,-9,.000,.000,.000,.000,0.0,16.8,8.1,0.0,0.0,0.0,25.0,12.6,0,128
2765,201704200MEM,"9:30 PM, April 20, 2017",2017,San Antonio Spurs,Memphis Grizzlies,0,Davis Bertans,12:00,2,4,.500,2,3,.667,0,0,,0,0,0,0,0,0,0,0,6,+7,.750,.750,.750,.000,0.0,0.0,0.0,0.0,0.0,0.0,0.0,16.6,155,131
2766,201704200MEM,"9:30 PM, April 20, 2017",2017,San Antonio Spurs,Memphis Grizzlies,0,Manu Ginobili,10:08,0,2,.000,0,1,.000,0,0,,0,1,1,2,0,0,0,0,0,-7,.000,.000,.500,.000,0.0,13.2,6.3,27.9,0.0,0.0,0.0,9.8,63,129
2767,201704200MEM,"9:30 PM, April 20, 2017",2017,San Antonio Spurs,Memphis Grizzlies,0,Dejounte Murray,7:14,1,1,1.000,0,0,,2,3,.667,0,3,3,1,0,0,1,3,4,+11,.862,1.000,.000,3.000,0.0,55.3,26.5,24.3,0.0,0.0,30.1,22.9,126,122
2768,201704200MEM,"9:30 PM, April 20, 2017",2017,Memphis Grizzlies,San Antonio Spurs,1,Vince Carter,36:09,2,4,.500,0,1,.000,0,0,,0,4,4,2,0,0,0,1,4,+10,.500,.500,.250,.000,0.0,13.6,7.1,7.3,0.0,0.0,0.0,5.8,117,116
2769,201704200MEM,"9:30 PM, April 20, 2017",2017,Memphis Grizzlies,San Antonio Spurs,1,Marc Gasol,35:54,8,14,.571,2,2,1.000,3,4,.750,1,5,6,3,0,1,1,4,21,+11,.666,.643,.143,.286,3.7,17.1,10.7,14.2,0.0,2.8,6.0,24.7,131,112
2770,201704200MEM,"9:30 PM, April 20, 2017",2017,Memphis Grizzlies,San Antonio Spurs,1,Mike Conley,34:02,7,13,.538,2,5,.400,8,8,1.000,0,1,1,8,0,0,2,0,24,+20,.726,.615,.385,.615,0.0,3.6,1.9,38.7,0.0,0.0,10.8,28.8,143,119
2771,201704200MEM,"9:30 PM, April 20, 2017",2017,Memphis Grizzlies,San Antonio Spurs,1,Zach Randolph,29:28,9,16,.563,1,2,.500,2,2,1.000,0,8,8,0,0,1,0,2,21,+5,.622,.594,.125,.125,0.0,33.4,17.4,0.0,0.0,3.4,0.0,30.3,121,107
2772,201704200MEM,"9:30 PM, April 20, 2017",2017,Memphis Grizzlies,San Antonio Spurs,1,James Ennis,20:19,4,6,.667,1,3,.333,3,4,.750,0,2,2,1,1,0,1,4,12,0,.773,.750,.500,.667,0.0,12.1,6.3,8.0,2.8,0.0,11.4,22.8,136,108
2773,201704200MEM,"9:30 PM, April 20, 2017",2017,Memphis Grizzlies,San Antonio Spurs,0,Wayne Selden,28:04,4,9,.444,2,4,.500,0,0,,1,1,2,1,0,1,0,4,10,+11,.556,.556,.444,.000,4.8,4.4,4.6,5.3,0.0,3.6,0.0,17.0,119,116
2774,201704200MEM,"9:30 PM, April 20, 2017",2017,Memphis Grizzlies,San Antonio Spurs,0,Andrew Harrison,25:01,1,6,.167,1,3,.333,2,2,1.000,1,1,2,6,1,0,1,3,5,+2,.363,.250,.500,.333,5.3,4.9,5.1,31.0,2.3,0.0,12.7,16.7,105,113
2775,201704200MEM,"9:30 PM, April 20, 2017",2017,Memphis Grizzlies,San Antonio Spurs,0,JaMychal Green,23:48,4,7,.571,0,2,.000,0,0,,2,4,6,0,0,0,0,4,8,+17,.571,.571,.286,.000,11.2,20.7,16.1,0.0,0.0,0.0,0.0,15.5,127,112
2776,201704200MEM,"9:30 PM, April 20, 2017",2017,Memphis Grizzlies,San Antonio Spurs,0,Wade Baldwin,3:00,0,0,,0,0,,0,0,,0,1,1,0,0,0,0,1,0,-9,,,,,0.0,41.0,21.3,0.0,0.0,0.0,,0.0,0,103
2777,201704200MEM,"9:30 PM, April 20, 2017",2017,Memphis Grizzlies,San Antonio Spurs,0,Deyonta Davis,1:59,0,2,.000,0,0,,0,0,,1,0,1,0,0,0,0,0,0,-7,.000,.000,.000,.000,67.2,0.0,32.3,0.0,0.0,0.0,0.0,53.3,47,121
2778,201704200MEM,"9:30 PM, April 20, 2017",2017,Memphis Grizzlies,San Antonio Spurs,0,Jarell Martin,1:50,0,0,,0,0,,0,0,,0,0,0,0,0,0,0,1,0,-7,,,,,0.0,0.0,0.0,0.0,0.0,0.0,,0.0,0,115
2779,201704200MEM,"9:30 PM, April 20, 2017",2017,Memphis Grizzlies,San Antonio Spurs,0,Troy Daniels,0:26,0,0,,0,0,,0,0,,0,0,0,0,0,0,0,0,0,+2,,,,,0.0,0.0,0.0,0.0,0.0,0.0,,0.0,0,121
2780,201704200MEM,"9:30 PM, April 20, 2017",2017,Memphis Grizzlies,San Antonio Spurs,0,Brandan Wright,0:00,0.0,0.0,0.0,0.0,0.0,0.0,0.0,0.0,0.0,0.0,0.0,0.0,0.0,0.0,0.0,0.0,0.0,0.0,0.0,0.0,0.0,0.0,0.0,0.0,0.0,0.0,0.0,0.0,0.0,0.0,0.0,0.0,0.0
2781,201704200MIL,"8:00 PM, April 20, 2017",2017,Toronto Raptors,Milwaukee Bucks,1,Kyle Lowry,34:38,4,10,.400,2,5,.400,3,4,.750,0,5,5,2,0,1,3,5,13,-18,.553,.500,.500,.400,0.0,20.4,9.1,15.0,0.0,2.7,20.3,20.6,93,117
2782,201704200MIL,"8:00 PM, April 20, 2017",2017,Toronto Raptors,Milwaukee Bucks,1,DeMar DeRozan,30:44,0,8,.000,0,2,.000,8,8,1.000,0,2,2,0,0,0,3,2,8,-23,.347,.000,.250,1.000,0.0,9.2,4.1,0.0,0.0,0.0,20.7,22.9,62,121
2783,201704200MIL,"8:00 PM, April 20, 2017",2017,Toronto Raptors,Milwaukee Bucks,1,Serge Ibaka,25:47,3,8,.375,0,2,.000,0,0,,0,3,3,0,0,1,2,3,6,-18,.375,.375,.250,.000,0.0,16.4,7.3,0.0,0.0,3.7,20.0,18.8,60,117
2784,201704200MIL,"8:00 PM, April 20, 2017",2017,Toronto Raptors,Milwaukee Bucks,1,Jonas Valanciunas,20:21,3,9,.333,0,0,,5,7,.714,1,6,7,0,0,0,2,3,11,-12,.455,.333,.000,.778,5.6,41.6,21.7,0.0,0.0,0.0,14.2,33.5,85,119
2785,201704200MIL,"8:00 PM, April 20, 2017",2017,Toronto Raptors,Milwaukee Bucks,1,DeMarre Carroll,14:15,1,4,.250,1,4,.250,0,0,,0,1,1,0,2,2,0,0,3,-13,.375,.375,1.000,.000,0.0,9.9,4.4,0.0,7.5,13.2,0.0,13.6,80,91
2786,201704200MIL,"8:00 PM, April 20, 2017",2017,Toronto Raptors,Milwaukee Bucks,0,Delon Wright,26:43,4,6,.667,2,3,.667,3,5,.600,2,4,6,2,0,0,2,2,13,0,.793,.833,.500,.833,8.6,21.1,14.2,21.4,0.0,0.0,19.6,18.5,132,120
2787,201704200MIL,"8:00 PM, April 20, 2017",2017,Toronto Raptors,Milwaukee Bucks,0,Patrick Patterson,22:48,1,5,.200,1,2,.500,0,0,,0,2,2,1,1,0,0,1,3,-21,.300,.300,.400,.000,0.0,12.4,5.5,9.6,2.4,0.0,0.0,10.6,73,116
2788,201704200MIL,"8:00 PM, April 20, 2017",2017,Toronto Raptors,Milwaukee Bucks,0,Cory Joseph,16:15,1,5,.200,0,2,.000,0,0,,1,0,1,3,0,0,2,2,2,-22,.200,.200,.400,.000,7.0,0.0,3.9,42.1,0.0,0.0,28.6,20.8,53,122
2789,201704200MIL,"8:00 PM, April 20, 2017",2017,Toronto Raptors,Milwaukee Bucks,0,Norman Powell,14:44,4,8,.500,0,1,.000,4,4,1.000,1,2,3,1,2,0,0,0,12,+3,.615,.500,.125,.500,7.8,19.2,12.9,29.7,7.3,0.0,0.0,32.1,135,105
2790,201704200MIL,"8:00 PM, April 20, 2017",2017,Toronto Raptors,Milwaukee Bucks,0,P.J. Tucker,14:18,0,0,,0,0,,0,0,,0,3,3,1,1,0,1,1,0,-13,,,,,0.0,29.6,13.2,14.0,3.8,0.0,100.0,3.4,34,112
2791,201704200MIL,"8:00 PM, April 20, 2017",2017,Toronto Raptors,Milwaukee Bucks,0,Jakob Poeltl,9:25,2,6,.333,0,0,,0,2,.000,4,3,7,0,0,0,0,2,4,-4,.291,.333,.000,.333,48.5,45.0,46.9,0.0,0.0,0.0,0.0,35.4,83,118
2792,201704200MIL,"8:00 PM, April 20, 2017",2017,Toronto Raptors,Milwaukee Bucks,0,Fred VanVleet,6:16,0,1,.000,0,1,.000,0,0,,0,0,0,1,0,0,0,0,0,+3,.000,.000,1.000,.000,0.0,0.0,0.0,31.9,0.0,0.0,0.0,7.7,43,122
2793,201704200MIL,"8:00 PM, April 20, 2017",2017,Toronto Raptors,Milwaukee Bucks,0,Lucas Nogueira,3:46,1,1,1.000,0,0,,0,0,,0,0,0,0,0,0,0,0,2,+3,1.000,1.000,.000,.000,0.0,0.0,0.0,0.0,0.0,0.0,0.0,12.8,200,122
2794,201704200MIL,"8:00 PM, April 20, 2017",2017,Milwaukee Bucks,Toronto Raptors,1,Khris Middleton,34:27,8,15,.533,1,4,.250,3,3,1.000,0,3,3,7,2,0,0,1,20,+17,.613,.567,.267,.200,0.0,10.0,5.5,35.0,3.1,0.0,0.0,23.8,134,87
2795,201704200MIL,"8:00 PM, April 20, 2017",2017,Milwaukee Bucks,Toronto Raptors,1,Giannis Antetokounmpo,32:37,7,10,.700,2,2,1.000,3,8,.375,0,8,8,4,2,2,3,1,19,+29,.703,.800,.200,.800,0.0,28.0,15.5,20.5,3.3,6.0,18.2,25.5,111,76
2796,201704200MIL,"8:00 PM, April 20, 2017",2017,Milwaukee Bucks,Toronto Raptors,1,Malcolm Brogdon,27:31,2,7,.286,0,2,.000,0,0,,1,6,7,9,0,0,2,1,4,+10,.286,.286,.286,.000,5.1,24.9,16.1,44.2,0.0,0.0,22.2,16.5,96,88
2797,201704200MIL,"8:00 PM, April 20, 2017",2017,Milwaukee Bucks,Toronto Raptors,1,Tony Snell,25:16,2,5,.400,1,3,.333,0,0,,0,2,2,2,0,0,0,4,5,+27,.500,.500,.600,.000,0.0,9.0,5.0,10.8,0.0,0.0,0.0,10.0,109,93
2798,201704200MIL,"8:00 PM, April 20, 2017",2017,Milwaukee Bucks,Toronto Raptors,1,Thon Maker,21:02,3,5,.600,1,2,.500,4,4,1.000,1,1,2,2,0,0,1,3,11,+13,.814,.700,.400,.800,6.7,5.4,6.0,14.2,0.0,0.0,12.9,18.6,149,95
2799,201704200MIL,"8:00 PM, April 20, 2017",2017,Milwaukee Bucks,Toronto Raptors,0,Matthew Dellavedova,28:23,4,5,.800,2,2,1.000,0,0,,0,1,1,2,0,0,3,2,10,+20,1.000,1.000,.400,.000,0.0,4.0,2.2,10.5,0.0,0.0,37.5,14.2,105,96
2800,201704200MIL,"8:00 PM, April 20, 2017",2017,Milwaukee Bucks,Toronto Raptors,0,Greg Monroe,23:12,6,11,.545,0,0,,4,4,1.000,1,6,7,3,2,1,1,6,16,+17,.627,.545,.000,.364,6.1,29.6,19.1,23.3,4.6,4.2,7.3,29.9,124,73
2801,201704200MIL,"8:00 PM, April 20, 2017",2017,Milwaukee Bucks,Toronto Raptors,0,Michael Beasley,20:16,5,9,.556,3,3,1.000,0,0,,0,3,3,0,0,1,2,5,13,+8,.722,.722,.333,.000,0.0,16.9,9.3,0.0,0.0,4.8,18.2,27.3,95,87
2802,201704200MIL,"8:00 PM, April 20, 2017",2017,Milwaukee Bucks,Toronto Raptors,0,Jason Terry,17:34,0,4,.000,0,3,.000,0,0,,0,2,2,0,0,0,0,1,0,-1,.000,.000,.750,.000,0.0,13.0,7.2,0.0,0.0,0.0,0.0,11.5,0,92
2803,201704200MIL,"8:00 PM, April 20, 2017",2017,Milwaukee Bucks,Toronto Raptors,0,Rashad Vaughn,5:56,2,3,.667,2,2,1.000,0,0,,0,0,0,0,0,0,0,0,6,-2,1.000,1.000,.667,.000,0.0,0.0,0.0,0.0,0.0,0.0,0.0,25.5,157,97
2804,201704200MIL,"8:00 PM, April 20, 2017",2017,Milwaukee Bucks,Toronto Raptors,0,Spencer Hawes,3:46,0,0,,0,0,,0,0,,0,1,1,0,0,0,1,1,0,-3,,,,,0.0,30.3,16.8,0.0,0.0,0.0,100.0,13.4,0,85
2805,201704200MIL,"8:00 PM, April 20, 2017",2017,Milwaukee Bucks,Toronto Raptors,0,John Henson,0:00,0.0,0.0,0.0,0.0,0.0,0.0,0.0,0.0,0.0,0.0,0.0,0.0,0.0,0.0,0.0,0.0,0.0,0.0,0.0,0.0,0.0,0.0,0.0,0.0,0.0,0.0,0.0,0.0,0.0,0.0,0.0,0.0,0.0
2806,201704200MIL,"8:00 PM, April 20, 2017",2017,Milwaukee Bucks,Toronto Raptors,0,Mirza Teletovic,0:00,0.0,0.0,0.0,0.0,0.0,0.0,0.0,0.0,0.0,0.0,0.0,0.0,0.0,0.0,0.0,0.0,0.0,0.0,0.0,0.0,0.0,0.0,0.0,0.0,0.0,0.0,0.0,0.0,0.0,0.0,0.0,0.0,0.0
2807,201704210CHI,"7:00 PM, April 21, 2017",2017,Boston Celtics,Chicago Bulls,1,Avery Bradley,36:19,5,10,.500,4,6,.667,1,2,.500,1,6,7,7,2,0,1,0,15,+22,.689,.700,.600,.200,3.0,17.6,10.4,26.9,2.9,0.0,8.4,15.5,137,94
2808,201704210CHI,"7:00 PM, April 21, 2017",2017,Boston Celtics,Chicago Bulls,1,Jae Crowder,33:25,6,15,.400,2,7,.286,2,2,1.000,1,5,6,3,1,0,1,1,16,+23,.504,.467,.467,.133,3.3,16.0,9.7,13.3,1.6,0.0,5.9,24.0,102,98
2809,201704210CHI,"7:00 PM, April 21, 2017",2017,Boston Celtics,Chicago Bulls,1,Al Horford,32:45,8,14,.571,2,3,.667,0,0,,3,5,8,6,4,1,2,0,18,+11,.643,.643,.214,.000,10.0,16.3,13.2,30.0,6.4,2.3,12.5,23.2,125,85
2810,201704210CHI,"7:00 PM, April 21, 2017",2017,Boston Celtics,Chicago Bulls,1,Isaiah Thomas,31:27,7,18,.389,2,7,.286,0,0,,0,2,2,9,1,0,2,1,16,+2,.444,.444,.389,.000,0.0,6.8,3.4,45.3,1.7,0.0,10.0,30.2,99,102
2811,201704210CHI,"7:00 PM, April 21, 2017",2017,Boston Celtics,Chicago Bulls,1,Gerald Green,20:21,3,8,.375,2,3,.667,0,0,,0,1,1,0,0,0,0,3,8,+5,.500,.500,.375,.000,0.0,5.2,2.7,0.0,0.0,0.0,0.0,18.7,91,107
2812,201704210CHI,"7:00 PM, April 21, 2017",2017,Boston Celtics,Chicago Bulls,0,Marcus Smart,29:21,2,5,.400,1,3,.333,2,3,.667,2,4,6,5,1,1,2,1,7,+5,.554,.500,.600,.600,7.4,14.5,11.0,21.7,1.8,2.6,24.0,13.5,116,96
2813,201704210CHI,"7:00 PM, April 21, 2017",2017,Boston Celtics,Chicago Bulls,0,Terry Rozier,23:18,4,6,.667,3,5,.600,0,0,,0,3,3,0,1,0,0,2,11,+19,.917,.917,.833,.000,0.0,13.7,6.9,0.0,2.3,0.0,0.0,12.2,153,97
2814,201704210CHI,"7:00 PM, April 21, 2017",2017,Boston Celtics,Chicago Bulls,0,Kelly Olynyk,13:51,2,5,.400,1,2,.500,0,0,,0,1,1,2,1,0,3,2,5,-1,.500,.500,.400,.000,0.0,7.7,3.9,20.3,3.8,0.0,37.5,27.4,67,97
2815,201704210CHI,"7:00 PM, April 21, 2017",2017,Boston Celtics,Chicago Bulls,0,Jonas Jerebko,10:26,3,3,1.000,0,0,,0,0,,0,3,3,0,0,0,1,0,6,-4,1.000,1.000,.000,.000,0.0,30.7,15.5,0.0,0.0,0.0,25.0,18.2,118,94
2816,201704210CHI,"7:00 PM, April 21, 2017",2017,Boston Celtics,Chicago Bulls,0,Amir Johnson,5:57,1,1,1.000,0,0,,0,0,,0,0,0,1,0,0,0,1,2,+3,1.000,1.000,.000,.000,0.0,0.0,0.0,24.5,0.0,0.0,0.0,8.0,214,109
2817,201704210CHI,"7:00 PM, April 21, 2017",2017,Boston Celtics,Chicago Bulls,0,James Young,1:25,0,1,.000,0,1,.000,0,0,,0,0,0,1,0,0,0,1,0,0,.000,.000,1.000,.000,0.0,0.0,0.0,82.6,0.0,0.0,0.0,33.5,60,109
2818,201704210CHI,"7:00 PM, April 21, 2017",2017,Boston Celtics,Chicago Bulls,0,Jaylen Brown,1:25,0,0,,0,0,,0,0,,0,0,0,0,0,0,0,0,0,0,,,,,0.0,0.0,0.0,0.0,0.0,0.0,,0.0,0,109
2819,201704210CHI,"7:00 PM, April 21, 2017",2017,Boston Celtics,Chicago Bulls,0,Tyler Zeller,0:00,0.0,0.0,0.0,0.0,0.0,0.0,0.0,0.0,0.0,0.0,0.0,0.0,0.0,0.0,0.0,0.0,0.0,0.0,0.0,0.0,0.0,0.0,0.0,0.0,0.0,0.0,0.0,0.0,0.0,0.0,0.0,0.0,0.0
2820,201704210CHI,"7:00 PM, April 21, 2017",2017,Chicago Bulls,Boston Celtics,1,Jimmy Butler,38:37,7,21,.333,0,4,.000,0,0,,2,5,7,0,1,1,1,2,14,-27,.333,.333,.190,.000,5.5,14.1,9.8,0.0,1.4,2.5,4.5,25.4,78,115
2821,201704210CHI,"7:00 PM, April 21, 2017",2017,Chicago Bulls,Boston Celtics,1,Dwyane Wade,32:31,6,18,.333,0,1,.000,6,6,1.000,0,1,1,3,1,2,1,0,18,-12,.436,.333,.056,.333,0.0,3.4,1.7,18.3,1.6,6.0,4.6,29.7,103,114
2822,201704210CHI,"7:00 PM, April 21, 2017",2017,Chicago Bulls,Boston Celtics,1,Nikola Mirotic,26:29,3,7,.429,2,4,.500,3,3,1.000,0,6,6,3,1,1,1,4,11,-17,.661,.571,.571,.429,0.0,24.7,12.2,19.7,2.0,3.7,10.7,15.7,138,111
2823,201704210CHI,"7:00 PM, April 21, 2017",2017,Chicago Bulls,Boston Celtics,1,Robin Lopez,21:19,5,7,.714,0,0,,2,2,1.000,4,2,6,0,0,1,0,0,12,-11,.761,.714,.000,.286,20.0,10.2,15.2,0.0,0.0,4.6,0.0,16.5,169,118
2824,201704210CHI,"7:00 PM, April 21, 2017",2017,Chicago Bulls,Boston Celtics,1,Jerian Grant,15:11,2,5,.400,0,2,.000,2,2,1.000,0,1,1,0,1,0,4,2,6,-15,.510,.400,.400,.400,0.0,7.2,3.6,0.0,3.5,0.0,40.5,29.0,62,114
2825,201704210CHI,"7:00 PM, April 21, 2017",2017,Chicago Bulls,Boston Celtics,0,Paul Zipser,25:24,3,7,.429,2,5,.400,2,2,1.000,1,5,6,1,0,0,2,0,10,-6,.635,.571,.714,.286,4.2,21.5,12.7,6.9,0.0,0.0,20.2,17.4,113,119
2826,201704210CHI,"7:00 PM, April 21, 2017",2017,Chicago Bulls,Boston Celtics,0,Michael Carter-Williams,23:20,1,5,.200,0,0,,0,0,,1,3,4,3,1,1,3,3,2,-3,.200,.200,.000,.000,4.6,14.0,9.2,19.9,2.3,4.2,37.5,15.3,49,112
2827,201704210CHI,"7:00 PM, April 21, 2017",2017,Chicago Bulls,Boston Celtics,0,Cristiano Felicio,22:30,1,4,.250,0,0,,0,0,,5,6,11,0,0,2,1,3,2,-9,.250,.250,.000,.000,23.7,29.1,26.4,0.0,0.0,8.7,20.0,9.9,82,110
2828,201704210CHI,"7:00 PM, April 21, 2017",2017,Chicago Bulls,Boston Celtics,0,Bobby Portis,17:55,1,4,.250,0,2,.000,0,0,,1,3,4,1,2,0,2,1,2,+3,.250,.250,.500,.000,6.0,18.3,12.0,8.8,5.9,0.0,33.3,14.9,51,106
2829,201704210CHI,"7:00 PM, April 21, 2017",2017,Chicago Bulls,Boston Celtics,0,Anthony Morrow,4:11,2,2,1.000,0,0,,0,0,,0,0,0,0,0,0,0,0,4,+3,.000,.000,1.000,.000,25.5,0.0,12.9,69.5,0.0,0.0,0.0,10.7,106,124
2830,201704210CHI,"7:00 PM, April 21, 2017",2017,Chicago Bulls,Boston Celtics,0,Cameron Payne,4:11,1,2,.500,1,1,1.000,0,0,,0,1,1,0,0,0,1,0,3,+3,.750,.750,.500,.000,0.0,26.1,12.9,0.0,0.0,0.0,33.3,32.0,90,119
2831,201704210CHI,"7:00 PM, April 21, 2017",2017,Chicago Bulls,Boston Celtics,0,Denzel Valentine,4:11,1,1,1.000,1,1,1.000,0,0,,0,4,4,1,0,0,1,0,3,+3,1.500,1.500,1.000,.000,0.0,100.0,51.6,53.3,0.0,0.0,50.0,21.3,143,103
2832,201704210CHI,"7:00 PM, April 21, 2017",2017,Chicago Bulls,Boston Celtics,0,Joffrey Lauvergne,4:11,0,1,.000,0,1,.000,0,0,,1,0,1,2,0,0,0,0,0,+3,1.000,1.000,.000,.000,0.0,0.0,0.0,0.0,0.0,0.0,0.0,21.3,200,124
2833,201704210OKC,"9:30 PM, April 21, 2017",2017,Houston Rockets,Oklahoma City Thunder,1,Trevor Ariza,39:18,2,9,.222,0,4,.000,3,3,1.000,2,6,8,0,0,0,0,1,7,-7,.339,.222,.444,.333,5.8,18.3,11.9,0.0,0.0,0.0,0.0,11.4,91,124
2834,201704210OKC,"9:30 PM, April 21, 2017",2017,Houston Rockets,Oklahoma City Thunder,1,James Harden,38:18,11,21,.524,4,12,.333,18,18,1.000,1,5,6,6,0,1,7,5,44,+1,.761,.619,.571,.857,3.0,15.7,9.2,31.1,0.0,2.0,19.5,40.7,135,122
2835,201704210OKC,"9:30 PM, April 21, 2017",2017,Houston Rockets,Oklahoma City Thunder,1,Ryan Anderson,33:09,8,14,.571,2,7,.286,0,0,,2,4,6,0,1,0,1,4,18,+1,.643,.643,.500,.000,6.9,14.5,10.6,0.0,1.5,0.0,6.7,19.7,130,121
2836,201704210OKC,"9:30 PM, April 21, 2017",2017,Houston Rockets,Oklahoma City Thunder,1,Patrick Beverley,24:43,0,6,.000,0,3,.000,1,2,.500,2,5,7,2,0,0,3,6,1,-7,.073,.000,.500,.333,9.2,24.3,16.6,10.2,0.0,0.0,30.4,17.4,39,122
2837,201704210OKC,"9:30 PM, April 21, 2017",2017,Houston Rockets,Oklahoma City Thunder,1,Clint Capela,23:17,2,5,.400,0,0,,1,3,.333,1,1,2,0,1,3,1,2,5,-15,.396,.400,.000,.600,4.9,5.2,5.0,0.0,2.2,9.7,13.7,13.7,81,113
2838,201704210OKC,"9:30 PM, April 21, 2017",2017,Houston Rockets,Oklahoma City Thunder,0,Eric Gordon,36:16,5,11,.455,1,5,.200,1,1,1.000,0,3,3,1,2,1,0,3,12,+6,.524,.500,.455,.091,0.0,9.9,4.8,4.2,2.8,2.1,0.0,13.7,119,117
2839,201704210OKC,"9:30 PM, April 21, 2017",2017,Houston Rockets,Oklahoma City Thunder,0,Lou Williams,30:08,9,15,.600,3,4,.750,1,2,.500,2,2,4,1,0,0,0,1,22,+4,.693,.700,.267,.133,7.6,8.0,7.8,6.7,0.0,0.0,0.0,22.9,151,126
2840,201704210OKC,"9:30 PM, April 21, 2017",2017,Houston Rockets,Oklahoma City Thunder,0,Nene Hilario,14:52,1,2,.500,0,0,,2,4,.500,1,5,6,0,0,1,1,2,4,+7,.532,.500,.000,2.000,7.7,40.4,23.6,0.0,0.0,5.0,21.0,13.9,97,115
2841,201704210OKC,"9:30 PM, April 21, 2017",2017,Houston Rockets,Oklahoma City Thunder,0,Montrezl Harrell,0:00,0.0,0.0,0.0,0.0,0.0,0.0,0.0,0.0,0.0,0.0,0.0,0.0,0.0,0.0,0.0,0.0,0.0,0.0,0.0,0.0,0.0,0.0,0.0,0.0,0.0,0.0,0.0,0.0,0.0,0.0,0.0,0.0,0.0
2842,201704210OKC,"9:30 PM, April 21, 2017",2017,Houston Rockets,Oklahoma City Thunder,0,Bobby Brown,0:00,0.0,0.0,0.0,0.0,0.0,0.0,0.0,0.0,0.0,0.0,0.0,0.0,0.0,0.0,0.0,0.0,0.0,0.0,0.0,0.0,0.0,0.0,0.0,0.0,0.0,0.0,0.0,0.0,0.0,0.0,0.0,0.0,0.0
2843,201704210OKC,"9:30 PM, April 21, 2017",2017,Houston Rockets,Oklahoma City Thunder,0,Troy Williams,0:00,0.0,0.0,0.0,0.0,0.0,0.0,0.0,0.0,0.0,0.0,0.0,0.0,0.0,0.0,0.0,0.0,0.0,0.0,0.0,0.0,0.0,0.0,0.0,0.0,0.0,0.0,0.0,0.0,0.0,0.0,0.0,0.0,0.0
2844,201704210OKC,"9:30 PM, April 21, 2017",2017,Oklahoma City Thunder,Houston Rockets,1,Russell Westbrook,38:32,11,24,.458,0,1,.000,10,14,.714,0,12,12,11,3,0,5,3,32,+3,.531,.458,.042,.583,0.0,35.6,18.2,42.4,3.9,0.0,14.2,42.1,109,109
2845,201704210OKC,"9:30 PM, April 21, 2017",2017,Oklahoma City Thunder,Houston Rockets,1,Andre Roberson,38:29,5,8,.625,2,3,.667,0,5,.000,3,3,6,4,2,3,0,3,12,0,.588,.750,.375,.625,9.4,8.9,9.1,12.5,2.6,7.8,0.0,12.2,136,115
2846,201704210OKC,"9:30 PM, April 21, 2017",2017,Oklahoma City Thunder,Houston Rockets,1,Victor Oladipo,34:49,5,8,.625,2,3,.667,0,0,,1,5,6,2,2,0,1,4,12,+9,.750,.750,.375,.000,3.4,16.4,10.1,7.1,2.9,0.0,11.1,11.9,138,116
2847,201704210OKC,"9:30 PM, April 21, 2017",2017,Oklahoma City Thunder,Houston Rockets,1,Taj Gibson,29:25,10,13,.769,0,0,,0,0,,0,2,2,1,0,0,5,2,20,-1,.769,.769,.000,.000,0.0,7.8,4.0,5.5,0.0,0.0,27.8,28.2,101,125
2848,201704210OKC,"9:30 PM, April 21, 2017",2017,Oklahoma City Thunder,Houston Rockets,1,Steven Adams,25:45,2,5,.400,0,0,,0,0,,3,3,6,2,1,0,0,2,4,+5,.400,.400,.000,.000,14.0,13.3,13.6,8.8,2.0,0.0,0.0,9.0,126,119
2849,201704210OKC,"9:30 PM, April 21, 2017",2017,Oklahoma City Thunder,Houston Rockets,0,Jerami Grant,18:58,3,5,.600,0,1,.000,0,0,,0,1,1,2,0,0,0,2,6,-7,.600,.600,.200,.000,0.0,6.0,3.1,13.2,0.0,0.0,0.0,12.2,134,126
2850,201704210OKC,"9:30 PM, April 21, 2017",2017,Oklahoma City Thunder,Houston Rockets,0,Alex Abrines,17:48,2,5,.400,2,5,.400,2,2,1.000,1,2,3,1,0,0,0,2,8,-3,.680,.600,1.000,.400,6.7,12.8,9.9,6.6,0.0,0.0,0.0,15.2,152,124
2851,201704210OKC,"9:30 PM, April 21, 2017",2017,Oklahoma City Thunder,Houston Rockets,0,Doug McDermott,16:17,2,4,.500,2,4,.500,0,0,,0,1,1,0,0,1,0,1,6,+4,.750,.750,1.000,.000,0.0,7.0,3.6,0.0,0.0,6.1,0.0,11.3,146,122
2852,201704210OKC,"9:30 PM, April 21, 2017",2017,Oklahoma City Thunder,Houston Rockets,0,Enes Kanter,10:29,4,8,.500,0,0,,2,2,1.000,1,2,3,0,0,1,0,1,10,+1,.563,.500,.000,.250,11.4,21.8,16.8,0.0,0.0,9.5,0.0,39.0,121,116
2853,201704210OKC,"9:30 PM, April 21, 2017",2017,Oklahoma City Thunder,Houston Rockets,0,Norris Cole,9:28,2,3,.667,1,2,.500,0,0,,0,0,0,1,0,0,0,1,5,-1,.833,.833,.667,.000,0.0,0.0,0.0,14.1,0.0,0.0,0.0,14.6,170,127
2854,201704210OKC,"9:30 PM, April 21, 2017",2017,Oklahoma City Thunder,Houston Rockets,0,Domantas Sabonis,0:00,0.0,0.0,0.0,0.0,0.0,0.0,0.0,0.0,0.0,0.0,0.0,0.0,0.0,0.0,0.0,0.0,0.0,0.0,0.0,0.0,0.0,0.0,0.0,0.0,0.0,0.0,0.0,0.0,0.0,0.0,0.0,0.0,0.0
2855,201704210OKC,"9:30 PM, April 21, 2017",2017,Oklahoma City Thunder,Houston Rockets,0,Nick Collison,0:00,0.0,0.0,0.0,0.0,0.0,0.0,0.0,0.0,0.0,0.0,0.0,0.0,0.0,0.0,0.0,0.0,0.0,0.0,0.0,0.0,0.0,0.0,0.0,0.0,0.0,0.0,0.0,0.0,0.0,0.0,0.0,0.0,0.0
2856,201704210OKC,"9:30 PM, April 21, 2017",2017,Oklahoma City Thunder,Houston Rockets,0,Kyle Singler,0:00,0.0,0.0,0.0,0.0,0.0,0.0,0.0,0.0,0.0,0.0,0.0,0.0,0.0,0.0,0.0,0.0,0.0,0.0,0.0,0.0,0.0,0.0,0.0,0.0,0.0,0.0,0.0,0.0,0.0,0.0,0.0,0.0,0.0
2857,201704210UTA,"10:00 PM, April 21, 2017",2017,Los Angeles Clippers,Utah Jazz,1,DeAndre Jordan,38:42,5,7,.714,0,0,,7,14,.500,4,9,13,1,0,1,4,5,17,-6,.646,.714,.000,2.000,15.0,31.9,23.7,3.6,0.0,3.5,23.3,21.8,111,122
2858,201704210UTA,"10:00 PM, April 21, 2017",2017,Los Angeles Clippers,Utah Jazz,1,Luc Mbah a Moute,36:32,6,9,.667,1,2,.500,2,4,.500,3,3,6,1,1,1,0,3,15,+2,.697,.722,.222,.444,11.9,11.3,11.6,4.0,1.5,3.8,0.0,14.5,155,121
2859,201704210UTA,"10:00 PM, April 21, 2017",2017,Los Angeles Clippers,Utah Jazz,1,Chris Paul,36:14,12,22,.545,2,5,.400,8,8,1.000,1,5,6,10,2,0,2,3,34,+7,.666,.591,.227,.364,4.0,18.9,11.7,52.8,3.0,0.0,7.3,37.4,144,119
2860,201704210UTA,"10:00 PM, April 21, 2017",2017,Los Angeles Clippers,Utah Jazz,1,J.J. Redick,27:03,2,5,.400,1,3,.333,3,4,.750,0,3,3,0,0,0,1,4,8,+3,.592,.500,.600,.800,0.0,15.2,7.8,0.0,0.0,0.0,12.9,14.1,110,126
2861,201704210UTA,"10:00 PM, April 21, 2017",2017,Los Angeles Clippers,Utah Jazz,1,Blake Griffin,18:01,5,9,.556,1,1,1.000,0,0,,1,5,6,2,1,0,0,0,11,+6,.611,.611,.111,.000,8.1,38.1,23.5,19.3,3.0,0.0,0.0,24.6,140,119
2862,201704210UTA,"10:00 PM, April 21, 2017",2017,Los Angeles Clippers,Utah Jazz,0,Jamal Crawford,26:43,4,10,.400,0,2,.000,1,1,1.000,0,0,0,1,2,0,1,0,9,+8,.431,.400,.200,.100,0.0,0.0,0.0,5.3,4.1,0.0,8.7,21.1,90,119
2863,201704210UTA,"10:00 PM, April 21, 2017",2017,Los Angeles Clippers,Utah Jazz,0,Paul Pierce,20:32,0,1,.000,0,1,.000,0,0,,0,3,3,0,1,0,0,1,0,-4,.000,.000,1.000,.000,0.0,20.0,10.3,0.0,2.7,0.0,0.0,2.4,0,120
2864,201704210UTA,"10:00 PM, April 21, 2017",2017,Los Angeles Clippers,Utah Jazz,0,Marreese Speights,18:35,3,6,.500,1,4,.250,1,2,.500,0,3,3,0,1,1,0,2,8,+12,.581,.583,.667,.333,0.0,22.1,11.4,0.0,3.0,7.4,0.0,18.2,124,114
2865,201704210UTA,"10:00 PM, April 21, 2017",2017,Los Angeles Clippers,Utah Jazz,0,Raymond Felton,14:09,4,6,.667,1,1,1.000,0,0,,0,0,0,1,0,0,0,1,9,0,.750,.750,.167,.000,0.0,0.0,0.0,12.4,0.0,0.0,0.0,20.9,158,128
2866,201704210UTA,"10:00 PM, April 21, 2017",2017,Los Angeles Clippers,Utah Jazz,0,Wesley Johnson,3:30,0,0,,0,0,,0,0,,0,1,1,0,0,0,0,1,0,-3,,,,,0.0,39.2,20.2,0.0,0.0,0.0,,0.0,0,123
2867,201704210UTA,"10:00 PM, April 21, 2017",2017,Los Angeles Clippers,Utah Jazz,0,Alan Anderson,0:00,0.0,0.0,0.0,0.0,0.0,0.0,0.0,0.0,0.0,0.0,0.0,0.0,0.0,0.0,0.0,0.0,0.0,0.0,0.0,0.0,0.0,0.0,0.0,0.0,0.0,0.0,0.0,0.0,0.0,0.0,0.0,0.0,0.0
2868,201704210UTA,"10:00 PM, April 21, 2017",2017,Los Angeles Clippers,Utah Jazz,0,Brandon Bass,0:00,0.0,0.0,0.0,0.0,0.0,0.0,0.0,0.0,0.0,0.0,0.0,0.0,0.0,0.0,0.0,0.0,0.0,0.0,0.0,0.0,0.0,0.0,0.0,0.0,0.0,0.0,0.0,0.0,0.0,0.0,0.0,0.0,0.0
2869,201704210UTA,"10:00 PM, April 21, 2017",2017,Los Angeles Clippers,Utah Jazz,0,Brice Johnson,0:00,0.0,0.0,0.0,0.0,0.0,0.0,0.0,0.0,0.0,0.0,0.0,0.0,0.0,0.0,0.0,0.0,0.0,0.0,0.0,0.0,0.0,0.0,0.0,0.0,0.0,0.0,0.0,0.0,0.0,0.0,0.0,0.0,0.0
2870,201704210UTA,"10:00 PM, April 21, 2017",2017,Utah Jazz,Los Angeles Clippers,1,Gordon Hayward,42:03,13,21,.619,4,8,.500,10,11,.909,0,9,9,4,0,2,5,4,40,-5,.774,.714,.381,.524,0.0,31.1,15.1,21.6,0.0,4.1,16.2,38.0,131,124
2871,201704210UTA,"10:00 PM, April 21, 2017",2017,Utah Jazz,Los Angeles Clippers,1,Derrick Favors,38:14,1,3,.333,0,0,,0,2,.000,1,5,6,2,1,0,1,5,2,-17,.258,.333,.000,.667,3.6,19.0,11.1,7.2,1.4,0.0,20.5,6.6,78,126
2872,201704210UTA,"10:00 PM, April 21, 2017",2017,Utah Jazz,Los Angeles Clippers,1,George Hill,36:16,9,15,.600,4,6,.667,4,6,.667,1,2,3,3,1,0,0,5,26,-3,.737,.733,.400,.400,3.8,8.0,5.8,16.5,1.5,0.0,0.0,25.2,152,128
2873,201704210UTA,"10:00 PM, April 21, 2017",2017,Utah Jazz,Los Angeles Clippers,1,Joe Ingles,34:05,3,8,.375,3,8,.375,0,1,.000,0,3,3,5,1,0,1,4,9,-5,.533,.563,1.000,.125,0.0,12.8,6.2,22.2,1.6,0.0,10.6,14.3,114,127
2874,201704210UTA,"10:00 PM, April 21, 2017",2017,Utah Jazz,Los Angeles Clippers,1,Boris Diaw,23:48,0,1,.000,0,1,.000,3,4,.750,0,1,1,1,2,0,3,2,3,+3,.543,.000,1.000,4.000,0.0,6.1,3.0,5.6,4.6,0.0,52.1,12.5,63,122
2875,201704210UTA,"10:00 PM, April 21, 2017",2017,Utah Jazz,Los Angeles Clippers,0,Joe Johnson,33:58,6,13,.462,1,6,.167,2,2,1.000,1,1,2,1,0,0,1,5,15,+3,.540,.500,.462,.154,4.0,4.3,4.2,5.1,0.0,0.0,6.7,22.7,106,132
2876,201704210UTA,"10:00 PM, April 21, 2017",2017,Utah Jazz,Los Angeles Clippers,0,Rodney Hood,19:54,2,4,.500,1,3,.333,1,3,.333,0,0,0,0,0,0,0,1,6,0,.564,.625,.750,.750,0.0,0.0,0.0,0.0,0.0,0.0,0.0,13.8,109,133
2877,201704210UTA,"10:00 PM, April 21, 2017",2017,Utah Jazz,Los Angeles Clippers,0,Shelvin Mack,8:27,0,2,.000,0,1,.000,0,0,,0,3,3,0,0,0,0,0,0,-4,.000,.000,.500,.000,0.0,51.6,25.1,0.0,0.0,0.0,0.0,12.2,0,124
2878,201704210UTA,"10:00 PM, April 21, 2017",2017,Utah Jazz,Los Angeles Clippers,0,Raul Neto,3:16,2,2,1.000,1,1,1.000,0,0,,0,0,0,0,0,0,0,0,5,+3,1.250,1.250,.500,.000,0.0,0.0,0.0,0.0,0.0,0.0,0.0,31.7,250,134
2879,201704210UTA,"10:00 PM, April 21, 2017",2017,Utah Jazz,Los Angeles Clippers,0,Trey Lyles,0:00,0.0,0.0,0.0,0.0,0.0,0.0,0.0,0.0,0.0,0.0,0.0,0.0,0.0,0.0,0.0,0.0,0.0,0.0,0.0,0.0,0.0,0.0,0.0,0.0,0.0,0.0,0.0,0.0,0.0,0.0,0.0,0.0,0.0
2880,201704210UTA,"10:00 PM, April 21, 2017",2017,Utah Jazz,Los Angeles Clippers,0,Jeff Withey,0:00,0.0,0.0,0.0,0.0,0.0,0.0,0.0,0.0,0.0,0.0,0.0,0.0,0.0,0.0,0.0,0.0,0.0,0.0,0.0,0.0,0.0,0.0,0.0,0.0,0.0,0.0,0.0,0.0,0.0,0.0,0.0,0.0,0.0
2881,201704210UTA,"10:00 PM, April 21, 2017",2017,Utah Jazz,Los Angeles Clippers,0,Dante Exum,0:00,0.0,0.0,0.0,0.0,0.0,0.0,0.0,0.0,0.0,0.0,0.0,0.0,0.0,0.0,0.0,0.0,0.0,0.0,0.0,0.0,0.0,0.0,0.0,0.0,0.0,0.0,0.0,0.0,0.0,0.0,0.0,0.0,0.0
2882,201704210UTA,"10:00 PM, April 21, 2017",2017,Utah Jazz,Los Angeles Clippers,0,Joel Bolomboy,0:00,0.0,0.0,0.0,0.0,0.0,0.0,0.0,0.0,0.0,0.0,0.0,0.0,0.0,0.0,0.0,0.0,0.0,0.0,0.0,0.0,0.0,0.0,0.0,0.0,0.0,0.0,0.0,0.0,0.0,0.0,0.0,0.0,0.0
2883,201704220ATL,"5:30 PM, April 22, 2017",2017,Washington Wizards,Atlanta Hawks,1,Bradley Beal,35:29,6,20,.300,0,6,.000,0,0,,1,4,5,1,0,1,1,3,12,-26,.300,.300,.300,.000,3.0,11.5,7.4,4.7,0.0,2.1,4.8,25.2,63,116
2884,201704220ATL,"5:30 PM, April 22, 2017",2017,Washington Wizards,Atlanta Hawks,1,John Wall,31:36,10,12,.833,1,1,1.000,8,10,.800,0,3,3,7,1,0,3,2,29,-24,.884,.875,.083,.833,0.0,9.7,5.0,48.8,1.5,0.0,15.5,26.1,155,115
2885,201704220ATL,"5:30 PM, April 22, 2017",2017,Washington Wizards,Atlanta Hawks,1,Markieff Morris,29:19,4,14,.286,1,4,.250,0,0,,0,6,6,0,1,2,2,5,9,-17,.321,.321,.286,.000,0.0,20.9,10.7,0.0,1.6,5.1,12.5,23.2,56,107
2886,201704220ATL,"5:30 PM, April 22, 2017",2017,Washington Wizards,Atlanta Hawks,1,Marcin Gortat,28:49,1,4,.250,0,0,,0,0,,2,7,9,0,0,1,0,2,2,-22,.250,.250,.000,.000,7.4,24.8,16.3,0.0,0.0,2.6,0.0,5.9,78,112
2887,201704220ATL,"5:30 PM, April 22, 2017",2017,Washington Wizards,Atlanta Hawks,1,Otto Porter,23:51,3,7,.429,1,3,.333,0,0,,1,1,2,0,1,0,1,2,7,-13,.500,.500,.429,.000,4.5,4.3,4.4,0.0,2.0,0.0,12.5,14.3,90,115
2888,201704220ATL,"5:30 PM, April 22, 2017",2017,Washington Wizards,Atlanta Hawks,0,Bojan Bogdanovic,26:54,3,9,.333,0,4,.000,5,6,.833,0,7,7,1,0,0,0,0,11,-3,.473,.333,.444,.667,0.0,26.6,13.6,5.6,0.0,0.0,0.0,18.4,103,114
2889,201704220ATL,"5:30 PM, April 22, 2017",2017,Washington Wizards,Atlanta Hawks,0,Kelly Oubre,23:31,3,11,.273,3,7,.429,0,0,,2,3,5,1,2,0,2,6,9,-7,.409,.409,.636,.000,9.1,13.0,11.1,6.6,4.0,0.0,15.4,23.5,79,107
2890,201704220ATL,"5:30 PM, April 22, 2017",2017,Washington Wizards,Atlanta Hawks,0,Brandon Jennings,17:10,4,6,.667,1,2,.500,4,4,1.000,0,0,0,4,0,0,2,0,13,+7,.838,.750,.333,.667,0.0,0.0,0.0,43.3,0.0,0.0,20.5,24.2,141,121
2891,201704220ATL,"5:30 PM, April 22, 2017",2017,Washington Wizards,Atlanta Hawks,0,Tomas Satoransky,9:00,0,0,,0,0,,0,0,,0,1,1,2,1,0,2,1,0,+9,,,,,0.0,11.3,5.8,28.8,5.2,0.0,100.0,9.5,39,106
2892,201704220ATL,"5:30 PM, April 22, 2017",2017,Washington Wizards,Atlanta Hawks,0,Jason Smith,7:34,1,2,.500,0,1,.000,0,0,,0,4,4,0,0,0,1,6,2,+6,.500,.500,.500,.000,0.0,54.0,27.6,0.0,0.0,0.0,33.3,16.9,62,102
2893,201704220ATL,"5:30 PM, April 22, 2017",2017,Washington Wizards,Atlanta Hawks,0,Sheldon Mac,3:24,2,3,.667,0,1,.000,0,0,,0,0,0,0,0,0,0,1,4,0,.667,.667,.333,.000,0.0,0.0,0.0,0.0,0.0,0.0,0.0,37.5,120,118
2894,201704220ATL,"5:30 PM, April 22, 2017",2017,Washington Wizards,Atlanta Hawks,0,Daniel Ochefu,3:24,0,1,.000,0,0,,0,0,,0,0,0,0,0,0,1,0,0,0,.000,.000,.000,.000,0.0,0.0,0.0,0.0,0.0,0.0,50.0,25.0,0,121
2895,201704220ATL,"5:30 PM, April 22, 2017",2017,Washington Wizards,Atlanta Hawks,0,Trey Burke,0:00,0.0,0.0,0.0,0.0,0.0,0.0,0.0,0.0,0.0,0.0,0.0,0.0,0.0,0.0,0.0,0.0,0.0,0.0,0.0,0.0,0.0,0.0,0.0,0.0,0.0,0.0,0.0,0.0,0.0,0.0,0.0,0.0,0.0
2896,201704220ATL,"5:30 PM, April 22, 2017",2017,Atlanta Hawks,Washington Wizards,1,Paul Millsap,32:38,12,20,.600,0,1,.000,5,9,.556,3,11,14,5,1,2,2,3,29,+22,.605,.600,.050,.450,9.4,36.0,22.4,27.9,1.4,4.9,7.7,33.5,123,89
2897,201704220ATL,"5:30 PM, April 22, 2017",2017,Atlanta Hawks,Washington Wizards,1,Dennis Schroder,31:09,10,22,.455,3,7,.429,4,6,.667,0,2,2,9,1,0,3,4,27,+18,.548,.523,.318,.273,0.0,6.8,3.3,48.5,1.5,0.0,10.9,37.3,112,98
2898,201704220ATL,"5:30 PM, April 22, 2017",2017,Atlanta Hawks,Washington Wizards,1,Tim Hardaway,29:16,3,9,.333,1,6,.167,1,2,.500,0,1,1,2,0,0,1,2,8,+19,.405,.389,.667,.222,0.0,3.6,1.8,8.4,0.0,0.0,9.2,15.6,84,102
2899,201704220ATL,"5:30 PM, April 22, 2017",2017,Atlanta Hawks,Washington Wizards,1,Taurean Waller-Prince,28:02,7,10,.700,2,2,1.000,0,0,,0,4,4,0,1,0,0,0,16,+23,.800,.800,.200,.000,0.0,15.2,7.4,0.0,1.7,0.0,0.0,15.0,153,96
2900,201704220ATL,"5:30 PM, April 22, 2017",2017,Atlanta Hawks,Washington Wizards,1,Dwight Howard,26:46,2,4,.500,0,0,,1,3,.333,2,9,11,2,1,1,0,3,5,+24,.470,.500,.000,.750,7.6,35.9,21.4,8.9,1.7,3.0,0.0,8.4,124,90
2901,201704220ATL,"5:30 PM, April 22, 2017",2017,Atlanta Hawks,Washington Wizards,0,Kent Bazemore,21:29,3,8,.375,1,3,.333,1,2,.500,0,3,3,4,1,1,1,0,8,+1,.450,.438,.375,.250,0.0,14.9,7.3,24.0,2.2,3.7,10.1,19.4,99,92
2902,201704220ATL,"5:30 PM, April 22, 2017",2017,Atlanta Hawks,Washington Wizards,0,Ersan Ilyasova,18:44,1,5,.200,0,1,.000,2,2,1.000,2,4,6,0,0,0,1,1,4,-2,.340,.200,.200,.400,10.9,22.8,16.7,0.0,0.0,0.0,14.5,15.5,81,98
2903,201704220ATL,"5:30 PM, April 22, 2017",2017,Atlanta Hawks,Washington Wizards,0,Mike Muscala,14:57,0,3,.000,0,1,.000,3,4,.750,4,1,5,0,1,0,0,0,3,-7,.315,.000,.333,1.333,27.3,7.1,17.4,0.0,3.1,0.0,0.0,13.4,113,94
2904,201704220ATL,"5:30 PM, April 22, 2017",2017,Atlanta Hawks,Washington Wizards,0,Mike Dunleavy,14:46,1,2,.500,1,2,.500,0,0,,0,1,1,2,0,0,2,1,3,-5,.750,.750,1.000,.000,0.0,7.2,3.5,16.0,0.0,0.0,50.0,11.4,83,101
2905,201704220ATL,"5:30 PM, April 22, 2017",2017,Atlanta Hawks,Washington Wizards,0,Jose Calderon,12:59,2,3,.667,0,1,.000,0,0,,0,2,2,2,0,0,1,2,4,-1,.667,.667,.333,.000,0.0,16.4,8.0,20.2,0.0,0.0,25.0,13.0,110,99
2906,201704220ATL,"5:30 PM, April 22, 2017",2017,Atlanta Hawks,Washington Wizards,0,Malcolm Delaney,3:24,3,3,1.000,1,1,1.000,1,2,.500,0,1,1,0,0,0,0,0,8,0,1.031,1.167,.333,.667,0.0,31.4,15.3,0.0,0.0,0.0,0.0,48.0,190,97
2907,201704220ATL,"5:30 PM, April 22, 2017",2017,Atlanta Hawks,Washington Wizards,0,Thabo Sefolosha,2:55,0,0,,0,0,,1,2,.500,0,0,0,0,0,0,0,1,1,-1,,,,,0.0,0.0,0.0,0.0,0.0,27.4,,0.0,0,78
2908,201704220ATL,"5:30 PM, April 22, 2017",2017,Atlanta Hawks,Washington Wizards,0,Kris Humphries,2:55,0,0,,0,0,,0,0,,0,0,0,0,0,1,0,0,0,-1,.568,,,,0.0,0.0,0.0,0.0,0.0,0.0,0.0,12.7,123,102
2909,201704220MEM,"8:00 PM, April 22, 2017",2017,San Antonio Spurs,Memphis Grizzlies,1,Kawhi Leonard,44:10,14,30,.467,7,10,.700,8,8,1.000,1,7,8,3,6,0,4,4,43,+18,.641,.583,.333,.267,2.4,22.7,10.9,14.9,7.0,0.0,10.7,39.7,118,95
2910,201704220MEM,"8:00 PM, April 22, 2017",2017,San Antonio Spurs,Memphis Grizzlies,1,LaMarcus Aldridge,41:56,6,11,.545,0,1,.000,1,1,1.000,0,2,2,1,2,0,1,4,13,+4,.568,.545,.091,.091,0.0,6.8,2.9,3.8,2.4,0.0,8.0,13.9,106,109
2911,201704220MEM,"8:00 PM, April 22, 2017",2017,San Antonio Spurs,Memphis Grizzlies,1,Tony Parker,36:51,9,19,.474,0,2,.000,4,4,1.000,0,4,4,5,1,0,2,5,22,+5,.530,.474,.105,.211,0.0,15.5,6.5,25.6,1.4,0.0,8.8,28.8,106,109
2912,201704220MEM,"8:00 PM, April 22, 2017",2017,San Antonio Spurs,Memphis Grizzlies,1,David Lee,33:05,3,5,.600,0,0,,2,2,1.000,2,3,5,2,1,0,0,4,8,-15,.680,.600,.000,.400,6.3,13.0,9.1,8.9,1.5,0.0,0.0,8.3,156,110
2913,201704220MEM,"8:00 PM, April 22, 2017",2017,San Antonio Spurs,Memphis Grizzlies,1,Danny Green,25:50,2,9,.222,0,6,.000,1,1,1.000,0,1,1,0,0,1,1,2,5,-4,.265,.222,.667,.111,0.0,5.5,2.3,0.0,0.0,3.7,9.6,18.9,50,112
2914,201704220MEM,"8:00 PM, April 22, 2017",2017,San Antonio Spurs,Memphis Grizzlies,0,Patty Mills,23:23,2,7,.286,1,4,.250,1,1,1.000,0,2,2,4,1,0,0,2,6,0,.403,.357,.571,.143,0.0,12.3,5.2,24.9,2.2,0.0,0.0,14.9,103,108
2915,201704220MEM,"8:00 PM, April 22, 2017",2017,San Antonio Spurs,Memphis Grizzlies,0,Pau Gasol,21:27,4,7,.571,0,1,.000,0,0,,5,6,11,0,0,0,1,3,8,-6,.571,.571,.143,.000,24.2,40.1,30.9,0.0,0.0,0.0,12.5,17.4,122,108
2916,201704220MEM,"8:00 PM, April 22, 2017",2017,San Antonio Spurs,Memphis Grizzlies,0,Manu Ginobili,15:50,0,5,.000,0,4,.000,0,0,,0,1,1,1,0,0,0,0,0,-7,.000,.000,.800,.000,0.0,9.0,3.8,8.2,0.0,0.0,0.0,14.7,12,114
2917,201704220MEM,"8:00 PM, April 22, 2017",2017,San Antonio Spurs,Memphis Grizzlies,0,Davis Bertans,9:31,1,3,.333,1,2,.500,0,0,,0,1,1,0,0,2,0,0,3,+13,.500,.500,.667,.000,0.0,15.1,6.3,0.0,0.0,20.3,0.0,14.7,100,98
2918,201704220MEM,"8:00 PM, April 22, 2017",2017,San Antonio Spurs,Memphis Grizzlies,0,Jonathon Simmons,7:06,0,0,,0,0,,0,0,,0,0,0,0,0,0,0,0,0,-3,,,,,0.0,0.0,0.0,0.0,0.0,0.0,,0.0,0,116
2919,201704220MEM,"8:00 PM, April 22, 2017",2017,San Antonio Spurs,Memphis Grizzlies,0,Kyle Anderson,5:50,0,1,.000,0,0,,0,0,,0,2,2,0,0,0,0,0,0,-15,.000,.000,.000,.000,0.0,49.1,20.6,0.0,0.0,0.0,0.0,8.0,0,106
2920,201704220MEM,"8:00 PM, April 22, 2017",2017,San Antonio Spurs,Memphis Grizzlies,0,Dejounte Murray,0:00,0.0,0.0,0.0,0.0,0.0,0.0,0.0,0.0,0.0,0.0,0.0,0.0,0.0,0.0,0.0,0.0,0.0,0.0,0.0,0.0,0.0,0.0,0.0,0.0,0.0,0.0,0.0,0.0,0.0,0.0,0.0,0.0,0.0
2921,201704220MEM,"8:00 PM, April 22, 2017",2017,San Antonio Spurs,Memphis Grizzlies,0,Joel Anthony,0:00,0.0,0.0,0.0,0.0,0.0,0.0,0.0,0.0,0.0,0.0,0.0,0.0,0.0,0.0,0.0,0.0,0.0,0.0,0.0,0.0,0.0,0.0,0.0,0.0,0.0,0.0,0.0,0.0,0.0,0.0,0.0,0.0,0.0
2922,201704220MEM,"8:00 PM, April 22, 2017",2017,Memphis Grizzlies,San Antonio Spurs,1,Marc Gasol,45:41,5,12,.417,1,2,.500,5,5,1.000,2,10,12,4,0,1,8,3,16,-7,.563,.458,.167,.417,6.3,22.7,15.8,14.4,0.0,1.7,36.0,22.5,85,104
2923,201704220MEM,"8:00 PM, April 22, 2017",2017,Memphis Grizzlies,San Antonio Spurs,1,Mike Conley,41:52,13,23,.565,4,8,.500,5,7,.714,0,9,9,8,1,0,3,3,35,+9,.671,.652,.348,.304,0.0,22.3,12.9,47.0,1.2,0.0,10.3,32.1,131,103
2924,201704220MEM,"8:00 PM, April 22, 2017",2017,Memphis Grizzlies,San Antonio Spurs,1,Zach Randolph,35:06,4,12,.333,0,1,.000,4,4,1.000,1,10,11,1,0,0,2,2,12,+14,.436,.333,.083,.333,4.1,29.6,18.9,4.7,0.0,0.0,12.7,20.8,88,104
2925,201704220MEM,"8:00 PM, April 22, 2017",2017,Memphis Grizzlies,San Antonio Spurs,1,Vince Carter,32:52,5,9,.556,3,5,.600,0,0,,1,2,3,2,0,0,4,2,13,-12,.722,.722,.556,.000,4.4,6.3,5.5,10.8,0.0,0.0,30.8,18.3,101,109
2926,201704220MEM,"8:00 PM, April 22, 2017",2017,Memphis Grizzlies,San Antonio Spurs,1,James Ennis,31:58,2,10,.200,0,3,.000,3,3,1.000,1,4,5,0,0,1,4,5,7,-4,.309,.200,.300,.300,4.5,13.0,9.4,0.0,0.0,2.5,26.1,22.2,53,105
2927,201704220MEM,"8:00 PM, April 22, 2017",2017,Memphis Grizzlies,San Antonio Spurs,0,JaMychal Green,26:02,5,8,.625,2,3,.667,2,2,1.000,1,3,4,0,0,0,1,3,14,-2,.788,.750,.375,.250,5.5,12.0,9.3,0.0,0.0,0.0,10.1,17.6,141,108
2928,201704220MEM,"8:00 PM, April 22, 2017",2017,Memphis Grizzlies,San Antonio Spurs,0,Andrew Harrison,19:35,2,2,1.000,0,0,,3,3,1.000,0,3,3,1,1,1,0,3,7,0,1.054,1.000,.000,1.500,0.0,15.9,9.2,8.3,2.6,4.0,0.0,7.8,223,97
2929,201704220MEM,"8:00 PM, April 22, 2017",2017,Memphis Grizzlies,San Antonio Spurs,0,Wayne Selden,17:20,0,3,.000,0,2,.000,0,0,,1,1,2,3,0,0,0,0,0,+5,.000,.000,.667,.000,8.3,6.0,6.9,24.1,0.0,0.0,0.0,8.0,75,109
2930,201704220MEM,"8:00 PM, April 22, 2017",2017,Memphis Grizzlies,San Antonio Spurs,0,Troy Daniels,14:35,2,3,.667,2,3,.667,0,0,,1,1,2,0,1,0,0,0,6,+7,1.000,1.000,1.000,.000,9.8,7.1,8.3,0.0,3.5,0.0,0.0,9.5,195,101
2931,201704220MEM,"8:00 PM, April 22, 2017",2017,Memphis Grizzlies,San Antonio Spurs,0,Jarell Martin,0:00,0.0,0.0,0.0,0.0,0.0,0.0,0.0,0.0,0.0,0.0,0.0,0.0,0.0,0.0,0.0,0.0,0.0,0.0,0.0,0.0,0.0,0.0,0.0,0.0,0.0,0.0,0.0,0.0,0.0,0.0,0.0,0.0,0.0
2932,201704220MEM,"8:00 PM, April 22, 2017",2017,Memphis Grizzlies,San Antonio Spurs,0,Brandan Wright,0:00,0.0,0.0,0.0,0.0,0.0,0.0,0.0,0.0,0.0,0.0,0.0,0.0,0.0,0.0,0.0,0.0,0.0,0.0,0.0,0.0,0.0,0.0,0.0,0.0,0.0,0.0,0.0,0.0,0.0,0.0,0.0,0.0,0.0
2933,201704220MEM,"8:00 PM, April 22, 2017",2017,Memphis Grizzlies,San Antonio Spurs,0,Wade Baldwin,0:00,0.0,0.0,0.0,0.0,0.0,0.0,0.0,0.0,0.0,0.0,0.0,0.0,0.0,0.0,0.0,0.0,0.0,0.0,0.0,0.0,0.0,0.0,0.0,0.0,0.0,0.0,0.0,0.0,0.0,0.0,0.0,0.0,0.0
2934,201704220MEM,"8:00 PM, April 22, 2017",2017,Memphis Grizzlies,San Antonio Spurs,0,Deyonta Davis,0:00,0.0,0.0,0.0,0.0,0.0,0.0,0.0,0.0,0.0,0.0,0.0,0.0,0.0,0.0,0.0,0.0,0.0,0.0,0.0,0.0,0.0,0.0,0.0,0.0,0.0,0.0,0.0,0.0,0.0,0.0,0.0,0.0,0.0
2935,201704220MIL,"3:00 PM, April 22, 2017",2017,Toronto Raptors,Milwaukee Bucks,1,Kyle Lowry,42:52,8,17,.471,2,8,.250,0,0,,1,3,4,4,1,1,0,1,18,+15,.529,.529,.471,.000,2.7,6.7,4.9,18.6,1.2,1.9,0.0,19.1,111,87
2936,201704220MIL,"3:00 PM, April 22, 2017",2017,Toronto Raptors,Milwaukee Bucks,1,DeMar DeRozan,39:52,12,22,.545,0,1,.000,9,9,1.000,0,9,9,5,4,0,4,2,33,+15,.636,.545,.045,.409,0.0,21.7,11.9,32.5,5.1,0.0,13.4,36.3,114,74
2937,201704220MIL,"3:00 PM, April 22, 2017",2017,Toronto Raptors,Milwaukee Bucks,1,Norman Powell,34:14,3,7,.429,3,3,1.000,3,4,.750,0,4,4,4,0,1,0,4,12,+15,.685,.643,.429,.571,0.0,11.2,6.2,19.5,0.0,2.3,0.0,12.3,144,87
2938,201704220MIL,"3:00 PM, April 22, 2017",2017,Toronto Raptors,Milwaukee Bucks,1,Serge Ibaka,25:40,4,16,.250,0,5,.000,2,2,1.000,2,6,8,1,2,3,1,4,10,0,.296,.250,.313,.125,9.1,22.4,16.4,7.3,4.0,9.4,5.6,33.6,65,69
2939,201704220MIL,"3:00 PM, April 22, 2017",2017,Toronto Raptors,Milwaukee Bucks,1,DeMarre Carroll,19:38,1,6,.167,0,3,.000,0,0,,1,5,6,0,2,0,0,1,2,+4,.167,.167,.500,.000,6.0,24.4,16.1,0.0,5.2,0.0,0.0,14.7,45,72
2940,201704220MIL,"3:00 PM, April 22, 2017",2017,Toronto Raptors,Milwaukee Bucks,0,P.J. Tucker,28:22,0,2,.000,0,2,.000,0,0,,0,1,1,0,0,0,0,3,0,+7,.000,.000,1.000,.000,0.0,3.4,1.9,0.0,0.0,0.0,0.0,3.4,0,92
2941,201704220MIL,"3:00 PM, April 22, 2017",2017,Toronto Raptors,Milwaukee Bucks,0,Jonas Valanciunas,22:20,5,5,1.000,0,0,,2,2,1.000,0,5,5,0,1,0,4,4,12,+11,1.020,1.000,.000,.400,0.0,21.5,11.8,0.0,2.3,0.0,40.5,21.3,105,79
2942,201704220MIL,"3:00 PM, April 22, 2017",2017,Toronto Raptors,Milwaukee Bucks,0,Delon Wright,11:27,0,0,,0,0,,0,0,,0,3,3,1,1,1,1,0,0,-6,,,,,0.0,25.2,13.8,12.7,4.5,7.0,100.0,4.2,38,70
2943,201704220MIL,"3:00 PM, April 22, 2017",2017,Toronto Raptors,Milwaukee Bucks,0,Patrick Patterson,7:48,0,2,.000,0,0,,0,0,,0,1,1,1,0,0,0,0,0,+2,.000,.000,.000,.000,0.0,12.3,6.8,18.6,0.0,0.0,0.0,12.4,23,89
2944,201704220MIL,"3:00 PM, April 22, 2017",2017,Toronto Raptors,Milwaukee Bucks,0,Cory Joseph,7:47,0,3,.000,0,0,,0,0,,0,0,0,0,0,0,2,0,0,-8,.000,.000,.000,.000,0.0,0.0,0.0,0.0,0.0,0.0,40.0,31.0,0,94
2945,201704220MIL,"3:00 PM, April 22, 2017",2017,Toronto Raptors,Milwaukee Bucks,0,Jakob Poeltl,0:00,0.0,0.0,0.0,0.0,0.0,0.0,0.0,0.0,0.0,0.0,0.0,0.0,0.0,0.0,0.0,0.0,0.0,0.0,0.0,0.0,0.0,0.0,0.0,0.0,0.0,0.0,0.0,0.0,0.0,0.0,0.0,0.0,0.0
2946,201704220MIL,"3:00 PM, April 22, 2017",2017,Toronto Raptors,Milwaukee Bucks,0,Lucas Nogueira,0:00,0.0,0.0,0.0,0.0,0.0,0.0,0.0,0.0,0.0,0.0,0.0,0.0,0.0,0.0,0.0,0.0,0.0,0.0,0.0,0.0,0.0,0.0,0.0,0.0,0.0,0.0,0.0,0.0,0.0,0.0,0.0,0.0,0.0
2947,201704220MIL,"3:00 PM, April 22, 2017",2017,Toronto Raptors,Milwaukee Bucks,0,Fred VanVleet,0:00,0.0,0.0,0.0,0.0,0.0,0.0,0.0,0.0,0.0,0.0,0.0,0.0,0.0,0.0,0.0,0.0,0.0,0.0,0.0,0.0,0.0,0.0,0.0,0.0,0.0,0.0,0.0,0.0,0.0,0.0,0.0,0.0,0.0
2948,201704220MIL,"3:00 PM, April 22, 2017",2017,Milwaukee Bucks,Toronto Raptors,1,Giannis Antetokounmpo,42:21,6,19,.316,0,1,.000,2,4,.500,3,6,9,4,2,2,7,4,14,-16,.337,.316,.053,.211,6.8,16.6,11.2,19.5,2.4,3.9,25.2,28.9,62,89
2949,201704220MIL,"3:00 PM, April 22, 2017",2017,Milwaukee Bucks,Toronto Raptors,1,Tony Snell,37:37,7,12,.583,5,10,.500,0,0,,1,3,4,0,0,0,1,3,19,-13,.792,.792,.833,.000,2.6,9.3,5.6,0.0,0.0,0.0,7.7,15.2,141,99
2950,201704220MIL,"3:00 PM, April 22, 2017",2017,Milwaukee Bucks,Toronto Raptors,1,Khris Middleton,36:27,4,13,.308,0,3,.000,2,3,.667,0,11,11,3,1,0,4,3,10,-12,.349,.308,.231,.231,0.0,35.3,15.9,16.0,1.4,0.0,21.8,22.1,64,92
2951,201704220MIL,"3:00 PM, April 22, 2017",2017,Milwaukee Bucks,Toronto Raptors,1,Malcolm Brogdon,27:50,1,4,.250,0,1,.000,0,0,,0,5,5,3,0,0,4,1,2,-12,.250,.250,.250,.000,0.0,21.0,9.5,18.3,0.0,0.0,50.0,12.7,39,97
2952,201704220MIL,"3:00 PM, April 22, 2017",2017,Milwaukee Bucks,Toronto Raptors,1,Thon Maker,23:34,3,7,.429,0,2,.000,1,1,1.000,2,2,4,2,2,0,1,5,7,-3,.470,.429,.286,.143,8.1,9.9,9.0,17.1,4.3,0.0,11.8,15.8,100,89
2953,201704220MIL,"3:00 PM, April 22, 2017",2017,Milwaukee Bucks,Toronto Raptors,0,Greg Monroe,24:26,4,9,.444,0,0,,6,10,.600,5,4,9,1,2,1,1,1,14,-8,.522,.444,.000,1.111,19.6,19.2,19.4,8.9,4.2,3.4,6.9,26.0,114,85
2954,201704220MIL,"3:00 PM, April 22, 2017",2017,Milwaukee Bucks,Toronto Raptors,0,Matthew Dellavedova,20:10,1,4,.250,0,0,,0,0,,0,2,2,3,0,0,1,1,2,+1,.250,.250,.000,.000,0.0,11.6,5.2,25.9,0.0,0.0,20.0,10.9,65,99
2955,201704220MIL,"3:00 PM, April 22, 2017",2017,Milwaukee Bucks,Toronto Raptors,0,Michael Beasley,15:02,2,9,.222,0,2,.000,0,0,,2,3,5,0,0,0,0,2,4,+3,.222,.222,.222,.000,12.8,23.4,17.5,0.0,0.0,0.0,0.0,26.4,60,97
2956,201704220MIL,"3:00 PM, April 22, 2017",2017,Milwaukee Bucks,Toronto Raptors,0,Jason Terry,12:33,2,4,.500,0,2,.000,0,0,,0,1,1,0,1,0,1,1,4,+5,.500,.500,.500,.000,0.0,9.3,4.2,0.0,4.1,0.0,20.0,17.6,77,90
2957,201704220MIL,"3:00 PM, April 22, 2017",2017,Milwaukee Bucks,Toronto Raptors,0,Mirza Teletovic,0:00,0.0,0.0,0.0,0.0,0.0,0.0,0.0,0.0,0.0,0.0,0.0,0.0,0.0,0.0,0.0,0.0,0.0,0.0,0.0,0.0,0.0,0.0,0.0,0.0,0.0,0.0,0.0,0.0,0.0,0.0,0.0,0.0,0.0
2958,201704220MIL,"3:00 PM, April 22, 2017",2017,Milwaukee Bucks,Toronto Raptors,0,Rashad Vaughn,0:00,0.0,0.0,0.0,0.0,0.0,0.0,0.0,0.0,0.0,0.0,0.0,0.0,0.0,0.0,0.0,0.0,0.0,0.0,0.0,0.0,0.0,0.0,0.0,0.0,0.0,0.0,0.0,0.0,0.0,0.0,0.0,0.0,0.0
2959,201704220MIL,"3:00 PM, April 22, 2017",2017,Milwaukee Bucks,Toronto Raptors,0,Spencer Hawes,0:00,0.0,0.0,0.0,0.0,0.0,0.0,0.0,0.0,0.0,0.0,0.0,0.0,0.0,0.0,0.0,0.0,0.0,0.0,0.0,0.0,0.0,0.0,0.0,0.0,0.0,0.0,0.0,0.0,0.0,0.0,0.0,0.0,0.0
2960,201704220MIL,"3:00 PM, April 22, 2017",2017,Milwaukee Bucks,Toronto Raptors,0,John Henson,0:00,0.0,0.0,0.0,0.0,0.0,0.0,0.0,0.0,0.0,0.0,0.0,0.0,0.0,0.0,0.0,0.0,0.0,0.0,0.0,0.0,0.0,0.0,0.0,0.0,0.0,0.0,0.0,0.0,0.0,0.0,0.0,0.0,0.0
2961,201704220POR,"10:30 PM, April 22, 2017",2017,Golden State Warriors,Portland Trail Blazers,1,Klay Thompson,40:38,8,21,.381,4,9,.444,4,6,.667,0,2,2,0,3,0,2,4,24,-2,.508,.476,.429,.286,0.0,5.0,2.5,0.0,3.4,0.0,7.8,26.7,90,111
2962,201704220POR,"10:30 PM, April 22, 2017",2017,Golden State Warriors,Portland Trail Blazers,1,Draymond Green,40:03,2,6,.333,2,5,.400,3,4,.750,1,7,8,7,2,6,2,4,9,+3,.580,.500,.833,.667,2.6,17.9,10.2,22.3,2.3,12.6,20.5,10.3,117,101
2963,201704220POR,"10:30 PM, April 22, 2017",2017,Golden State Warriors,Portland Trail Blazers,1,Stephen Curry,38:42,10,25,.400,5,14,.357,9,10,.900,1,3,4,8,2,1,1,1,34,+13,.578,.500,.560,.400,2.6,7.9,5.3,36.0,2.4,2.2,3.3,33.2,122,111
2964,201704220POR,"10:30 PM, April 22, 2017",2017,Golden State Warriors,Portland Trail Blazers,1,Patrick McCaw,28:33,4,6,.667,1,2,.500,2,4,.500,2,3,5,5,3,1,0,3,11,-14,.709,.750,.333,.667,7.2,10.7,8.9,25.3,4.8,2.9,0.0,11.5,160,104
2965,201704220POR,"10:30 PM, April 22, 2017",2017,Golden State Warriors,Portland Trail Blazers,1,Zaza Pachulia,10:04,0,4,.000,0,0,,0,0,,0,5,5,1,0,1,0,0,0,-11,.000,.000,.000,.000,0.0,50.7,25.4,11.9,0.0,8.4,0.0,16.8,16,100
2966,201704220POR,"10:30 PM, April 22, 2017",2017,Golden State Warriors,Portland Trail Blazers,0,Andre Iguodala,36:04,5,12,.417,0,6,.000,6,7,.857,0,7,7,3,0,0,0,0,16,+11,.531,.417,.500,.583,0.0,19.8,9.9,12.0,0.0,0.0,0.0,17.7,116,115
2967,201704220POR,"10:30 PM, April 22, 2017",2017,Golden State Warriors,Portland Trail Blazers,0,JaVale McGee,15:57,6,8,.750,0,0,,2,2,1.000,1,3,4,0,1,0,0,2,14,+24,.788,.750,.000,.250,6.4,19.2,12.8,0.0,2.9,0.0,0.0,23.6,155,108
2968,201704220POR,"10:30 PM, April 22, 2017",2017,Golden State Warriors,Portland Trail Blazers,0,Ian Clark,15:56,2,3,.667,0,0,,1,2,.500,0,2,2,0,0,0,0,2,5,+4,.644,.667,.000,.667,0.0,12.8,6.4,0.0,0.0,0.0,0.0,10.3,125,117
2969,201704220POR,"10:30 PM, April 22, 2017",2017,Golden State Warriors,Portland Trail Blazers,0,David West,14:04,3,6,.500,0,0,,0,0,,1,4,5,1,0,2,2,3,6,+2,.500,.500,.000,.000,7.3,29.0,18.2,11.5,0.0,12.0,25.0,24.1,81,104
2970,201704220POR,"10:30 PM, April 22, 2017",2017,Golden State Warriors,Portland Trail Blazers,0,James Michael McAdoo,0:00,0.0,0.0,0.0,0.0,0.0,0.0,0.0,0.0,0.0,0.0,0.0,0.0,0.0,0.0,0.0,0.0,0.0,0.0,0.0,0.0,0.0,0.0,0.0,0.0,0.0,0.0,0.0,0.0,0.0,0.0,0.0,0.0,0.0
2971,201704220POR,"10:30 PM, April 22, 2017",2017,Golden State Warriors,Portland Trail Blazers,0,Damian Jones,0:00,0.0,0.0,0.0,0.0,0.0,0.0,0.0,0.0,0.0,0.0,0.0,0.0,0.0,0.0,0.0,0.0,0.0,0.0,0.0,0.0,0.0,0.0,0.0,0.0,0.0,0.0,0.0,0.0,0.0,0.0,0.0,0.0,0.0
2972,201704220POR,"10:30 PM, April 22, 2017",2017,Portland Trail Blazers,Golden State Warriors,1,Evan Turner,40:27,5,12,.417,1,4,.250,6,10,.600,2,6,8,3,1,2,1,2,17,+3,.518,.458,.333,.833,5.0,15.1,10.1,10.8,1.1,4.3,5.7,17.5,115,112
2973,201704220POR,"10:30 PM, April 22, 2017",2017,Portland Trail Blazers,Golden State Warriors,1,Damian Lillard,39:46,10,23,.435,4,13,.308,7,7,1.000,0,7,7,4,0,1,2,3,31,-14,.594,.522,.565,.304,0.0,18.0,9.0,17.9,0.0,2.2,7.1,28.8,122,116
2974,201704220POR,"10:30 PM, April 22, 2017",2017,Portland Trail Blazers,Golden State Warriors,1,CJ McCollum,39:05,10,23,.435,6,9,.667,6,6,1.000,3,3,6,0,2,0,4,2,32,+2,.624,.565,.391,.261,7.8,7.8,7.8,0.0,2.3,0.0,13.5,30.9,114,114
2975,201704220POR,"10:30 PM, April 22, 2017",2017,Portland Trail Blazers,Golden State Warriors,1,Maurice Harkless,19:51,0,4,.000,0,0,,1,2,.500,1,0,1,1,0,0,0,3,1,-7,.102,.000,.000,.500,5.1,0.0,2.6,6.2,0.0,0.0,0.0,10.0,51,120
2976,201704220POR,"10:30 PM, April 22, 2017",2017,Portland Trail Blazers,Golden State Warriors,1,Jusuf Nurkic,16:40,1,3,.333,0,1,.000,0,0,,0,11,11,4,0,1,3,1,2,+8,.333,.333,.333,.000,0.0,67.4,33.7,31.9,0.0,5.2,50.0,14.7,63,106
2977,201704220POR,"10:30 PM, April 22, 2017",2017,Portland Trail Blazers,Golden State Warriors,0,Al-Farouq Aminu,31:27,6,13,.462,1,4,.250,1,1,1.000,1,8,9,2,1,1,3,1,14,-13,.521,.500,.308,.077,3.2,26.0,14.6,10.2,1.5,2.8,18.2,21.3,94,111
2978,201704220POR,"10:30 PM, April 22, 2017",2017,Portland Trail Blazers,Golden State Warriors,0,Noah Vonleh,25:24,5,8,.625,0,0,,0,0,,4,3,7,3,0,1,3,4,10,-2,.625,.625,.000,.000,16.1,12.1,14.1,19.2,0.0,3.4,27.3,17.6,112,116
2979,201704220POR,"10:30 PM, April 22, 2017",2017,Portland Trail Blazers,Golden State Warriors,0,Allen Crabbe,22:32,2,3,.667,1,2,.500,1,1,1.000,0,3,3,0,0,0,0,5,6,-8,.872,.833,.667,.333,0.0,13.6,6.8,0.0,0.0,0.0,0.0,6.2,178,118
2980,201704220POR,"10:30 PM, April 22, 2017",2017,Portland Trail Blazers,Golden State Warriors,0,Shabazz Napier,4:48,0,1,.000,0,0,,0,0,,0,0,0,0,1,0,0,2,0,+1,.000,.000,.000,.000,0.0,0.0,0.0,0.0,9.6,0.0,0.0,8.5,0,98
2981,201704220POR,"10:30 PM, April 22, 2017",2017,Portland Trail Blazers,Golden State Warriors,0,Tim Quarterman,0:00,0.0,0.0,0.0,0.0,0.0,0.0,0.0,0.0,0.0,0.0,0.0,0.0,0.0,0.0,0.0,0.0,0.0,0.0,0.0,0.0,0.0,0.0,0.0,0.0,0.0,0.0,0.0,0.0,0.0,0.0,0.0,0.0,0.0
2982,201704220POR,"10:30 PM, April 22, 2017",2017,Portland Trail Blazers,Golden State Warriors,0,Jake Layman,0:00,0.0,0.0,0.0,0.0,0.0,0.0,0.0,0.0,0.0,0.0,0.0,0.0,0.0,0.0,0.0,0.0,0.0,0.0,0.0,0.0,0.0,0.0,0.0,0.0,0.0,0.0,0.0,0.0,0.0,0.0,0.0,0.0,0.0
2983,201704220POR,"10:30 PM, April 22, 2017",2017,Portland Trail Blazers,Golden State Warriors,0,Pat Connaughton,0:00,0.0,0.0,0.0,0.0,0.0,0.0,0.0,0.0,0.0,0.0,0.0,0.0,0.0,0.0,0.0,0.0,0.0,0.0,0.0,0.0,0.0,0.0,0.0,0.0,0.0,0.0,0.0,0.0,0.0,0.0,0.0,0.0,0.0
2984,201704220POR,"10:30 PM, April 22, 2017",2017,Portland Trail Blazers,Golden State Warriors,0,Meyers Leonard,0:00,0.0,0.0,0.0,0.0,0.0,0.0,0.0,0.0,0.0,0.0,0.0,0.0,0.0,0.0,0.0,0.0,0.0,0.0,0.0,0.0,0.0,0.0,0.0,0.0,0.0,0.0,0.0,0.0,0.0,0.0,0.0,0.0,0.0
2985,201704230CHI,"6:30 PM, April 23, 2017",2017,Boston Celtics,Chicago Bulls,1,Jae Crowder,40:00,5,9,.556,1,4,.250,0,0,,0,2,2,1,2,0,1,4,11,+5,.611,.611,.444,.000,0.0,5.6,2.8,3.8,2.7,0.0,10.0,11.5,111,108
2986,201704230CHI,"6:30 PM, April 23, 2017",2017,Boston Celtics,Chicago Bulls,1,Al Horford,36:29,6,11,.545,1,3,.333,2,2,1.000,1,11,12,4,1,1,1,1,15,+5,.631,.591,.273,.182,3.1,33.7,18.4,17.5,1.5,2.5,7.8,16.2,131,99
2987,201704230CHI,"6:30 PM, April 23, 2017",2017,Boston Celtics,Chicago Bulls,1,Isaiah Thomas,35:48,10,21,.476,1,9,.111,12,13,.923,0,4,4,7,1,0,5,4,33,+17,.618,.500,.429,.619,0.0,12.5,6.2,38.2,1.5,0.0,15.8,40.6,117,108
2988,201704230CHI,"6:30 PM, April 23, 2017",2017,Boston Celtics,Chicago Bulls,1,Avery Bradley,33:51,3,9,.333,1,6,.167,1,2,.500,1,0,1,2,1,0,3,3,8,+2,.405,.389,.667,.222,3.3,0.0,1.6,8.4,1.6,0.0,23.3,17.4,75,112
2989,201704230CHI,"6:30 PM, April 23, 2017",2017,Boston Celtics,Chicago Bulls,1,Gerald Green,22:59,7,13,.538,4,9,.444,0,0,,2,5,7,0,0,0,1,1,18,+4,.692,.692,.692,.000,9.7,24.3,17.0,0.0,0.0,0.0,7.1,27.9,126,107
2990,201704230CHI,"6:30 PM, April 23, 2017",2017,Boston Celtics,Chicago Bulls,0,Marcus Smart,33:13,2,8,.250,1,2,.500,0,0,,5,4,9,6,1,1,2,5,5,+9,.313,.313,.250,.000,16.8,13.4,15.1,24.7,1.6,2.8,20.0,13.8,101,105
2991,201704230CHI,"6:30 PM, April 23, 2017",2017,Boston Celtics,Chicago Bulls,0,Kelly Olynyk,15:46,4,4,1.000,1,1,1.000,1,3,.333,0,3,3,0,1,1,0,4,10,+5,.940,1.125,.250,.750,0.0,21.2,10.6,0.0,3.4,5.9,0.0,15.5,173,97
2992,201704230CHI,"6:30 PM, April 23, 2017",2017,Boston Celtics,Chicago Bulls,0,Terry Rozier,11:05,1,4,.250,0,2,.000,0,0,,0,1,1,0,0,0,0,0,2,0,.250,.250,.500,.000,0.0,10.1,5.0,0.0,0.0,0.0,0.0,16.5,56,112
2993,201704230CHI,"6:30 PM, April 23, 2017",2017,Boston Celtics,Chicago Bulls,0,Jonas Jerebko,9:50,0,3,.000,0,1,.000,2,2,1.000,2,1,3,2,0,1,0,2,2,+1,.258,.000,.333,.667,22.7,11.4,17.0,25.7,0.0,9.4,0.0,18.1,109,106
2994,201704230CHI,"6:30 PM, April 23, 2017",2017,Boston Celtics,Chicago Bulls,0,Jaylen Brown,0:59,0,0,,0,0,,0,0,,0,0,0,0,0,0,0,0,0,-3,,,,,0.0,0.0,0.0,0.0,0.0,0.0,,0.0,0,116
2995,201704230CHI,"6:30 PM, April 23, 2017",2017,Boston Celtics,Chicago Bulls,0,James Young,0:00,0.0,0.0,0.0,0.0,0.0,0.0,0.0,0.0,0.0,0.0,0.0,0.0,0.0,0.0,0.0,0.0,0.0,0.0,0.0,0.0,0.0,0.0,0.0,0.0,0.0,0.0,0.0,0.0,0.0,0.0,0.0,0.0,0.0
2996,201704230CHI,"6:30 PM, April 23, 2017",2017,Boston Celtics,Chicago Bulls,0,Amir Johnson,0:00,0.0,0.0,0.0,0.0,0.0,0.0,0.0,0.0,0.0,0.0,0.0,0.0,0.0,0.0,0.0,0.0,0.0,0.0,0.0,0.0,0.0,0.0,0.0,0.0,0.0,0.0,0.0,0.0,0.0,0.0,0.0,0.0,0.0
2997,201704230CHI,"6:30 PM, April 23, 2017",2017,Boston Celtics,Chicago Bulls,0,Tyler Zeller,0:00,0.0,0.0,0.0,0.0,0.0,0.0,0.0,0.0,0.0,0.0,0.0,0.0,0.0,0.0,0.0,0.0,0.0,0.0,0.0,0.0,0.0,0.0,0.0,0.0,0.0,0.0,0.0,0.0,0.0,0.0,0.0,0.0,0.0
2998,201704230CHI,"6:30 PM, April 23, 2017",2017,Chicago Bulls,Boston Celtics,1,Jimmy Butler,45:47,7,16,.438,0,3,.000,19,23,.826,1,4,5,9,1,0,1,4,33,-4,.632,.438,.188,1.438,2.4,9.8,6.1,38.3,1.2,0.0,3.7,27.7,143,117
2999,201704230CHI,"6:30 PM, April 23, 2017",2017,Chicago Bulls,Boston Celtics,1,Dwyane Wade,37:41,5,12,.417,0,2,.000,1,1,1.000,1,5,6,2,1,2,2,2,11,-5,.442,.417,.167,.083,3.0,14.8,8.9,9.9,1.4,5.7,13.9,17.9,87,112
3000,201704230CHI,"6:30 PM, April 23, 2017",2017,Chicago Bulls,Boston Celtics,1,Nikola Mirotic,34:14,4,11,.364,2,8,.250,3,3,1.000,0,7,7,1,1,0,1,4,13,-5,.528,.455,.727,.273,0.0,22.8,11.4,5.3,1.6,0.0,7.5,18.2,107,113
3001,201704230CHI,"6:30 PM, April 23, 2017",2017,Chicago Bulls,Boston Celtics,1,Robin Lopez,21:45,4,8,.500,0,0,,0,0,,6,1,7,0,0,0,2,2,8,-4,.500,.500,.000,.000,30.8,5.1,18.0,0.0,0.0,0.0,20.0,21.5,102,121
3002,201704230CHI,"6:30 PM, April 23, 2017",2017,Chicago Bulls,Boston Celtics,1,Jerian Grant,4:41,0,3,.000,0,1,.000,0,0,,0,0,0,1,0,0,0,0,0,-10,.000,.000,.333,.000,0.0,0.0,0.0,32.0,0.0,0.0,0.0,30.0,20,123
3003,201704230CHI,"6:30 PM, April 23, 2017",2017,Chicago Bulls,Boston Celtics,0,Isaiah Canaan,34:07,4,10,.400,3,7,.429,2,4,.500,0,2,2,3,2,0,0,2,13,+11,.553,.550,.700,.400,0.0,6.5,3.3,16.0,3.1,0.0,0.0,16.1,124,114
3004,201704230CHI,"6:30 PM, April 23, 2017",2017,Chicago Bulls,Boston Celtics,0,Bobby Portis,22:43,4,7,.571,0,1,.000,0,0,,1,7,8,1,0,1,1,1,8,-3,.571,.571,.143,.000,4.9,34.4,19.7,9.0,0.0,4.7,12.5,16.5,107,110
3005,201704230CHI,"6:30 PM, April 23, 2017",2017,Chicago Bulls,Boston Celtics,0,Paul Zipser,13:41,0,2,.000,0,1,.000,0,0,,1,2,3,0,0,0,1,1,0,-8,.000,.000,.500,.000,8.2,16.3,12.2,0.0,0.0,0.0,33.3,10.3,23,118
3006,201704230CHI,"6:30 PM, April 23, 2017",2017,Chicago Bulls,Boston Celtics,0,Cristiano Felicio,10:19,1,1,1.000,0,0,,1,2,.500,0,3,3,0,0,0,1,4,3,-3,.798,1.000,.000,2.000,0.0,32.5,16.2,0.0,0.0,0.0,34.7,13.1,90,113
3007,201704230CHI,"6:30 PM, April 23, 2017",2017,Chicago Bulls,Boston Celtics,0,Michael Carter-Williams,8:07,0,0,,0,0,,0,0,,0,0,0,1,0,0,2,2,0,-11,,,,,0.0,0.0,0.0,18.5,0.0,0.0,100.0,11.5,20,123
3008,201704230CHI,"6:30 PM, April 23, 2017",2017,Chicago Bulls,Boston Celtics,0,Joffrey Lauvergne,6:55,3,6,.500,0,1,.000,0,0,,2,1,3,1,0,0,1,1,6,-3,.500,.500,.167,.000,32.3,16.1,24.2,62.1,0.0,0.0,14.3,47.4,99,118
3009,201704230CHI,"6:30 PM, April 23, 2017",2017,Chicago Bulls,Boston Celtics,0,Denzel Valentine,0:00,0.0,0.0,0.0,0.0,0.0,0.0,0.0,0.0,0.0,0.0,0.0,0.0,0.0,0.0,0.0,0.0,0.0,0.0,0.0,0.0,0.0,0.0,0.0,0.0,0.0,0.0,0.0,0.0,0.0,0.0,0.0,0.0,0.0
3010,201704230CHI,"6:30 PM, April 23, 2017",2017,Chicago Bulls,Boston Celtics,0,Anthony Morrow,0:00,0.0,0.0,0.0,0.0,0.0,0.0,0.0,0.0,0.0,0.0,0.0,0.0,0.0,0.0,0.0,0.0,0.0,0.0,0.0,0.0,0.0,0.0,0.0,0.0,0.0,0.0,0.0,0.0,0.0,0.0,0.0,0.0,0.0
3011,201704230IND,"1:00 PM, April 23, 2017",2017,Cleveland Cavaliers,Indiana Pacers,1,LeBron James,44:44,13,25,.520,1,3,.333,6,9,.667,0,10,10,4,4,2,4,1,33,+4,.570,.540,.120,.360,0.0,25.5,11.9,18.6,4.4,3.7,12.1,30.8,112,97
3012,201704230IND,"1:00 PM, April 23, 2017",2017,Cleveland Cavaliers,Indiana Pacers,1,Kyrie Irving,36:41,10,25,.400,1,7,.143,7,7,1.000,2,0,2,0,1,3,1,2,28,+4,.499,.420,.280,.280,5.5,0.0,2.9,0.0,1.3,6.8,3.4,33.1,113,107
3013,201704230IND,"1:00 PM, April 23, 2017",2017,Cleveland Cavaliers,Indiana Pacers,1,Kevin Love,34:57,2,13,.154,1,5,.200,0,0,,5,11,16,3,0,1,4,1,5,+3,.192,.192,.385,.000,14.3,36.0,24.4,12.0,0.0,2.4,23.5,20.3,59,105
3014,201704230IND,"1:00 PM, April 23, 2017",2017,Cleveland Cavaliers,Indiana Pacers,1,Tristan Thompson,34:07,2,6,.333,0,0,,2,2,1.000,7,4,11,1,1,0,1,3,6,-1,.436,.333,.000,.333,20.5,13.4,17.2,4.1,1.4,0.0,12.7,9.7,120,109
3015,201704230IND,"1:00 PM, April 23, 2017",2017,Cleveland Cavaliers,Indiana Pacers,1,J.R. Smith,28:49,2,4,.500,1,3,.333,0,0,,0,2,2,0,2,1,2,3,5,-2,.625,.625,.750,.000,0.0,7.9,3.7,0.0,3.4,2.9,33.3,8.7,83,103
3016,201704230IND,"1:00 PM, April 23, 2017",2017,Cleveland Cavaliers,Indiana Pacers,0,Kyle Korver,18:09,1,5,.200,1,5,.200,2,2,1.000,0,3,3,0,0,0,1,0,5,+7,.425,.300,1.000,.400,0.0,18.9,8.8,0.0,0.0,0.0,14.5,15.8,85,111
3017,201704230IND,"1:00 PM, April 23, 2017",2017,Cleveland Cavaliers,Indiana Pacers,0,Iman Shumpert,16:39,1,4,.250,1,3,.333,0,0,,0,1,1,0,1,0,0,1,3,+5,.375,.375,.750,.000,0.0,6.9,3.2,0.0,3.0,0.0,0.0,10.0,91,107
3018,201704230IND,"1:00 PM, April 23, 2017",2017,Cleveland Cavaliers,Indiana Pacers,0,Deron Williams,13:10,4,4,1.000,2,2,1.000,4,5,.800,1,1,2,1,0,0,0,4,14,0,1.129,1.250,.500,1.250,7.6,8.7,8.1,16.3,0.0,0.0,0.0,19.7,230,111
3019,201704230IND,"1:00 PM, April 23, 2017",2017,Cleveland Cavaliers,Indiana Pacers,0,Channing Frye,12:44,2,4,.500,1,3,.333,2,2,1.000,0,1,1,2,0,1,0,0,7,0,.717,.625,.750,.500,0.0,9.0,4.2,25.6,0.0,6.5,0.0,16.0,169,108
3020,201704230IND,"1:00 PM, April 23, 2017",2017,Cleveland Cavaliers,Indiana Pacers,0,Dahntay Jones,0:00,0.0,0.0,0.0,0.0,0.0,0.0,0.0,0.0,0.0,0.0,0.0,0.0,0.0,0.0,0.0,0.0,0.0,0.0,0.0,0.0,0.0,0.0,0.0,0.0,0.0,0.0,0.0,0.0,0.0,0.0,0.0,0.0,0.0
3021,201704230IND,"1:00 PM, April 23, 2017",2017,Cleveland Cavaliers,Indiana Pacers,0,James Jones,0:00,0.0,0.0,0.0,0.0,0.0,0.0,0.0,0.0,0.0,0.0,0.0,0.0,0.0,0.0,0.0,0.0,0.0,0.0,0.0,0.0,0.0,0.0,0.0,0.0,0.0,0.0,0.0,0.0,0.0,0.0,0.0,0.0,0.0
3022,201704230IND,"1:00 PM, April 23, 2017",2017,Cleveland Cavaliers,Indiana Pacers,0,Richard Jefferson,0:00,0.0,0.0,0.0,0.0,0.0,0.0,0.0,0.0,0.0,0.0,0.0,0.0,0.0,0.0,0.0,0.0,0.0,0.0,0.0,0.0,0.0,0.0,0.0,0.0,0.0,0.0,0.0,0.0,0.0,0.0,0.0,0.0,0.0
3023,201704230IND,"1:00 PM, April 23, 2017",2017,Cleveland Cavaliers,Indiana Pacers,0,Derrick Williams,0:00,0.0,0.0,0.0,0.0,0.0,0.0,0.0,0.0,0.0,0.0,0.0,0.0,0.0,0.0,0.0,0.0,0.0,0.0,0.0,0.0,0.0,0.0,0.0,0.0,0.0,0.0,0.0,0.0,0.0,0.0,0.0,0.0,0.0
3024,201704230IND,"1:00 PM, April 23, 2017",2017,Indiana Pacers,Cleveland Cavaliers,1,Paul George,43:55,5,21,.238,3,9,.333,2,3,.667,2,5,7,6,4,1,4,3,15,-6,.336,.310,.429,.143,5.2,11.4,8.5,18.5,4.5,1.9,15.2,26.3,76,105
3025,201704230IND,"1:00 PM, April 23, 2017",2017,Indiana Pacers,Cleveland Cavaliers,1,Jeff Teague,38:57,6,12,.500,1,3,.333,2,3,.667,0,4,4,10,2,3,3,2,15,-3,.563,.542,.250,.250,0.0,10.3,5.5,36.7,2.5,6.3,18.4,18.4,114,107
3026,201704230IND,"1:00 PM, April 23, 2017",2017,Indiana Pacers,Cleveland Cavaliers,1,Thaddeus Young,33:56,6,14,.429,0,1,.000,1,2,.500,4,6,10,2,2,0,1,1,13,-4,.437,.429,.071,.143,13.5,17.7,15.7,8.7,2.9,0.0,6.3,20.5,101,106
3027,201704230IND,"1:00 PM, April 23, 2017",2017,Indiana Pacers,Cleveland Cavaliers,1,Myles Turner,33:13,8,10,.800,0,2,.000,4,6,.667,0,9,9,0,0,0,3,4,20,+8,.791,.800,.200,.600,0.0,27.1,14.5,0.0,0.0,0.0,19.2,20.6,121,109
3028,201704230IND,"1:00 PM, April 23, 2017",2017,Indiana Pacers,Cleveland Cavaliers,1,C.J. Miles,25:03,2,5,.400,2,5,.400,0,0,,1,2,3,0,0,1,0,2,6,+7,.600,.600,1.000,.000,4.6,8.0,6.4,0.0,0.0,3.2,0.0,8.8,128,115
3029,201704230IND,"1:00 PM, April 23, 2017",2017,Indiana Pacers,Cleveland Cavaliers,0,Lance Stephenson,30:11,9,15,.600,4,9,.444,0,1,.000,0,6,6,3,0,0,2,6,22,-3,.712,.733,.600,.067,0.0,19.9,10.6,17.9,0.0,0.0,11.5,25.3,125,112
3030,201704230IND,"1:00 PM, April 23, 2017",2017,Indiana Pacers,Cleveland Cavaliers,0,Kevin Seraphin,14:47,2,6,.333,0,0,,0,0,,2,0,2,0,0,1,0,2,4,-12,.333,.333,.000,.000,15.5,0.0,7.2,0.0,0.0,5.5,0.0,17.8,88,118
3031,201704230IND,"1:00 PM, April 23, 2017",2017,Indiana Pacers,Cleveland Cavaliers,0,Glenn Robinson,13:08,3,3,1.000,0,0,,0,0,,0,0,0,0,0,0,0,2,6,+1,1.000,1.000,.000,.000,0.0,0.0,0.0,0.0,0.0,0.0,0.0,10.0,200,121
3032,201704230IND,"1:00 PM, April 23, 2017",2017,Indiana Pacers,Cleveland Cavaliers,0,Monta Ellis,5:30,0,2,.000,0,1,.000,1,2,.500,0,1,1,0,0,0,1,0,1,-8,.174,.000,.500,1.000,0.0,18.2,9.7,0.0,0.0,0.0,25.8,30.9,28,113
3033,201704230IND,"1:00 PM, April 23, 2017",2017,Indiana Pacers,Cleveland Cavaliers,0,Lavoy Allen,1:20,0,0,,0,0,,0,0,,0,0,0,0,0,0,0,0,0,0,,,,,0.0,0.0,0.0,0.0,0.0,0.0,,0.0,0,121
3034,201704230IND,"1:00 PM, April 23, 2017",2017,Indiana Pacers,Cleveland Cavaliers,0,Rakeem Christmas,0:00,0.0,0.0,0.0,0.0,0.0,0.0,0.0,0.0,0.0,0.0,0.0,0.0,0.0,0.0,0.0,0.0,0.0,0.0,0.0,0.0,0.0,0.0,0.0,0.0,0.0,0.0,0.0,0.0,0.0,0.0,0.0,0.0,0.0
3035,201704230IND,"1:00 PM, April 23, 2017",2017,Indiana Pacers,Cleveland Cavaliers,0,Aaron Brooks,0:00,0.0,0.0,0.0,0.0,0.0,0.0,0.0,0.0,0.0,0.0,0.0,0.0,0.0,0.0,0.0,0.0,0.0,0.0,0.0,0.0,0.0,0.0,0.0,0.0,0.0,0.0,0.0,0.0,0.0,0.0,0.0,0.0,0.0
3036,201704230IND,"1:00 PM, April 23, 2017",2017,Indiana Pacers,Cleveland Cavaliers,0,Al Jefferson,0:00,0.0,0.0,0.0,0.0,0.0,0.0,0.0,0.0,0.0,0.0,0.0,0.0,0.0,0.0,0.0,0.0,0.0,0.0,0.0,0.0,0.0,0.0,0.0,0.0,0.0,0.0,0.0,0.0,0.0,0.0,0.0,0.0,0.0
3037,201704230OKC,"3:30 PM, April 23, 2017",2017,Houston Rockets,Oklahoma City Thunder,1,Trevor Ariza,42:46,4,8,.500,3,5,.600,3,3,1.000,1,4,5,3,4,0,1,3,14,+2,.751,.688,.625,.375,2.6,10.7,6.6,10.4,4.4,0.0,9.7,9.8,151,104
3038,201704230OKC,"3:30 PM, April 23, 2017",2017,Houston Rockets,Oklahoma City Thunder,1,James Harden,39:18,5,16,.313,0,7,.000,6,7,.857,0,7,7,8,1,0,7,3,16,0,.419,.313,.438,.438,0.0,20.4,10.1,31.6,1.2,0.0,26.8,26.9,81,108
3039,201704230OKC,"3:30 PM, April 23, 2017",2017,Houston Rockets,Oklahoma City Thunder,1,Patrick Beverley,27:12,2,13,.154,2,8,.250,0,0,,0,0,0,3,5,0,2,3,6,0,.231,.231,.615,.000,0.0,0.0,0.0,15.8,8.6,0.0,13.3,22.3,59,97
3040,201704230OKC,"3:30 PM, April 23, 2017",2017,Houston Rockets,Oklahoma City Thunder,1,Ryan Anderson,19:50,2,5,.400,1,3,.333,4,4,1.000,3,0,3,0,0,0,3,2,9,-9,.666,.500,.600,.800,16.9,0.0,8.5,0.0,0.0,0.0,30.7,19.9,107,115
3041,201704230OKC,"3:30 PM, April 23, 2017",2017,Houston Rockets,Oklahoma City Thunder,1,Clint Capela,17:37,2,5,.400,0,0,,0,0,,1,4,5,1,0,0,2,2,4,-25,.400,.400,.000,.000,6.3,25.9,16.0,8.6,0.0,0.0,28.6,16.1,72,109
3042,201704230OKC,"3:30 PM, April 23, 2017",2017,Houston Rockets,Oklahoma City Thunder,0,Eric Gordon,36:03,5,13,.385,4,7,.571,4,5,.800,2,6,8,1,0,2,1,3,18,+18,.592,.538,.538,.385,6.2,19.0,12.5,4.4,0.0,4.0,6.2,18.2,127,108
3043,201704230OKC,"3:30 PM, April 23, 2017",2017,Houston Rockets,Oklahoma City Thunder,0,Lou Williams,31:48,5,13,.385,1,5,.200,7,7,1.000,2,5,7,2,2,0,2,5,18,+10,.560,.423,.385,.538,7.0,18.0,12.4,10.2,2.9,0.0,11.1,23.0,118,104
3044,201704230OKC,"3:30 PM, April 23, 2017",2017,Houston Rockets,Oklahoma City Thunder,0,Nene Hilario,25:26,12,12,1.000,0,0,,4,7,.571,4,6,10,1,1,0,1,5,28,+24,.928,1.000,.000,.583,17.6,27.0,22.2,13.1,1.8,0.0,6.2,25.6,173,105
3045,201704230OKC,"3:30 PM, April 23, 2017",2017,Houston Rockets,Oklahoma City Thunder,0,Troy Williams,0:00,0.0,0.0,0.0,0.0,0.0,0.0,0.0,0.0,0.0,0.0,0.0,0.0,0.0,0.0,0.0,0.0,0.0,0.0,0.0,0.0,0.0,0.0,0.0,0.0,0.0,0.0,0.0,0.0,0.0,0.0,0.0,0.0,0.0
3046,201704230OKC,"3:30 PM, April 23, 2017",2017,Houston Rockets,Oklahoma City Thunder,0,Bobby Brown,0:00,0.0,0.0,0.0,0.0,0.0,0.0,0.0,0.0,0.0,0.0,0.0,0.0,0.0,0.0,0.0,0.0,0.0,0.0,0.0,0.0,0.0,0.0,0.0,0.0,0.0,0.0,0.0,0.0,0.0,0.0,0.0,0.0,0.0
3047,201704230OKC,"3:30 PM, April 23, 2017",2017,Houston Rockets,Oklahoma City Thunder,0,Montrezl Harrell,0:00,0.0,0.0,0.0,0.0,0.0,0.0,0.0,0.0,0.0,0.0,0.0,0.0,0.0,0.0,0.0,0.0,0.0,0.0,0.0,0.0,0.0,0.0,0.0,0.0,0.0,0.0,0.0,0.0,0.0,0.0,0.0,0.0,0.0
3048,201704230OKC,"3:30 PM, April 23, 2017",2017,Oklahoma City Thunder,Houston Rockets,1,Victor Oladipo,38:46,7,10,.700,1,3,.333,0,0,,0,4,4,2,2,1,0,4,15,-1,.750,.750,.300,.000,0.0,11.5,5.8,7.4,2.4,2.5,0.0,10.7,155,111
3049,201704230OKC,"3:30 PM, April 23, 2017",2017,Oklahoma City Thunder,Houston Rockets,1,Russell Westbrook,38:42,10,28,.357,3,8,.375,12,13,.923,0,14,14,14,3,1,5,2,35,+14,.519,.411,.286,.464,0.0,40.4,20.4,58.7,3.6,2.5,12.9,41.4,111,99
3050,201704230OKC,"3:30 PM, April 23, 2017",2017,Oklahoma City Thunder,Houston Rockets,1,Andre Roberson,37:32,5,9,.556,1,2,.500,2,12,.167,3,1,4,0,2,5,3,3,13,+1,.455,.611,.222,1.333,9.1,3.0,6.0,0.0,2.5,12.8,17.4,19.0,80,109
3051,201704230OKC,"3:30 PM, April 23, 2017",2017,Oklahoma City Thunder,Houston Rockets,1,Steven Adams,36:54,8,10,.800,0,0,,2,5,.400,4,3,7,2,1,3,2,1,18,+5,.738,.800,.000,.500,12.4,9.1,10.7,8.2,1.3,7.8,14.1,15.9,134,112
3052,201704230OKC,"3:30 PM, April 23, 2017",2017,Oklahoma City Thunder,Houston Rockets,1,Taj Gibson,22:18,2,5,.400,0,0,,2,2,1.000,1,1,2,1,1,0,2,3,6,+1,.510,.400,.000,.400,5.1,5.0,5.1,5.7,2.1,0.0,25.4,14.6,89,116
3053,201704230OKC,"3:30 PM, April 23, 2017",2017,Oklahoma City Thunder,Houston Rockets,0,Doug McDermott,19:07,2,6,.333,1,3,.333,0,0,,0,1,1,0,1,0,1,0,5,-1,.417,.417,.500,.000,0.0,5.8,3.0,0.0,2.4,0.0,14.3,15.1,74,115
3054,201704230OKC,"3:30 PM, April 23, 2017",2017,Oklahoma City Thunder,Houston Rockets,0,Alex Abrines,15:29,2,4,.500,1,2,.500,0,0,,1,1,2,1,0,0,0,1,5,-9,.625,.625,.500,.000,7.4,7.2,7.3,8.7,0.0,0.0,0.0,10.7,142,120
3055,201704230OKC,"3:30 PM, April 23, 2017",2017,Oklahoma City Thunder,Houston Rockets,0,Jerami Grant,14:22,5,5,1.000,0,0,,0,0,,1,2,3,0,0,0,1,3,10,-3,1.000,1.000,.000,.000,8.0,15.5,11.8,0.0,0.0,0.0,16.7,17.3,155,117
3056,201704230OKC,"3:30 PM, April 23, 2017",2017,Oklahoma City Thunder,Houston Rockets,0,Norris Cole,9:18,0,3,.000,0,1,.000,0,0,,0,1,1,0,0,1,2,2,0,-18,.000,.000,.333,.000,0.0,12.0,6.1,0.0,0.0,10.3,40.0,22.2,0,113
3057,201704230OKC,"3:30 PM, April 23, 2017",2017,Oklahoma City Thunder,Houston Rockets,0,Enes Kanter,7:32,1,5,.200,0,0,,0,0,,0,2,2,0,0,1,1,1,2,-9,.200,.200,.000,.000,0.0,29.6,15.0,0.0,0.0,12.7,16.7,32.9,36,106
3058,201704230OKC,"3:30 PM, April 23, 2017",2017,Oklahoma City Thunder,Houston Rockets,0,Domantas Sabonis,0:00,0.0,0.0,0.0,0.0,0.0,0.0,0.0,0.0,0.0,0.0,0.0,0.0,0.0,0.0,0.0,0.0,0.0,0.0,0.0,0.0,0.0,0.0,0.0,0.0,0.0,0.0,0.0,0.0,0.0,0.0,0.0,0.0,0.0
3059,201704230OKC,"3:30 PM, April 23, 2017",2017,Oklahoma City Thunder,Houston Rockets,0,Nick Collison,0:00,0.0,0.0,0.0,0.0,0.0,0.0,0.0,0.0,0.0,0.0,0.0,0.0,0.0,0.0,0.0,0.0,0.0,0.0,0.0,0.0,0.0,0.0,0.0,0.0,0.0,0.0,0.0,0.0,0.0,0.0,0.0,0.0,0.0
3060,201704230OKC,"3:30 PM, April 23, 2017",2017,Oklahoma City Thunder,Houston Rockets,0,Kyle Singler,0:00,0.0,0.0,0.0,0.0,0.0,0.0,0.0,0.0,0.0,0.0,0.0,0.0,0.0,0.0,0.0,0.0,0.0,0.0,0.0,0.0,0.0,0.0,0.0,0.0,0.0,0.0,0.0,0.0,0.0,0.0,0.0,0.0,0.0
3061,201704230UTA,"9:00 PM, April 23, 2017",2017,Los Angeles Clippers,Utah Jazz,1,J.J. Redick,41:45,3,11,.273,2,7,.286,4,4,1.000,0,0,0,0,0,0,4,1,12,-11,.470,.364,.636,.364,0.0,0.0,0.0,0.0,0.0,0.0,23.9,19.9,71,127
3062,201704230UTA,"9:00 PM, April 23, 2017",2017,Los Angeles Clippers,Utah Jazz,1,Chris Paul,38:08,10,21,.476,1,6,.167,6,8,.750,1,8,9,12,1,0,2,4,27,-5,.551,.500,.286,.381,3.1,31.5,15.5,74.0,1.4,0.0,7.5,34.5,123,118
3063,201704230UTA,"9:00 PM, April 23, 2017",2017,Los Angeles Clippers,Utah Jazz,1,DeAndre Jordan,36:54,5,8,.625,0,1,.000,2,6,.333,4,6,10,1,0,0,0,3,12,-11,.564,.625,.125,.750,12.7,24.4,17.8,4.9,0.0,0.0,0.0,14.3,130,123
3064,201704230UTA,"9:00 PM, April 23, 2017",2017,Los Angeles Clippers,Utah Jazz,1,Luc Mbah a Moute,33:42,1,8,.125,0,3,.000,3,4,.750,0,5,5,1,3,0,1,0,5,-11,.256,.125,.375,.500,0.0,22.3,9.8,4.5,4.9,0.0,9.3,15.8,55,113
3065,201704230UTA,"9:00 PM, April 23, 2017",2017,Los Angeles Clippers,Utah Jazz,1,Marreese Speights,20:36,2,8,.250,1,5,.200,0,0,,0,4,4,1,0,0,0,2,5,+2,.313,.313,.625,.000,0.0,29.1,12.8,8.2,0.0,0.0,0.0,19.3,70,122
3066,201704230UTA,"9:00 PM, April 23, 2017",2017,Los Angeles Clippers,Utah Jazz,0,Jamal Crawford,31:27,9,13,.692,5,7,.714,2,2,1.000,1,0,1,2,1,0,2,5,25,+1,.901,.885,.538,.154,3.7,0.0,2.1,15.8,1.7,0.0,12.6,25.0,150,122
3067,201704230UTA,"9:00 PM, April 23, 2017",2017,Los Angeles Clippers,Utah Jazz,0,Raymond Felton,21:30,3,5,.600,2,2,1.000,3,3,1.000,0,1,1,0,3,0,0,1,11,-5,.870,.800,.400,.600,0.0,7.0,3.1,0.0,7.6,0.0,0.0,14.6,172,109
3068,201704230UTA,"9:00 PM, April 23, 2017",2017,Los Angeles Clippers,Utah Jazz,0,Paul Pierce,12:07,0,1,.000,0,1,.000,0,0,,0,1,1,0,0,0,0,1,0,+7,.000,.000,1.000,.000,0.0,12.4,5.4,0.0,0.0,0.0,0.0,4.1,0,125
3069,201704230UTA,"9:00 PM, April 23, 2017",2017,Los Angeles Clippers,Utah Jazz,0,Wesley Johnson,3:51,0,0,,0,0,,1,2,.500,0,0,0,0,0,0,0,1,1,-2,.568,,,,0.0,0.0,0.0,0.0,0.0,0.0,0.0,11.3,123,126
3070,201704230UTA,"9:00 PM, April 23, 2017",2017,Los Angeles Clippers,Utah Jazz,0,Brice Johnson,0:00,0.0,0.0,0.0,0.0,0.0,0.0,0.0,0.0,0.0,0.0,0.0,0.0,0.0,0.0,0.0,0.0,0.0,0.0,0.0,0.0,0.0,0.0,0.0,0.0,0.0,0.0,0.0,0.0,0.0,0.0,0.0,0.0,0.0
3071,201704230UTA,"9:00 PM, April 23, 2017",2017,Los Angeles Clippers,Utah Jazz,0,Diamond Stone,0:00,0.0,0.0,0.0,0.0,0.0,0.0,0.0,0.0,0.0,0.0,0.0,0.0,0.0,0.0,0.0,0.0,0.0,0.0,0.0,0.0,0.0,0.0,0.0,0.0,0.0,0.0,0.0,0.0,0.0,0.0,0.0,0.0,0.0
3072,201704230UTA,"9:00 PM, April 23, 2017",2017,Los Angeles Clippers,Utah Jazz,0,Brandon Bass,0:00,0.0,0.0,0.0,0.0,0.0,0.0,0.0,0.0,0.0,0.0,0.0,0.0,0.0,0.0,0.0,0.0,0.0,0.0,0.0,0.0,0.0,0.0,0.0,0.0,0.0,0.0,0.0,0.0,0.0,0.0,0.0,0.0,0.0
3073,201704230UTA,"9:00 PM, April 23, 2017",2017,Los Angeles Clippers,Utah Jazz,0,Alan Anderson,0:00,0.0,0.0,0.0,0.0,0.0,0.0,0.0,0.0,0.0,0.0,0.0,0.0,0.0,0.0,0.0,0.0,0.0,0.0,0.0,0.0,0.0,0.0,0.0,0.0,0.0,0.0,0.0,0.0,0.0,0.0,0.0,0.0,0.0
3074,201704230UTA,"9:00 PM, April 23, 2017",2017,Utah Jazz,Los Angeles Clippers,1,George Hill,40:44,4,11,.364,1,3,.333,4,5,.800,0,1,1,2,0,0,3,1,13,+14,.492,.409,.273,.455,0.0,2.9,1.6,6.7,0.0,0.0,18.5,20.0,89,119
3075,201704230UTA,"9:00 PM, April 23, 2017",2017,Utah Jazz,Los Angeles Clippers,1,Joe Ingles,37:55,3,6,.500,2,4,.500,0,0,,1,5,6,11,2,1,2,3,8,+13,.667,.667,.667,.000,4.0,15.4,10.4,38.5,2.9,2.9,25.0,10.6,140,108
3076,201704230UTA,"9:00 PM, April 23, 2017",2017,Utah Jazz,Los Angeles Clippers,1,Rudy Gobert,23:50,6,6,1.000,0,0,,3,4,.750,2,11,13,1,0,2,2,1,15,-5,.966,1.000,.000,.667,12.6,54.0,35.9,7.2,0.0,9.4,20.5,20.6,152,102
3077,201704230UTA,"9:00 PM, April 23, 2017",2017,Utah Jazz,Los Angeles Clippers,1,Boris Diaw,10:25,0,4,.000,0,3,.000,0,0,,1,1,2,1,1,0,2,1,0,+4,.000,.000,.750,.000,14.4,11.2,12.6,11.5,5.3,0.0,33.3,29.0,27,105
3078,201704230UTA,"9:00 PM, April 23, 2017",2017,Utah Jazz,Los Angeles Clippers,1,Gordon Hayward,9:12,1,3,.333,1,3,.333,0,0,,0,2,2,0,0,0,1,0,3,-4,.500,.500,1.000,.000,0.0,25.5,14.3,0.0,0.0,0.0,25.0,21.9,71,115
3079,201704230UTA,"9:00 PM, April 23, 2017",2017,Utah Jazz,Los Angeles Clippers,0,Rodney Hood,35:12,6,16,.375,3,5,.600,3,4,.750,1,3,4,1,1,0,0,4,18,-1,.507,.469,.313,.250,4.3,10.0,7.5,4.3,1.6,0.0,0.0,25.4,111,114
3080,201704230UTA,"9:00 PM, April 23, 2017",2017,Utah Jazz,Los Angeles Clippers,0,Joe Johnson,34:36,12,17,.706,2,3,.667,2,2,1.000,1,4,5,5,1,0,1,3,28,+6,.783,.765,.176,.118,4.3,13.5,9.5,29.7,1.6,0.0,5.3,27.5,154,113
3081,201704230UTA,"9:00 PM, April 23, 2017",2017,Utah Jazz,Los Angeles Clippers,0,Derrick Favors,24:12,7,10,.700,0,0,,3,6,.500,1,5,6,1,2,0,0,0,17,+12,.672,.700,.000,.600,6.2,24.2,16.3,7.6,4.5,0.0,0.0,26.3,139,105
3082,201704230UTA,"9:00 PM, April 23, 2017",2017,Utah Jazz,Los Angeles Clippers,0,Dante Exum,11:45,1,1,1.000,1,1,1.000,0,0,,0,0,0,1,0,0,0,1,3,+1,1.500,1.500,1.000,.000,0.0,0.0,0.0,11.4,0.0,0.0,0.0,4.3,273,119
3083,201704230UTA,"9:00 PM, April 23, 2017",2017,Utah Jazz,Los Angeles Clippers,0,Raul Neto,7:16,0,0,,0,0,,0,0,,0,3,3,1,0,0,1,2,0,-7,,,,,0.0,48.3,27.1,16.5,0.0,0.0,100.0,6.9,50,109
3084,201704230UTA,"9:00 PM, April 23, 2017",2017,Utah Jazz,Los Angeles Clippers,0,Shelvin Mack,4:54,0,0,,0,0,,0,0,,0,0,0,0,0,0,0,1,0,+2,,,,,0.0,0.0,0.0,0.0,0.0,0.0,,0.0,0,118
3085,201704230UTA,"9:00 PM, April 23, 2017",2017,Utah Jazz,Los Angeles Clippers,0,Trey Lyles,0:00,0.0,0.0,0.0,0.0,0.0,0.0,0.0,0.0,0.0,0.0,0.0,0.0,0.0,0.0,0.0,0.0,0.0,0.0,0.0,0.0,0.0,0.0,0.0,0.0,0.0,0.0,0.0,0.0,0.0,0.0,0.0,0.0,0.0
3086,201704230UTA,"9:00 PM, April 23, 2017",2017,Utah Jazz,Los Angeles Clippers,0,Joel Bolomboy,0:00,0.0,0.0,0.0,0.0,0.0,0.0,0.0,0.0,0.0,0.0,0.0,0.0,0.0,0.0,0.0,0.0,0.0,0.0,0.0,0.0,0.0,0.0,0.0,0.0,0.0,0.0,0.0,0.0,0.0,0.0,0.0,0.0,0.0
3087,201704240ATL,"8:00 PM, April 24, 2017",2017,Washington Wizards,Atlanta Hawks,1,John Wall,40:48,7,19,.368,2,5,.400,6,8,.750,0,5,5,10,2,0,6,2,22,-1,.488,.421,.263,.421,0.0,12.0,6.2,42.4,2.4,0.0,21.0,30.7,93,113
3088,201704240ATL,"8:00 PM, April 24, 2017",2017,Washington Wizards,Atlanta Hawks,1,Otto Porter,38:51,5,10,.500,1,3,.333,2,3,.667,1,3,4,0,1,2,0,1,13,-8,.574,.550,.300,.300,2.7,7.6,5.2,0.0,1.3,4.2,0.0,12.8,120,114
3089,201704240ATL,"8:00 PM, April 24, 2017",2017,Washington Wizards,Atlanta Hawks,1,Bradley Beal,38:48,11,23,.478,5,14,.357,5,5,1.000,0,5,5,2,2,0,1,4,32,+3,.635,.587,.609,.217,0.0,12.6,6.5,11.0,2.5,0.0,3.8,29.7,125,112
3090,201704240ATL,"8:00 PM, April 24, 2017",2017,Washington Wizards,Atlanta Hawks,1,Marcin Gortat,35:12,1,4,.250,0,0,,0,0,,4,14,18,3,0,3,1,5,2,-1,.250,.250,.000,.000,11.9,39.0,25.8,11.8,0.0,6.9,20.0,6.2,100,104
3091,201704240ATL,"8:00 PM, April 24, 2017",2017,Washington Wizards,Atlanta Hawks,1,Markieff Morris,23:52,3,10,.300,0,1,.000,3,4,.750,1,3,4,2,0,0,1,5,9,-10,.383,.300,.100,.400,4.4,12.3,8.5,13.4,0.0,0.0,7.8,23.5,86,118
3092,201704240ATL,"8:00 PM, April 24, 2017",2017,Washington Wizards,Atlanta Hawks,0,Jason Smith,24:10,2,4,.500,1,3,.333,0,0,,2,2,4,1,1,0,2,3,5,0,.625,.625,.750,.000,8.6,8.1,8.4,6.2,2.0,0.0,33.3,10.9,97,115
3093,201704240ATL,"8:00 PM, April 24, 2017",2017,Washington Wizards,Atlanta Hawks,0,Bojan Bogdanovic,17:31,5,9,.556,2,4,.500,1,1,1.000,1,2,3,0,1,0,1,1,13,-12,.689,.667,.444,.111,6.0,11.2,8.7,0.0,2.8,0.0,9.6,26.2,120,112
3094,201704240ATL,"8:00 PM, April 24, 2017",2017,Washington Wizards,Atlanta Hawks,0,Brandon Jennings,11:16,2,4,.500,0,1,.000,1,2,.500,0,1,1,1,0,0,0,1,5,-9,.512,.500,.250,.500,0.0,8.7,4.5,15.5,0.0,0.0,0.0,19.1,112,119
3095,201704240ATL,"8:00 PM, April 24, 2017",2017,Washington Wizards,Atlanta Hawks,0,Kelly Oubre,8:55,0,2,.000,0,1,.000,0,0,,0,2,2,0,0,0,2,3,0,-12,.000,.000,.500,.000,0.0,22.0,11.3,0.0,0.0,0.0,50.0,19.7,0,114
3096,201704240ATL,"8:00 PM, April 24, 2017",2017,Washington Wizards,Atlanta Hawks,0,Daniel Ochefu,0:12,0,0,,0,0,,0,0,,0,0,0,0,0,0,0,0,0,0,,,,,0.0,0.0,0.0,0.0,0.0,0.0,,0.0,0,122
3097,201704240ATL,"8:00 PM, April 24, 2017",2017,Washington Wizards,Atlanta Hawks,0,Tomas Satoransky,0:12,0,0,,0,0,,0,0,,0,0,0,0,0,0,0,0,0,,,,,,0.0,0.0,0.0,0.0,0.0,0.0,,0.0,0,122
3098,201704240ATL,"8:00 PM, April 24, 2017",2017,Washington Wizards,Atlanta Hawks,0,Sheldon Mac,0:12,0,0,,0,0,,0,0,,0,0,0,0,0,0,0,0,0,0,,,,,0.0,0.0,0.0,0.0,0.0,0.0,,0.0,0,122
3099,201704240ATL,"8:00 PM, April 24, 2017",2017,Washington Wizards,Atlanta Hawks,0,Trey Burke,0:00,0.0,0.0,0.0,0.0,0.0,0.0,0.0,0.0,0.0,0.0,0.0,0.0,0.0,0.0,0.0,0.0,0.0,0.0,0.0,0.0,0.0,0.0,0.0,0.0,0.0,0.0,0.0,0.0,0.0,0.0,0.0,0.0,0.0
3100,201704240ATL,"8:00 PM, April 24, 2017",2017,Atlanta Hawks,Washington Wizards,1,Paul Millsap,36:05,6,15,.400,1,4,.250,6,8,.750,1,8,9,7,2,0,3,3,19,+6,.513,.433,.267,.533,2.7,23.1,12.6,29.1,2.7,0.0,13.9,25.3,107,98
3101,201704240ATL,"8:00 PM, April 24, 2017",2017,Atlanta Hawks,Washington Wizards,1,Taurean Waller-Prince,32:27,5,7,.714,0,1,.000,1,1,1.000,1,6,7,1,0,0,1,2,11,+4,.739,.714,.143,.143,3.0,19.3,10.9,4.5,0.0,0.0,11.8,11.0,133,106
3102,201704240ATL,"8:00 PM, April 24, 2017",2017,Atlanta Hawks,Washington Wizards,1,Tim Hardaway,30:51,6,12,.500,3,5,.600,0,1,.000,1,1,2,1,2,0,3,3,15,+5,.603,.625,.417,.083,3.2,3.4,3.3,5.1,3.2,0.0,19.4,21.3,95,103
3103,201704240ATL,"8:00 PM, April 24, 2017",2017,Atlanta Hawks,Washington Wizards,1,Dwight Howard,30:19,6,14,.429,0,0,,4,5,.800,4,11,15,1,0,1,0,3,16,+8,.494,.429,.000,.357,12.9,37.9,25.0,5.2,0.0,3.0,0.0,22.7,118,98
3104,201704240ATL,"8:00 PM, April 24, 2017",2017,Atlanta Hawks,Washington Wizards,1,Dennis Schroder,28:21,6,15,.400,2,6,.333,4,4,1.000,0,3,3,1,0,0,1,3,18,-13,.537,.467,.400,.267,0.0,11.0,5.3,5.7,0.0,0.0,5.6,26.6,108,108
3105,201704240ATL,"8:00 PM, April 24, 2017",2017,Atlanta Hawks,Washington Wizards,0,Kent Bazemore,23:31,5,12,.417,3,8,.375,3,4,.750,0,4,4,7,3,0,1,1,16,+13,.581,.542,.667,.333,0.0,17.7,8.6,48.0,6.2,0.0,6.8,26.7,128,92
3106,201704240ATL,"8:00 PM, April 24, 2017",2017,Atlanta Hawks,Washington Wizards,0,Ersan Ilyasova,21:43,2,3,.667,1,1,1.000,1,2,.500,2,3,5,1,0,0,0,2,6,+11,.773,.833,.333,.667,9.0,14.4,11.6,6.2,0.0,0.0,0.0,7.6,169,107
3107,201704240ATL,"8:00 PM, April 24, 2017",2017,Atlanta Hawks,Washington Wizards,0,Jose Calderon,20:01,4,9,.444,2,5,.400,0,0,,2,0,2,5,0,0,1,3,10,+29,.556,.556,.556,.000,9.8,0.0,5.0,39.4,0.0,0.0,10.0,21.2,125,111
3108,201704240ATL,"8:00 PM, April 24, 2017",2017,Atlanta Hawks,Washington Wizards,0,Mike Muscala,7:53,0,2,.000,0,1,.000,0,0,,0,0,0,0,0,0,0,0,0,-5,.000,.000,.500,.000,0.0,0.0,0.0,0.0,0.0,0.0,0.0,10.8,0,111
3109,201704240ATL,"8:00 PM, April 24, 2017",2017,Atlanta Hawks,Washington Wizards,0,Mike Dunleavy,7:26,0,1,.000,0,0,,0,0,,1,1,2,0,0,0,2,0,0,0,.000,.000,.000,.000,13.2,14.0,13.6,0.0,0.0,0.0,66.7,17.1,23,107
3110,201704240ATL,"8:00 PM, April 24, 2017",2017,Atlanta Hawks,Washington Wizards,0,Thabo Sefolosha,1:24,0,0,,0,0,,0,0,,0,0,0,0,0,0,0,0,0,-8,,,,,0.0,0.0,0.0,0.0,0.0,0.0,,0.0,0,111
3111,201704240ATL,"8:00 PM, April 24, 2017",2017,Atlanta Hawks,Washington Wizards,0,Kris Humphries,0:00,0.0,0.0,0.0,0.0,0.0,0.0,0.0,0.0,0.0,0.0,0.0,0.0,0.0,0.0,0.0,0.0,0.0,0.0,0.0,0.0,0.0,0.0,0.0,0.0,0.0,0.0,0.0,0.0,0.0,0.0,0.0,0.0,0.0
3112,201704240ATL,"8:00 PM, April 24, 2017",2017,Atlanta Hawks,Washington Wizards,0,Malcolm Delaney,0:00,0.0,0.0,0.0,0.0,0.0,0.0,0.0,0.0,0.0,0.0,0.0,0.0,0.0,0.0,0.0,0.0,0.0,0.0,0.0,0.0,0.0,0.0,0.0,0.0,0.0,0.0,0.0,0.0,0.0,0.0,0.0,0.0,0.0
3113,201704240POR,"10:30 PM, April 24, 2017",2017,Golden State Warriors,Portland Trail Blazers,1,Draymond Green,33:24,7,11,.636,5,8,.625,2,4,.500,0,6,6,4,2,3,2,2,21,+38,.823,.864,.727,.364,0.0,18.7,10.3,16.0,2.9,9.4,13.6,19.7,139,96
3114,201704240POR,"10:30 PM, April 24, 2017",2017,Golden State Warriors,Portland Trail Blazers,1,Klay Thompson,30:25,6,13,.462,3,5,.600,3,4,.750,0,2,2,1,0,0,0,0,18,+36,.610,.577,.385,.308,0.0,6.9,3.8,4.3,0.0,0.0,0.0,21.6,123,113
3115,201704240POR,"10:30 PM, April 24, 2017",2017,Golden State Warriors,Portland Trail Blazers,1,Stephen Curry,29:43,12,20,.600,7,11,.636,6,7,.857,2,5,7,8,1,0,4,0,37,+29,.802,.775,.550,.350,8.5,17.6,13.5,48.5,1.6,0.0,14.8,40.5,143,106
3116,201704240POR,"10:30 PM, April 24, 2017",2017,Golden State Warriors,Portland Trail Blazers,1,Kevin Durant,20:22,4,7,.571,2,2,1.000,0,0,,0,3,3,2,1,2,3,0,10,+25,.714,.714,.286,.000,0.0,15.4,8.4,12.9,2.4,10.2,30.0,21.8,98,98
3117,201704240POR,"10:30 PM, April 24, 2017",2017,Golden State Warriors,Portland Trail Blazers,1,Zaza Pachulia,18:49,4,6,.667,0,0,,3,3,1.000,0,7,7,1,1,0,0,2,11,+32,.751,.667,.000,.500,0.0,38.8,21.3,7.1,2.6,0.0,0.0,17.3,157,99
3118,201704240POR,"10:30 PM, April 24, 2017",2017,Golden State Warriors,Portland Trail Blazers,0,Andre Iguodala,23:47,2,5,.400,0,1,.000,1,2,.500,0,5,5,5,0,0,0,1,5,+1,.425,.400,.200,.400,0.0,21.9,12.0,24.0,0.0,0.0,0.0,11.0,124,109
3119,201704240POR,"10:30 PM, April 24, 2017",2017,Golden State Warriors,Portland Trail Blazers,0,Ian Clark,21:23,1,5,.200,0,0,,2,2,1.000,0,4,4,1,0,0,1,0,4,-7,.340,.200,.000,.400,0.0,19.5,10.7,5.1,0.0,0.0,14.5,14.3,71,110
3120,201704240POR,"10:30 PM, April 24, 2017",2017,Golden State Warriors,Portland Trail Blazers,0,Patrick McCaw,19:24,0,3,.000,0,1,.000,0,0,,1,2,3,1,0,0,0,1,0,-10,.000,.000,.333,.000,6.5,10.8,8.8,5.4,0.0,0.0,0.0,6.9,54,112
3121,201704240POR,"10:30 PM, April 24, 2017",2017,Golden State Warriors,Portland Trail Blazers,0,David West,16:20,5,6,.833,0,0,,2,2,1.000,0,2,2,4,2,0,0,2,12,-3,.872,.833,.000,.333,0.0,12.8,7.0,37.5,5.9,0.0,0.0,18.7,188,97
3122,201704240POR,"10:30 PM, April 24, 2017",2017,Golden State Warriors,Portland Trail Blazers,0,James Michael McAdoo,10:27,2,3,.667,0,1,.000,0,2,.000,1,1,2,0,0,0,0,1,4,-7,.515,.667,.333,.667,12.1,10.0,10.9,0.0,0.0,0.0,0.0,16.5,111,112
3123,201704240POR,"10:30 PM, April 24, 2017",2017,Golden State Warriors,Portland Trail Blazers,0,JaVale McGee,9:46,2,4,.500,0,0,,0,1,.000,1,2,3,0,0,3,0,4,4,-3,.450,.500,.000,.250,12.9,21.4,17.6,0.0,0.0,32.1,0.0,20.2,102,85
3124,201704240POR,"10:30 PM, April 24, 2017",2017,Golden State Warriors,Portland Trail Blazers,0,Damian Jones,6:12,1,3,.333,0,0,,0,0,,1,0,1,0,0,1,0,2,2,-6,.333,.333,.000,.000,20.4,0.0,9.2,0.0,0.0,16.8,0.0,21.5,92,102
3125,201704240POR,"10:30 PM, April 24, 2017",2017,Portland Trail Blazers,Golden State Warriors,1,Damian Lillard,41:48,12,24,.500,2,6,.333,8,9,.889,1,0,1,6,1,0,4,4,34,-31,.608,.542,.250,.375,2.5,0.0,1.4,35.8,1.2,0.0,12.5,33.7,116,132
3126,201704240POR,"10:30 PM, April 24, 2017",2017,Portland Trail Blazers,Golden State Warriors,1,CJ McCollum,30:35,2,12,.167,0,4,.000,2,2,1.000,0,5,5,1,0,1,2,3,6,-29,.233,.167,.333,.167,0.0,20.7,9.3,5.3,0.0,2.8,13.4,21.5,47,130
3127,201704240POR,"10:30 PM, April 24, 2017",2017,Portland Trail Blazers,Golden State Warriors,1,Evan Turner,20:58,2,7,.286,1,4,.250,2,2,1.000,0,2,2,1,3,0,1,0,7,-27,.444,.357,.571,.286,0.0,12.0,5.5,8.1,6.9,0.0,11.3,18.7,86,118
3128,201704240POR,"10:30 PM, April 24, 2017",2017,Portland Trail Blazers,Golden State Warriors,1,Maurice Harkless,15:02,0,3,.000,0,1,.000,2,2,1.000,1,0,1,0,1,0,0,2,2,-13,.258,.000,.333,.667,6.9,0.0,3.8,0.0,3.2,0.0,0.0,11.4,74,127
3129,201704240POR,"10:30 PM, April 24, 2017",2017,Portland Trail Blazers,Golden State Warriors,1,Meyers Leonard,10:25,0,2,.000,0,2,.000,0,0,,0,3,3,0,0,0,1,2,0,-14,.000,.000,1.000,.000,0.0,36.4,16.5,0.0,0.0,0.0,33.3,12.7,0,130
3130,201704240POR,"10:30 PM, April 24, 2017",2017,Portland Trail Blazers,Golden State Warriors,0,Al-Farouq Aminu,34:32,7,12,.583,5,9,.556,6,8,.750,2,5,7,1,2,1,3,3,25,-10,.805,.792,.750,.667,6.0,18.3,11.6,6.0,2.8,2.4,16.2,23.7,135,124
3131,201704240POR,"10:30 PM, April 24, 2017",2017,Portland Trail Blazers,Golden State Warriors,0,Noah Vonleh,32:32,1,2,.500,0,0,,1,2,.500,2,12,14,0,0,1,0,2,3,-7,.521,.500,.000,1.000,6.4,46.6,24.6,0.0,0.0,2.6,0.0,3.9,134,127
3132,201704240POR,"10:30 PM, April 24, 2017",2017,Portland Trail Blazers,Golden State Warriors,0,Allen Crabbe,24:04,3,6,.500,1,3,.333,0,0,,0,3,3,0,0,0,0,1,7,-7,.583,.583,.500,.000,0.0,15.7,7.1,0.0,0.0,0.0,0.0,11.0,115,133
3133,201704240POR,"10:30 PM, April 24, 2017",2017,Portland Trail Blazers,Golden State Warriors,0,Shabazz Napier,16:57,4,11,.364,3,7,.429,3,4,.750,1,1,2,2,0,0,0,3,14,+6,.549,.500,.636,.364,6.2,7.5,6.7,26.1,0.0,0.0,0.0,33.2,121,133
3134,201704240POR,"10:30 PM, April 24, 2017",2017,Portland Trail Blazers,Golden State Warriors,0,Jake Layman,5:34,1,3,.333,1,1,1.000,0,0,,0,0,0,0,0,0,0,0,3,+3,.500,.500,.500,.000,0.0,22.7,10.3,70.7,0.0,0.0,0.0,15.9,132,132
3135,201704240POR,"10:30 PM, April 24, 2017",2017,Portland Trail Blazers,Golden State Warriors,0,Pat Connaughton,5:34,1,2,.500,0,1,.000,0,0,,0,1,1,2,0,0,0,0,2,+3,.500,.500,.333,.000,0.0,0.0,0.0,0.0,0.0,0.0,0.0,23.8,98,135
3136,201704240POR,"10:30 PM, April 24, 2017",2017,Portland Trail Blazers,Golden State Warriors,0,Tim Quarterman,1:59,0,1,.000,0,1,.000,0,0,,0,0,0,1,0,0,0,0,0,+1,.000,.000,1.000,.000,0.0,0.0,0.0,73.3,0.0,0.0,0.0,22.3,50,135
3137,201704240TOR,"7:00 PM, April 24, 2017",2017,Milwaukee Bucks,Toronto Raptors,1,Giannis Antetokounmpo,40:47,12,18,.667,0,0,,6,9,.667,0,8,8,3,3,3,2,5,30,-24,.683,.667,.000,.500,0.0,36.2,15.2,17.8,3.8,8.0,8.3,30.2,123,120
3138,201704240TOR,"7:00 PM, April 24, 2017",2017,Milwaukee Bucks,Toronto Raptors,1,Tony Snell,35:53,3,5,.600,3,4,.750,0,0,,0,0,0,2,0,0,0,2,9,-18,.900,.900,.800,.000,0.0,0.0,0.0,8.9,0.0,0.0,0.0,7.2,163,138
3139,201704240TOR,"7:00 PM, April 24, 2017",2017,Milwaukee Bucks,Toronto Raptors,1,Khris Middleton,35:52,3,8,.375,0,2,.000,2,2,1.000,0,3,3,6,5,0,1,3,8,-10,.450,.375,.250,.250,0.0,15.4,6.5,26.8,7.3,0.0,10.1,14.2,104,120
3140,201704240TOR,"7:00 PM, April 24, 2017",2017,Milwaukee Bucks,Toronto Raptors,1,Malcolm Brogdon,33:29,7,11,.636,5,7,.714,0,0,,0,2,2,3,1,0,2,5,19,-8,.864,.864,.636,.000,0.0,11.0,4.6,17.9,1.6,0.0,15.4,19.9,130,133
3141,201704240TOR,"7:00 PM, April 24, 2017",2017,Milwaukee Bucks,Toronto Raptors,1,Thon Maker,22:56,2,7,.286,0,3,.000,2,4,.500,1,4,5,2,1,1,2,3,6,-10,.342,.286,.429,.571,5.8,32.2,16.9,14.0,2.3,4.8,18.6,24.1,71,126
3142,201704240TOR,"7:00 PM, April 24, 2017",2017,Milwaukee Bucks,Toronto Raptors,0,Greg Monroe,22:18,4,6,.667,0,0,,3,4,.750,0,2,2,2,1,0,4,2,11,-13,.709,.667,.000,.667,0.0,16.6,6.9,17.0,2.3,0.0,34.0,27.1,93,131
3143,201704240TOR,"7:00 PM, April 24, 2017",2017,Milwaukee Bucks,Toronto Raptors,0,Matthew Dellavedova,22:07,1,4,.250,1,3,.333,1,2,.500,0,1,1,2,0,0,1,1,4,-21,.410,.375,.750,.500,0.0,8.3,3.5,13.6,0.0,0.0,17.0,13.7,80,137
3144,201704240TOR,"7:00 PM, April 24, 2017",2017,Milwaukee Bucks,Toronto Raptors,0,Mirza Teletovic,8:45,1,2,.500,1,2,.500,0,0,,0,1,1,0,1,0,1,0,3,-10,.750,.750,1.000,.000,0.0,21.1,8.8,0.0,6.0,0.0,33.3,17.6,79,122
3145,201704240TOR,"7:00 PM, April 24, 2017",2017,Milwaukee Bucks,Toronto Raptors,0,Michael Beasley,7:13,0,2,.000,0,0,,0,4,.000,0,0,0,0,1,0,0,0,0,-1,.000,.000,.000,2.000,0.0,0.0,0.0,0.0,7.2,0.0,0.0,26.8,0,121
3146,201704240TOR,"7:00 PM, April 24, 2017",2017,Milwaukee Bucks,Toronto Raptors,0,Jason Terry,5:08,0,1,.000,0,1,.000,0,0,,0,0,0,2,0,0,1,2,0,-6,.000,.000,1.000,.000,0.0,0.0,0.0,55.0,0.0,0.0,50.0,20.0,53,138
3147,201704240TOR,"7:00 PM, April 24, 2017",2017,Milwaukee Bucks,Toronto Raptors,0,John Henson,2:46,1,2,.500,0,0,,1,1,1.000,0,0,0,0,0,0,1,0,3,-2,.000,.000,.000,.000,0.0,0.0,0.0,0.0,0.0,0.0,0.0,18.6,0,138
3148,201704240TOR,"7:00 PM, April 24, 2017",2017,Milwaukee Bucks,Toronto Raptors,0,Rashad Vaughn,2:46,0,1,.000,0,0,,0,0,,0,0,0,0,0,0,0,0,0,-2,.615,.500,.000,.500,0.0,0.0,0.0,0.0,0.0,0.0,29.1,63.9,80,138
3149,201704240TOR,"7:00 PM, April 24, 2017",2017,Milwaukee Bucks,Toronto Raptors,0,Spencer Hawes,0:00,0.0,0.0,0.0,0.0,0.0,0.0,0.0,0.0,0.0,0.0,0.0,0.0,0.0,0.0,0.0,0.0,0.0,0.0,0.0,0.0,0.0,0.0,0.0,0.0,0.0,0.0,0.0,0.0,0.0,0.0,0.0,0.0,0.0
3150,201704240TOR,"7:00 PM, April 24, 2017",2017,Toronto Raptors,Milwaukee Bucks,1,Kyle Lowry,36:25,4,9,.444,2,4,.500,6,6,1.000,0,3,3,10,2,0,2,4,16,+29,.687,.556,.444,.667,0.0,11.0,6.4,36.9,2.9,0.0,14.7,18.1,144,103
3151,201704240TOR,"7:00 PM, April 24, 2017",2017,Toronto Raptors,Milwaukee Bucks,1,Norman Powell,34:24,8,11,.727,4,4,1.000,5,5,1.000,0,4,4,4,3,1,4,3,25,+23,.947,.909,.364,.455,0.0,15.5,9.0,18.7,4.6,3.1,23.3,24.1,140,96
3152,201704240TOR,"7:00 PM, April 24, 2017",2017,Toronto Raptors,Milwaukee Bucks,1,DeMar DeRozan,33:24,7,14,.500,1,3,.333,3,4,.750,1,2,3,6,1,0,4,3,18,+18,.571,.536,.214,.286,5.5,8.0,7.0,27.9,1.6,0.0,20.2,28.6,107,106
3153,201704240TOR,"7:00 PM, April 24, 2017",2017,Toronto Raptors,Milwaukee Bucks,1,Serge Ibaka,24:41,8,10,.800,1,3,.333,2,2,1.000,0,6,6,3,1,3,2,4,19,+8,.873,.850,.300,.200,0.0,32.4,18.8,22.9,2.1,13.0,15.5,25.2,144,90
3154,201704240TOR,"7:00 PM, April 24, 2017",2017,Toronto Raptors,Milwaukee Bucks,1,DeMarre Carroll,21:47,4,6,.667,1,3,.333,3,3,1.000,2,4,6,0,2,0,1,2,12,+11,.820,.750,.500,.500,17.0,24.5,21.3,0.0,4.8,0.0,12.0,18.4,149,98
3155,201704240TOR,"7:00 PM, April 24, 2017",2017,Toronto Raptors,Milwaukee Bucks,0,P.J. Tucker,24:18,0,3,.000,0,2,.000,2,2,1.000,1,5,6,2,0,0,1,1,2,+12,.258,.000,.667,.667,7.6,27.4,19.1,9.6,0.0,0.0,20.5,9.7,84,109
3156,201704240TOR,"7:00 PM, April 24, 2017",2017,Toronto Raptors,Milwaukee Bucks,0,Jonas Valanciunas,21:24,3,5,.600,0,0,,2,3,.667,0,7,7,1,0,2,1,3,8,+15,.633,.600,.000,.600,0.0,43.6,25.3,6.5,0.0,10.0,13.7,16.5,113,98
3157,201704240TOR,"7:00 PM, April 24, 2017",2017,Toronto Raptors,Milwaukee Bucks,0,Cory Joseph,20:03,4,8,.500,1,4,.250,1,1,1.000,1,2,3,1,1,0,1,2,10,+1,.592,.563,.500,.125,9.2,13.3,11.6,7.6,2.6,0.0,10.6,22.7,113,103
3158,201704240TOR,"7:00 PM, April 24, 2017",2017,Toronto Raptors,Milwaukee Bucks,0,Patrick Patterson,14:24,2,4,.500,1,3,.333,0,0,,0,0,0,0,0,0,0,0,5,0,.625,.625,.750,.000,0.0,0.0,0.0,0.0,0.0,0.0,0.0,13.4,119,110
3159,201704240TOR,"7:00 PM, April 24, 2017",2017,Toronto Raptors,Milwaukee Bucks,0,Delon Wright,2:46,0,0,,0,0,,0,0,,0,0,0,0,0,0,1,1,0,+2,,,,,0.0,0.0,0.0,0.0,0.0,0.0,100.0,17.4,0,107
3160,201704240TOR,"7:00 PM, April 24, 2017",2017,Toronto Raptors,Milwaukee Bucks,0,Fred VanVleet,2:34,1,1,1.000,1,1,1.000,0,0,,0,0,0,1,0,0,0,0,3,+2,1.500,1.500,1.000,.000,0.0,0.0,0.0,83.9,0.0,0.0,0.0,18.8,276,110
3161,201704240TOR,"7:00 PM, April 24, 2017",2017,Toronto Raptors,Milwaukee Bucks,0,Jakob Poeltl,1:55,0,0,,0,0,,0,0,,0,0,0,0,0,0,0,0,0,+2,,,,,0.0,100.0,80.8,0.0,0.0,0.0,,0.0,0,102
3162,201704240TOR,"7:00 PM, April 24, 2017",2017,Toronto Raptors,Milwaukee Bucks,0,Lucas Nogueira,1:55,0,0,,0,0,,0,0,,0,2,2,0,0,0,0,1,0,+2,,,,,0.0,0.0,0.0,0.0,0.0,0.0,,0.0,0,110
3163,201704250HOU,"8:00 PM, April 25, 2017",2017,Oklahoma City Thunder,Houston Rockets,1,Russell Westbrook,41:52,15,34,.441,5,18,.278,12,17,.706,5,6,11,9,0,0,7,5,47,+12,.567,.515,.529,.500,10.4,16.8,13.1,58.0,0.0,0.0,14.4,47.6,114,114
3164,201704250HOU,"8:00 PM, April 25, 2017",2017,Oklahoma City Thunder,Houston Rockets,1,Steven Adams,39:02,3,4,.750,0,0,,1,2,.500,6,3,9,1,2,4,1,4,7,+10,.717,.750,.000,.500,13.4,9.0,11.5,3.9,2.6,10.9,17.0,6.2,142,105
3165,201704250HOU,"8:00 PM, April 25, 2017",2017,Oklahoma City Thunder,Houston Rockets,1,Andre Roberson,37:00,1,7,.143,0,3,.000,1,4,.250,3,2,5,4,4,3,2,5,3,+4,.171,.143,.429,.571,7.1,6.3,6.8,15.4,5.4,8.6,18.6,12.0,62,101
3166,201704250HOU,"8:00 PM, April 25, 2017",2017,Oklahoma City Thunder,Houston Rockets,1,Victor Oladipo,33:30,4,17,.235,2,6,.333,0,0,,0,6,6,0,1,0,2,3,10,-2,.294,.294,.353,.000,0.0,21.0,9.0,0.0,1.5,0.0,10.5,23.3,61,109
3167,201704250HOU,"8:00 PM, April 25, 2017",2017,Oklahoma City Thunder,Houston Rockets,1,Taj Gibson,24:59,4,7,.571,0,0,,2,2,1.000,1,7,8,0,0,0,1,3,10,+13,.635,.571,.000,.286,3.5,32.8,16.0,0.0,0.0,0.0,11.3,14.6,121,109
3168,201704250HOU,"8:00 PM, April 25, 2017",2017,Oklahoma City Thunder,Houston Rockets,0,Jerami Grant,23:52,4,8,.500,1,3,.333,2,2,1.000,3,2,5,1,0,0,0,0,11,-24,.619,.563,.375,.250,11.0,9.8,10.5,7.5,0.0,0.0,0.0,15.3,147,116
3169,201704250HOU,"8:00 PM, April 25, 2017",2017,Oklahoma City Thunder,Houston Rockets,0,Alex Abrines,22:25,4,11,.364,2,7,.286,1,2,.500,0,3,3,0,0,0,0,4,11,-23,.463,.455,.636,.182,0.0,15.7,6.7,0.0,0.0,0.0,0.0,21.8,104,114
3170,201704250HOU,"8:00 PM, April 25, 2017",2017,Oklahoma City Thunder,Houston Rockets,0,Doug McDermott,13:57,0,1,.000,0,1,.000,0,0,,0,2,2,1,0,0,0,1,0,-12,.000,.000,1.000,.000,0.0,16.8,7.2,9.8,0.0,0.0,0.0,2.9,54,114
3171,201704250HOU,"8:00 PM, April 25, 2017",2017,Oklahoma City Thunder,Houston Rockets,0,Enes Kanter,3:22,0,2,.000,0,0,,0,0,,0,0,0,0,0,0,0,2,0,-6,.000,.000,.000,.000,0.0,0.0,0.0,0.0,0.0,0.0,0.0,24.4,0,118
3172,201704250HOU,"8:00 PM, April 25, 2017",2017,Oklahoma City Thunder,Houston Rockets,0,Norris Cole,0:02,0,0,,0,0,,0,0,,0,0,0,0,0,0,0,0,0,-2,,,,,0.0,0.0,0.0,0.0,0.0,0.0,,0.0,0,119
3173,201704250HOU,"8:00 PM, April 25, 2017",2017,Oklahoma City Thunder,Houston Rockets,0,Nick Collison,0:00,0.0,0.0,0.0,0.0,0.0,0.0,0.0,0.0,0.0,0.0,0.0,0.0,0.0,0.0,0.0,0.0,0.0,0.0,0.0,0.0,0.0,0.0,0.0,0.0,0.0,0.0,0.0,0.0,0.0,0.0,0.0,0.0,0.0
3174,201704250HOU,"8:00 PM, April 25, 2017",2017,Oklahoma City Thunder,Houston Rockets,0,Kyle Singler,0:00,0.0,0.0,0.0,0.0,0.0,0.0,0.0,0.0,0.0,0.0,0.0,0.0,0.0,0.0,0.0,0.0,0.0,0.0,0.0,0.0,0.0,0.0,0.0,0.0,0.0,0.0,0.0,0.0,0.0,0.0,0.0,0.0,0.0
3175,201704250HOU,"8:00 PM, April 25, 2017",2017,Oklahoma City Thunder,Houston Rockets,0,Domantas Sabonis,0:00,0.0,0.0,0.0,0.0,0.0,0.0,0.0,0.0,0.0,0.0,0.0,0.0,0.0,0.0,0.0,0.0,0.0,0.0,0.0,0.0,0.0,0.0,0.0,0.0,0.0,0.0,0.0,0.0,0.0,0.0,0.0,0.0,0.0
3176,201704250HOU,"8:00 PM, April 25, 2017",2017,Houston Rockets,Oklahoma City Thunder,1,James Harden,37:45,8,25,.320,2,13,.154,16,17,.941,1,7,8,4,3,2,5,4,34,-6,.523,.360,.520,.680,3.1,16.2,10.6,22.3,4.0,4.8,13.3,42.9,104,94
3177,201704250HOU,"8:00 PM, April 25, 2017",2017,Houston Rockets,Oklahoma City Thunder,1,Trevor Ariza,35:39,1,6,.167,0,5,.000,0,0,,1,1,2,2,0,0,0,5,2,-8,.167,.167,.833,.000,3.3,2.4,2.8,8.5,0.0,0.0,0.0,7.3,64,113
3178,201704250HOU,"8:00 PM, April 25, 2017",2017,Houston Rockets,Oklahoma City Thunder,1,Patrick Beverley,26:39,6,10,.600,1,1,1.000,2,2,1.000,5,3,8,3,1,0,2,4,15,+10,.689,.650,.100,.200,22.0,9.8,15.0,24.3,1.9,0.0,15.5,20.9,135,104
3179,201704250HOU,"8:00 PM, April 25, 2017",2017,Houston Rockets,Oklahoma City Thunder,1,Ryan Anderson,23:30,1,6,.167,0,3,.000,0,0,,0,2,2,1,0,0,0,1,2,+11,.167,.167,.500,.000,0.0,7.4,4.3,6.6,0.0,0.0,0.0,11.0,47,111
3180,201704250HOU,"8:00 PM, April 25, 2017",2017,Houston Rockets,Oklahoma City Thunder,1,Clint Capela,22:11,2,3,.667,0,0,,4,6,.667,3,6,9,0,1,4,1,3,8,+7,.709,.667,.000,2.000,15.8,23.6,20.3,0.0,2.2,16.3,15.1,12.9,137,89
3181,201704250HOU,"8:00 PM, April 25, 2017",2017,Houston Rockets,Oklahoma City Thunder,0,Eric Gordon,35:06,3,10,.300,1,8,.125,1,2,.500,0,6,6,2,0,0,0,2,8,+1,.368,.350,.800,.200,0.0,14.9,8.5,9.5,0.0,0.0,0.0,13.4,89,106
3182,201704250HOU,"8:00 PM, April 25, 2017",2017,Houston Rockets,Oklahoma City Thunder,0,Lou Williams,33:22,7,14,.500,2,6,.333,6,6,1.000,0,5,5,1,1,0,1,1,22,+16,.661,.571,.429,.429,0.0,13.1,7.5,6.3,1.5,0.0,5.7,22.8,133,104
3183,201704250HOU,"8:00 PM, April 25, 2017",2017,Houston Rockets,Oklahoma City Thunder,0,Nene Hilario,25:49,5,8,.625,0,1,.000,4,6,.667,0,7,7,0,1,0,3,3,14,-1,.658,.625,.125,.750,0.0,23.7,13.6,0.0,1.9,0.0,22.0,22.8,102,97
3184,201704250HOU,"8:00 PM, April 25, 2017",2017,Houston Rockets,Oklahoma City Thunder,0,Montrezl Harrell,0:00,0.0,0.0,0.0,0.0,0.0,0.0,0.0,0.0,0.0,0.0,0.0,0.0,0.0,0.0,0.0,0.0,0.0,0.0,0.0,0.0,0.0,0.0,0.0,0.0,0.0,0.0,0.0,0.0,0.0,0.0,0.0,0.0,0.0
3185,201704250HOU,"8:00 PM, April 25, 2017",2017,Houston Rockets,Oklahoma City Thunder,0,Troy Williams,0:00,0.0,0.0,0.0,0.0,0.0,0.0,0.0,0.0,0.0,0.0,0.0,0.0,0.0,0.0,0.0,0.0,0.0,0.0,0.0,0.0,0.0,0.0,0.0,0.0,0.0,0.0,0.0,0.0,0.0,0.0,0.0,0.0,0.0
3186,201704250HOU,"8:00 PM, April 25, 2017",2017,Houston Rockets,Oklahoma City Thunder,0,Bobby Brown,0:00,0.0,0.0,0.0,0.0,0.0,0.0,0.0,0.0,0.0,0.0,0.0,0.0,0.0,0.0,0.0,0.0,0.0,0.0,0.0,0.0,0.0,0.0,0.0,0.0,0.0,0.0,0.0,0.0,0.0,0.0,0.0,0.0,0.0
3187,201704250LAC,"10:30 PM, April 25, 2017",2017,Utah Jazz,Los Angeles Clippers,1,Gordon Hayward,40:46,9,16,.563,4,8,.500,5,5,1.000,3,5,8,4,2,0,1,4,27,-1,.742,.688,.500,.313,9.3,15.1,12.2,19.3,2.6,0.0,5.2,22.6,148,103
3188,201704250LAC,"10:30 PM, April 25, 2017",2017,Utah Jazz,Los Angeles Clippers,1,Rudy Gobert,35:53,4,8,.500,0,0,,3,6,.500,2,9,11,1,5,1,2,5,11,+6,.517,.500,.000,.750,7.0,30.9,19.1,4.5,7.4,2.9,15.8,16.9,96,88
3189,201704250LAC,"10:30 PM, April 25, 2017",2017,Utah Jazz,Los Angeles Clippers,1,George Hill,35:46,3,12,.250,1,7,.143,5,5,1.000,1,4,5,7,0,0,2,3,12,+3,.423,.292,.583,.417,3.5,13.8,8.7,30.3,0.0,0.0,12.3,21.7,100,109
3190,201704250LAC,"10:30 PM, April 25, 2017",2017,Utah Jazz,Los Angeles Clippers,1,Joe Ingles,29:02,0,4,.000,0,4,.000,0,0,,0,3,3,4,0,1,0,2,0,-1,.000,.000,1.000,.000,0.0,12.7,6.4,18.9,0.0,3.6,0.0,6.6,57,106
3191,201704250LAC,"10:30 PM, April 25, 2017",2017,Utah Jazz,Los Angeles Clippers,1,Boris Diaw,14:20,4,6,.667,2,2,1.000,0,0,,0,0,0,3,0,0,2,1,10,+1,.833,.833,.333,.000,0.0,0.0,0.0,46.5,0.0,0.0,25.0,26.8,119,111
3192,201704250LAC,"10:30 PM, April 25, 2017",2017,Utah Jazz,Los Angeles Clippers,0,Joe Johnson,30:51,6,14,.429,2,5,.400,0,0,,1,7,8,3,1,0,1,1,14,+1,.500,.500,.357,.000,4.1,27.9,16.2,18.2,1.7,0.0,6.7,23.3,101,104
3193,201704250LAC,"10:30 PM, April 25, 2017",2017,Utah Jazz,Los Angeles Clippers,0,Rodney Hood,29:17,6,17,.353,4,10,.400,0,0,,0,5,5,2,1,0,2,2,16,+7,.471,.471,.588,.000,0.0,21.0,10.6,13.0,1.8,0.0,10.5,31.1,84,104
3194,201704250LAC,"10:30 PM, April 25, 2017",2017,Utah Jazz,Los Angeles Clippers,0,Derrick Favors,11:52,2,3,.667,0,0,,0,0,,0,2,2,0,1,1,1,4,4,-3,.667,.667,.000,.000,0.0,20.7,10.5,0.0,4.5,8.8,25.0,16.2,85,89
3195,201704250LAC,"10:30 PM, April 25, 2017",2017,Utah Jazz,Los Angeles Clippers,0,Raul Neto,8:08,1,1,1.000,0,0,,0,0,,0,1,1,1,0,1,1,2,2,+5,1.000,1.000,.000,.000,0.0,15.1,7.7,20.3,0.0,12.8,50.0,11.8,98,96
3196,201704250LAC,"10:30 PM, April 25, 2017",2017,Utah Jazz,Los Angeles Clippers,0,Dante Exum,4:05,0,0,,0,0,,0,0,,0,0,0,0,0,0,0,0,0,+2,,,,,0.0,0.0,0.0,0.0,0.0,0.0,,0.0,0,111
3197,201704250LAC,"10:30 PM, April 25, 2017",2017,Utah Jazz,Los Angeles Clippers,0,Shelvin Mack,0:00,0.0,0.0,0.0,0.0,0.0,0.0,0.0,0.0,0.0,0.0,0.0,0.0,0.0,0.0,0.0,0.0,0.0,0.0,0.0,0.0,0.0,0.0,0.0,0.0,0.0,0.0,0.0,0.0,0.0,0.0,0.0,0.0,0.0
3198,201704250LAC,"10:30 PM, April 25, 2017",2017,Utah Jazz,Los Angeles Clippers,0,Jeff Withey,0:00,0.0,0.0,0.0,0.0,0.0,0.0,0.0,0.0,0.0,0.0,0.0,0.0,0.0,0.0,0.0,0.0,0.0,0.0,0.0,0.0,0.0,0.0,0.0,0.0,0.0,0.0,0.0,0.0,0.0,0.0,0.0,0.0,0.0
3199,201704250LAC,"10:30 PM, April 25, 2017",2017,Utah Jazz,Los Angeles Clippers,0,Trey Lyles,0:00,0.0,0.0,0.0,0.0,0.0,0.0,0.0,0.0,0.0,0.0,0.0,0.0,0.0,0.0,0.0,0.0,0.0,0.0,0.0,0.0,0.0,0.0,0.0,0.0,0.0,0.0,0.0,0.0,0.0,0.0,0.0,0.0,0.0
3200,201704250LAC,"10:30 PM, April 25, 2017",2017,Los Angeles Clippers,Utah Jazz,1,DeAndre Jordan,39:42,6,8,.750,0,0,,2,5,.400,1,11,12,1,1,1,1,4,14,+10,.686,.750,.000,.625,3.1,35.0,18.8,5.6,1.3,2.7,8.9,14.3,125,102
3201,201704250LAC,"10:30 PM, April 25, 2017",2017,Los Angeles Clippers,Utah Jazz,1,Chris Paul,37:42,10,19,.526,4,6,.667,4,4,1.000,0,4,4,9,1,0,2,4,28,+3,.674,.632,.316,.211,0.0,13.4,6.6,70.4,1.4,0.0,8.8,30.6,131,109
3202,201704250LAC,"10:30 PM, April 25, 2017",2017,Los Angeles Clippers,Utah Jazz,1,Luc Mbah a Moute,36:52,1,5,.200,1,3,.333,4,4,1.000,0,4,4,2,3,0,1,1,7,-10,.518,.300,.600,.800,0.0,13.7,6.8,9.4,4.3,0.0,12.9,10.7,101,102
3203,201704250LAC,"10:30 PM, April 25, 2017",2017,Los Angeles Clippers,Utah Jazz,1,J.J. Redick,34:14,7,12,.583,3,7,.429,9,10,.900,0,3,3,1,0,0,1,3,26,-3,.793,.708,.583,.833,0.0,11.1,5.5,7.3,0.0,0.0,5.7,25.7,147,112
3204,201704250LAC,"10:30 PM, April 25, 2017",2017,Los Angeles Clippers,Utah Jazz,1,Marreese Speights,13:11,0,3,.000,0,1,.000,1,2,.500,1,1,2,0,0,1,2,1,1,-10,.129,.000,.333,.667,9.3,9.6,9.5,0.0,0.0,8.1,34.0,22.6,31,107
3205,201704250LAC,"10:30 PM, April 25, 2017",2017,Los Angeles Clippers,Utah Jazz,0,Jamal Crawford,23:01,2,8,.250,0,2,.000,0,0,,0,0,0,2,0,0,1,2,4,+4,.250,.250,.250,.000,0.0,0.0,0.0,16.8,0.0,0.0,11.1,19.8,55,115
3206,201704250LAC,"10:30 PM, April 25, 2017",2017,Los Angeles Clippers,Utah Jazz,0,Austin Rivers,17:47,0,4,.000,0,2,.000,2,2,1.000,0,2,2,1,0,0,2,1,2,-4,.205,.000,.500,.500,0.0,14.2,7.0,9.3,0.0,0.0,29.1,19.6,38,112
3207,201704250LAC,"10:30 PM, April 25, 2017",2017,Los Angeles Clippers,Utah Jazz,0,Raymond Felton,16:31,0,3,.000,0,0,,2,2,1.000,0,2,2,0,0,0,1,3,2,-8,.258,.000,.000,.667,0.0,15.3,7.5,0.0,0.0,0.0,20.5,15.0,43,111
3208,201704250LAC,"10:30 PM, April 25, 2017",2017,Los Angeles Clippers,Utah Jazz,0,Paul Pierce,13:47,2,4,.500,2,2,1.000,0,0,,0,3,3,0,0,0,2,1,6,+6,.750,.750,.500,.000,0.0,27.5,13.6,0.0,0.0,0.0,33.3,22.1,82,109
3209,201704250LAC,"10:30 PM, April 25, 2017",2017,Los Angeles Clippers,Utah Jazz,0,Brandon Bass,3:47,1,3,.333,0,0,,0,0,,1,0,1,0,1,0,0,0,2,-5,.333,.333,.000,.000,32.5,0.0,16.5,0.0,14.0,0.0,0.0,40.2,83,82
3210,201704250LAC,"10:30 PM, April 25, 2017",2017,Los Angeles Clippers,Utah Jazz,0,Wesley Johnson,3:27,0,0,,0,0,,0,0,,0,1,1,0,1,0,0,0,0,-3,,,,,0.0,36.6,18.1,0.0,15.4,0.0,,0.0,0,71
3211,201704250LAC,"10:30 PM, April 25, 2017",2017,Los Angeles Clippers,Utah Jazz,0,Alan Anderson,0:00,0.0,0.0,0.0,0.0,0.0,0.0,0.0,0.0,0.0,0.0,0.0,0.0,0.0,0.0,0.0,0.0,0.0,0.0,0.0,0.0,0.0,0.0,0.0,0.0,0.0,0.0,0.0,0.0,0.0,0.0,0.0,0.0,0.0
3212,201704250LAC,"10:30 PM, April 25, 2017",2017,Los Angeles Clippers,Utah Jazz,0,Brice Johnson,0:00,0.0,0.0,0.0,0.0,0.0,0.0,0.0,0.0,0.0,0.0,0.0,0.0,0.0,0.0,0.0,0.0,0.0,0.0,0.0,0.0,0.0,0.0,0.0,0.0,0.0,0.0,0.0,0.0,0.0,0.0,0.0,0.0,0.0
3213,201704250SAS,"9:00 PM, April 25, 2017",2017,Memphis Grizzlies,San Antonio Spurs,1,Marc Gasol,40:47,6,12,.500,0,1,.000,5,5,1.000,1,4,5,7,0,0,2,3,17,-12,.599,.500,.083,.417,3.7,14.3,9.1,27.5,0.0,0.0,12.3,21.0,128,145
3214,201704250SAS,"9:00 PM, April 25, 2017",2017,Memphis Grizzlies,San Antonio Spurs,1,Mike Conley,35:16,10,17,.588,2,4,.500,4,5,.800,0,2,2,6,4,1,2,1,26,-3,.677,.647,.235,.294,0.0,8.2,4.2,34.9,6.6,2.6,9.4,31.8,133,130
3215,201704250SAS,"9:00 PM, April 25, 2017",2017,Memphis Grizzlies,San Antonio Spurs,1,Vince Carter,32:01,2,5,.400,1,2,.500,5,5,1.000,0,5,5,3,0,0,2,2,10,-9,.694,.500,.400,1.000,0.0,22.7,11.5,13.2,0.0,0.0,21.7,15.2,124,143
3216,201704250SAS,"9:00 PM, April 25, 2017",2017,Memphis Grizzlies,San Antonio Spurs,1,James Ennis,30:48,4,9,.444,2,6,.333,1,1,1.000,2,2,4,2,0,0,1,2,11,-17,.583,.556,.667,.111,9.7,9.4,9.6,10.1,0.0,0.0,9.6,17.9,123,147
3217,201704250SAS,"9:00 PM, April 25, 2017",2017,Memphis Grizzlies,San Antonio Spurs,1,Zach Randolph,26:22,4,10,.400,0,1,.000,1,2,.500,3,3,6,1,2,0,0,4,9,-8,.414,.400,.100,.200,17.1,16.5,16.8,6.1,4.4,0.0,0.0,21.8,108,135
3218,201704250SAS,"9:00 PM, April 25, 2017",2017,Memphis Grizzlies,San Antonio Spurs,0,JaMychal Green,24:27,4,8,.500,3,5,.600,0,0,,0,3,3,1,0,0,1,3,11,-14,.688,.688,.625,.000,0.0,17.8,9.1,6.7,0.0,0.0,11.1,19.5,120,144
3219,201704250SAS,"9:00 PM, April 25, 2017",2017,Memphis Grizzlies,San Antonio Spurs,0,Andrew Harrison,23:29,4,7,.571,1,3,.333,0,0,,1,1,2,0,1,0,0,3,9,-21,.643,.643,.429,.000,6.4,6.2,6.3,0.0,2.5,0.0,0.0,15.8,134,142
3220,201704250SAS,"9:00 PM, April 25, 2017",2017,Memphis Grizzlies,San Antonio Spurs,0,Wayne Selden,10:12,2,2,1.000,0,0,,2,2,1.000,0,0,0,1,0,0,1,0,6,-3,1.042,1.000,.000,1.000,0.0,0.0,0.0,17.1,0.0,0.0,25.8,20.1,153,149
3221,201704250SAS,"9:00 PM, April 25, 2017",2017,Memphis Grizzlies,San Antonio Spurs,0,Troy Daniels,10:02,0,0,,0,0,,0,0,,0,1,1,0,0,0,0,0,0,+10,,,,,0.0,14.5,7.4,0.0,0.0,0.0,,0.0,0,146
3222,201704250SAS,"9:00 PM, April 25, 2017",2017,Memphis Grizzlies,San Antonio Spurs,0,Wade Baldwin,2:12,0,0,,0,0,,2,2,1.000,0,1,1,1,0,0,0,1,2,+4,.500,.500,.000,.000,68.2,66.1,67.1,0.0,0.0,0.0,0.0,48.1,125,132
3223,201704250SAS,"9:00 PM, April 25, 2017",2017,Memphis Grizzlies,San Antonio Spurs,0,Jarell Martin,2:12,1,2,.500,0,0,,0,0,,1,1,2,0,0,0,0,0,2,+4,1.136,,,,0.0,66.1,33.6,59.0,0.0,0.0,0.0,21.2,243,131
3224,201704250SAS,"9:00 PM, April 25, 2017",2017,Memphis Grizzlies,San Antonio Spurs,0,Deyonta Davis,2:12,0,0,,0,0,,0,0,,0,0,0,0,0,0,0,1,0,+4,,,,,0.0,0.0,0.0,0.0,0.0,0.0,,0.0,0,148
3225,201704250SAS,"9:00 PM, April 25, 2017",2017,Memphis Grizzlies,San Antonio Spurs,0,Brandan Wright,0:00,0.0,0.0,0.0,0.0,0.0,0.0,0.0,0.0,0.0,0.0,0.0,0.0,0.0,0.0,0.0,0.0,0.0,0.0,0.0,0.0,0.0,0.0,0.0,0.0,0.0,0.0,0.0,0.0,0.0,0.0,0.0,0.0,0.0
3226,201704250SAS,"9:00 PM, April 25, 2017",2017,San Antonio Spurs,Memphis Grizzlies,1,Kawhi Leonard,39:18,9,16,.563,3,5,.600,7,8,.875,0,1,1,6,1,0,2,1,28,+19,.717,.656,.313,.500,0.0,3.8,1.9,23.6,1.5,0.0,9.3,27.2,146,130
3227,201704250SAS,"9:00 PM, April 25, 2017",2017,San Antonio Spurs,Memphis Grizzlies,1,LaMarcus Aldridge,37:54,5,13,.385,0,1,.000,2,2,1.000,3,6,9,1,1,1,0,3,12,+20,.432,.385,.077,.154,11.5,23.7,17.5,3.6,1.5,2.5,0.0,18.2,114,124
3228,201704250SAS,"9:00 PM, April 25, 2017",2017,San Antonio Spurs,Memphis Grizzlies,1,Tony Parker,29:59,6,12,.500,2,4,.500,2,2,1.000,0,2,2,6,1,0,4,0,16,+7,.621,.583,.333,.167,0.0,10.0,4.9,29.7,2.0,0.0,23.7,28.0,112,128
3229,201704250SAS,"9:00 PM, April 25, 2017",2017,San Antonio Spurs,Memphis Grizzlies,1,David Lee,25:57,5,6,.833,0,0,,1,1,1.000,2,6,8,1,1,0,0,3,11,-1,.854,.833,.000,.167,11.2,34.7,22.8,5.6,2.3,0.0,0.0,12.3,185,121
3230,201704250SAS,"9:00 PM, April 25, 2017",2017,San Antonio Spurs,Memphis Grizzlies,1,Danny Green,21:56,1,3,.333,1,2,.500,0,0,,0,2,2,2,0,0,0,1,3,-1,.500,.500,.667,.000,0.0,13.7,6.7,11.0,0.0,0.0,0.0,6.8,137,131
3231,201704250SAS,"9:00 PM, April 25, 2017",2017,San Antonio Spurs,Memphis Grizzlies,0,Patty Mills,21:56,7,10,.700,5,7,.714,1,1,1.000,0,2,2,1,0,0,0,2,20,+22,.958,.950,.700,.100,0.0,13.7,6.7,8.2,0.0,0.0,0.0,23.6,190,131
3232,201704250SAS,"9:00 PM, April 25, 2017",2017,San Antonio Spurs,Memphis Grizzlies,0,Manu Ginobili,17:45,4,6,.667,1,2,.500,1,1,1.000,2,0,2,3,3,1,1,2,10,+6,.776,.750,.333,.167,16.4,0.0,8.3,26.0,9.9,5.4,13.4,20.8,155,107
3233,201704250SAS,"9:00 PM, April 25, 2017",2017,San Antonio Spurs,Memphis Grizzlies,0,Pau Gasol,16:08,3,5,.600,1,2,.500,2,3,.667,0,2,2,2,0,0,0,2,9,+14,.712,.700,.400,.600,0.0,18.6,9.2,18.0,0.0,0.0,0.0,19.4,159,130
3234,201704250SAS,"9:00 PM, April 25, 2017",2017,San Antonio Spurs,Memphis Grizzlies,0,Davis Bertans,13:49,1,5,.200,1,5,.200,0,0,,1,2,3,1,0,0,0,1,3,-3,.300,.300,1.000,.000,10.5,21.7,16.0,9.0,0.0,0.0,0.0,18.0,97,129
3235,201704250SAS,"9:00 PM, April 25, 2017",2017,San Antonio Spurs,Memphis Grizzlies,0,Jonathon Simmons,8:42,1,3,.333,0,0,,0,0,,0,0,0,0,0,0,0,1,2,-6,.333,.333,.000,.000,0.0,0.0,0.0,0.0,0.0,0.0,0.0,17.1,76,134
3236,201704250SAS,"9:00 PM, April 25, 2017",2017,San Antonio Spurs,Memphis Grizzlies,0,Dejounte Murray,2:12,0,1,.000,0,0,,1,2,.500,0,0,0,0,0,0,0,0,1,-4,.266,.000,.000,2.000,0.0,0.0,0.0,0.0,0.0,0.0,0.0,42.4,65,134
3237,201704250SAS,"9:00 PM, April 25, 2017",2017,San Antonio Spurs,Memphis Grizzlies,0,Dewayne Dedmon,2:12,0,0,,0,0,,1,2,.500,2,1,3,0,0,0,0,1,1,-4,,,,,0.0,0.0,0.0,0.0,0.0,0.0,,0.0,0,134
3238,201704250SAS,"9:00 PM, April 25, 2017",2017,San Antonio Spurs,Memphis Grizzlies,0,Kyle Anderson,2:12,0,0,,0,0,,0,0,,0,0,0,0,0,0,0,0,0,-4,.568,,,,100.0,68.2,100.0,0.0,0.0,0.0,0.0,19.9,176,119
3239,201704260BOS,"8:30 PM, April 26, 2017",2017,Chicago Bulls,Boston Celtics,1,Jimmy Butler,39:17,6,15,.400,2,4,.500,0,1,.000,0,8,8,6,0,1,2,0,14,-11,.453,.467,.267,.067,0.0,21.7,12.2,24.7,0.0,2.5,11.5,21.9,92,117
3240,201704260BOS,"8:30 PM, April 26, 2017",2017,Chicago Bulls,Boston Celtics,1,Isaiah Canaan,36:10,6,11,.545,1,5,.200,0,0,,0,2,2,0,1,0,4,3,13,-13,.591,.591,.455,.000,0.0,5.9,3.3,0.0,1.4,0.0,26.7,20.4,76,120
3241,201704260BOS,"8:30 PM, April 26, 2017",2017,Chicago Bulls,Boston Celtics,1,Nikola Mirotic,34:51,2,6,.333,2,6,.333,0,2,.000,0,4,4,2,1,0,0,3,6,-5,.436,.500,1.000,.333,0.0,12.2,6.9,8.0,1.5,0.0,0.0,9.7,95,118
3242,201704260BOS,"8:30 PM, April 26, 2017",2017,Chicago Bulls,Boston Celtics,1,Dwyane Wade,34:43,7,18,.389,2,6,.333,10,10,1.000,2,9,11,8,0,1,4,0,26,-1,.580,.444,.333,.556,7.9,27.7,19.0,40.5,0.0,2.9,15.2,37.4,115,116
3243,201704260BOS,"8:30 PM, April 26, 2017",2017,Chicago Bulls,Boston Celtics,1,Robin Lopez,28:57,6,7,.857,0,0,,2,2,1.000,3,3,6,4,1,3,3,5,14,-4,.888,.857,.000,.286,14.2,11.1,12.4,24.5,1.8,10.4,27.6,18.5,138,110
3244,201704260BOS,"8:30 PM, April 26, 2017",2017,Chicago Bulls,Boston Celtics,0,Paul Zipser,17:52,2,3,.667,1,2,.500,0,0,,0,3,3,0,0,0,0,4,5,+1,.833,.833,.667,.000,0.0,17.9,10.1,0.0,0.0,0.0,0.0,8.3,152,120
3245,201704260BOS,"8:30 PM, April 26, 2017",2017,Chicago Bulls,Boston Celtics,0,Anthony Morrow,16:43,3,5,.600,0,0,,2,2,1.000,0,2,2,2,0,0,0,2,8,+1,.680,.600,.000,.400,0.0,12.8,7.2,20.2,0.0,0.0,0.0,17.3,146,121
3246,201704260BOS,"8:30 PM, April 26, 2017",2017,Chicago Bulls,Boston Celtics,0,Cristiano Felicio,14:37,3,4,.750,0,0,,0,0,,0,4,4,2,1,0,1,3,6,-13,.750,.750,.000,.000,0.0,29.2,16.4,24.2,3.6,0.0,20.0,16.8,122,109
3247,201704260BOS,"8:30 PM, April 26, 2017",2017,Chicago Bulls,Boston Celtics,0,Bobby Portis,11:36,1,4,.250,1,3,.333,0,0,,0,2,2,0,0,0,2,1,3,-8,.375,.375,.750,.000,0.0,18.4,10.3,0.0,0.0,0.0,33.3,25.5,46,120
3248,201704260BOS,"8:30 PM, April 26, 2017",2017,Chicago Bulls,Boston Celtics,0,Michael Carter-Williams,3:36,1,1,1.000,0,0,,0,0,,0,0,0,0,0,0,0,0,2,-4,1.000,1.000,.000,.000,0.0,0.0,0.0,0.0,0.0,0.0,0.0,13.7,200,124
3249,201704260BOS,"8:30 PM, April 26, 2017",2017,Chicago Bulls,Boston Celtics,0,Denzel Valentine,1:39,0,0,,0,0,,0,0,,0,0,0,0,0,0,0,0,0,+2,,,,,0.0,0.0,0.0,0.0,0.0,0.0,,0.0,0,124
3250,201704260BOS,"8:30 PM, April 26, 2017",2017,Chicago Bulls,Boston Celtics,0,Joffrey Lauvergne,0:00,0.0,0.0,0.0,0.0,0.0,0.0,0.0,0.0,0.0,0.0,0.0,0.0,0.0,0.0,0.0,0.0,0.0,0.0,0.0,0.0,0.0,0.0,0.0,0.0,0.0,0.0,0.0,0.0,0.0,0.0,0.0,0.0,0.0
3251,201704260BOS,"8:30 PM, April 26, 2017",2017,Chicago Bulls,Boston Celtics,0,Jerian Grant,0:00,0.0,0.0,0.0,0.0,0.0,0.0,0.0,0.0,0.0,0.0,0.0,0.0,0.0,0.0,0.0,0.0,0.0,0.0,0.0,0.0,0.0,0.0,0.0,0.0,0.0,0.0,0.0,0.0,0.0,0.0,0.0,0.0,0.0
3252,201704260BOS,"8:30 PM, April 26, 2017",2017,Boston Celtics,Chicago Bulls,1,Avery Bradley,39:44,11,19,.579,2,5,.400,0,0,,2,4,6,1,1,0,0,2,24,+11,.632,.632,.263,.000,5.4,13.8,9.1,4.9,1.3,0.0,0.0,22.0,125,108
3253,201704260BOS,"8:30 PM, April 26, 2017",2017,Boston Celtics,Chicago Bulls,1,Isaiah Thomas,36:10,6,17,.353,1,10,.100,11,11,1.000,0,5,5,4,1,0,3,2,24,+13,.549,.382,.588,.647,0.0,19.0,8.3,17.7,1.4,0.0,12.1,31.7,105,107
3254,201704260BOS,"8:30 PM, April 26, 2017",2017,Boston Celtics,Chicago Bulls,1,Jae Crowder,34:58,2,11,.182,0,5,.000,4,4,1.000,3,5,8,2,1,2,0,3,8,+9,.313,.182,.455,.364,9.2,19.6,13.7,7.8,1.5,5.7,0.0,16.8,90,102
3255,201704260BOS,"8:30 PM, April 26, 2017",2017,Boston Celtics,Chicago Bulls,1,Al Horford,34:24,7,11,.636,2,4,.500,5,5,1.000,2,5,7,9,1,0,1,2,21,+2,.795,.727,.364,.455,6.2,19.9,12.2,44.5,1.5,0.0,7.0,19.0,162,107
3256,201704260BOS,"8:30 PM, April 26, 2017",2017,Boston Celtics,Chicago Bulls,1,Gerald Green,12:21,1,3,.333,0,2,.000,0,0,,0,1,1,0,0,0,0,2,2,-12,.333,.333,.667,.000,0.0,11.1,4.9,0.0,0.0,0.0,0.0,11.2,67,111
3257,201704260BOS,"8:30 PM, April 26, 2017",2017,Boston Celtics,Chicago Bulls,0,Marcus Smart,34:19,3,9,.333,2,7,.286,0,0,,0,3,3,8,1,1,0,1,8,+12,.444,.444,.778,.000,0.0,12.0,5.2,33.1,1.5,2.9,0.0,12.1,116,106
3258,201704260BOS,"8:30 PM, April 26, 2017",2017,Boston Celtics,Chicago Bulls,0,Kelly Olynyk,20:16,5,9,.556,1,4,.250,3,3,1.000,1,4,5,0,1,0,1,2,14,+14,.678,.611,.444,.333,5.3,27.1,14.8,0.0,2.6,0.0,8.8,25.7,122,104
3259,201704260BOS,"8:30 PM, April 26, 2017",2017,Boston Celtics,Chicago Bulls,0,Terry Rozier,18:14,2,6,.333,1,2,.500,0,0,,0,3,3,2,1,0,0,1,5,+3,.417,.417,.333,.000,0.0,22.6,9.9,16.1,2.8,0.0,0.0,15.2,95,104
3260,201704260BOS,"8:30 PM, April 26, 2017",2017,Boston Celtics,Chicago Bulls,0,Jonas Jerebko,9:34,1,3,.333,0,1,.000,0,0,,0,0,0,1,2,0,1,1,2,+3,.333,.333,.333,.000,0.0,0.0,0.0,15.2,10.9,0.0,25.0,19.3,59,88
3261,201704260BOS,"8:30 PM, April 26, 2017",2017,Boston Celtics,Chicago Bulls,0,James Young,0:00,0.0,0.0,0.0,0.0,0.0,0.0,0.0,0.0,0.0,0.0,0.0,0.0,0.0,0.0,0.0,0.0,0.0,0.0,0.0,0.0,0.0,0.0,0.0,0.0,0.0,0.0,0.0,0.0,0.0,0.0,0.0,0.0,0.0
3262,201704260BOS,"8:30 PM, April 26, 2017",2017,Boston Celtics,Chicago Bulls,0,Jaylen Brown,0:00,0.0,0.0,0.0,0.0,0.0,0.0,0.0,0.0,0.0,0.0,0.0,0.0,0.0,0.0,0.0,0.0,0.0,0.0,0.0,0.0,0.0,0.0,0.0,0.0,0.0,0.0,0.0,0.0,0.0,0.0,0.0,0.0,0.0
3263,201704260BOS,"8:30 PM, April 26, 2017",2017,Boston Celtics,Chicago Bulls,0,Tyler Zeller,0:00,0.0,0.0,0.0,0.0,0.0,0.0,0.0,0.0,0.0,0.0,0.0,0.0,0.0,0.0,0.0,0.0,0.0,0.0,0.0,0.0,0.0,0.0,0.0,0.0,0.0,0.0,0.0,0.0,0.0,0.0,0.0,0.0,0.0
3264,201704260BOS,"8:30 PM, April 26, 2017",2017,Boston Celtics,Chicago Bulls,0,Amir Johnson,0:00,0.0,0.0,0.0,0.0,0.0,0.0,0.0,0.0,0.0,0.0,0.0,0.0,0.0,0.0,0.0,0.0,0.0,0.0,0.0,0.0,0.0,0.0,0.0,0.0,0.0,0.0,0.0,0.0,0.0,0.0,0.0,0.0,0.0
3265,201704260WAS,"6:00 PM, April 26, 2017",2017,Atlanta Hawks,Washington Wizards,1,Dennis Schroder,37:35,10,18,.556,5,6,.833,4,5,.800,1,0,1,11,1,0,1,3,29,+3,.397,.417,.556,.111,0.0,6.2,3.0,0.0,0.0,0.0,0.0,21.3,83,117
3266,201704260WAS,"6:00 PM, April 26, 2017",2017,Atlanta Hawks,Washington Wizards,1,Tim Hardaway,37:35,6,18,.333,3,10,.300,0,2,.000,0,2,2,0,0,0,0,1,15,-2,.718,.694,.333,.278,2.9,0.0,1.5,55.7,1.4,0.0,4.7,23.9,152,115
3267,201704260WAS,"6:00 PM, April 26, 2017",2017,Atlanta Hawks,Washington Wizards,1,Paul Millsap,35:14,8,19,.421,0,3,.000,5,6,.833,1,10,11,2,1,0,3,3,21,-2,.485,.421,.158,.316,3.1,33.2,17.6,10.1,1.5,0.0,12.2,29.6,94,106
3268,201704260WAS,"6:00 PM, April 26, 2017",2017,Atlanta Hawks,Washington Wizards,1,Taurean Waller-Prince,31:50,4,11,.364,0,3,.000,2,2,1.000,2,4,6,4,0,1,1,1,10,-3,.421,.364,.273,.182,6.9,14.7,10.6,18.9,0.0,2.6,7.8,17.2,101,113
3269,201704260WAS,"6:00 PM, April 26, 2017",2017,Atlanta Hawks,Washington Wizards,1,Dwight Howard,28:00,2,3,.667,0,0,,1,4,.250,2,8,10,2,1,1,2,5,5,-4,.525,.667,.000,1.333,7.8,33.4,20.2,9.9,1.8,3.0,29.6,10.2,90,103
3270,201704260WAS,"6:00 PM, April 26, 2017",2017,Atlanta Hawks,Washington Wizards,0,Kent Bazemore,22:53,3,12,.250,0,5,.000,0,0,,1,1,2,2,0,0,2,2,6,+1,.250,.250,.417,.000,4.8,5.1,4.9,13.2,0.0,0.0,14.3,25.9,57,117
3271,201704260WAS,"6:00 PM, April 26, 2017",2017,Atlanta Hawks,Washington Wizards,0,Mike Muscala,15:54,2,2,1.000,0,0,,0,0,,0,2,2,0,0,0,0,3,4,+1,1.000,1.000,.000,.000,0.0,14.7,7.1,0.0,0.0,0.0,0.0,5.3,200,114
3272,201704260WAS,"6:00 PM, April 26, 2017",2017,Atlanta Hawks,Washington Wizards,0,Mike Dunleavy,11:42,1,2,.500,1,2,.500,2,2,1.000,0,1,1,0,0,0,0,1,5,0,.868,.750,1.000,1.000,0.0,10.0,4.8,0.0,0.0,0.0,0.0,10.4,182,116
3273,201704260WAS,"6:00 PM, April 26, 2017",2017,Atlanta Hawks,Washington Wizards,0,Jose Calderon,10:17,1,2,.500,0,1,.000,0,0,,0,2,2,1,0,0,1,1,2,-7,.500,.500,.500,.000,0.0,22.8,11.0,14.0,0.0,0.0,33.3,12.4,76,112
3274,201704260WAS,"6:00 PM, April 26, 2017",2017,Atlanta Hawks,Washington Wizards,0,Ersan Ilyasova,8:53,1,6,.167,0,1,.000,0,0,,4,2,6,1,0,0,1,1,2,-7,.167,.167,.167,.000,49.1,26.4,38.1,16.6,0.0,0.0,14.3,33.4,68,112
3275,201704260WAS,"6:00 PM, April 26, 2017",2017,Atlanta Hawks,Washington Wizards,0,Thabo Sefolosha,0:08,0,0,,0,0,,0,0,,0,0,0,0,0,0,0,0,0,0,,,,,0.0,0.0,0.0,0.0,0.0,0.0,,0.0,0,119
3276,201704260WAS,"6:00 PM, April 26, 2017",2017,Atlanta Hawks,Washington Wizards,0,Malcolm Delaney,0:00,0.0,0.0,0.0,0.0,0.0,0.0,0.0,0.0,0.0,0.0,0.0,0.0,0.0,0.0,0.0,0.0,0.0,0.0,0.0,0.0,0.0,0.0,0.0,0.0,0.0,0.0,0.0,0.0,0.0,0.0,0.0,0.0,0.0
3277,201704260WAS,"6:00 PM, April 26, 2017",2017,Atlanta Hawks,Washington Wizards,0,Kris Humphries,0:00,0.0,0.0,0.0,0.0,0.0,0.0,0.0,0.0,0.0,0.0,0.0,0.0,0.0,0.0,0.0,0.0,0.0,0.0,0.0,0.0,0.0,0.0,0.0,0.0,0.0,0.0,0.0,0.0,0.0,0.0,0.0,0.0,0.0
3278,201704260WAS,"6:00 PM, April 26, 2017",2017,Washington Wizards,Atlanta Hawks,1,Bradley Beal,41:04,11,22,.500,1,9,.111,4,6,.667,0,4,4,1,3,3,0,2,27,+2,.548,.523,.409,.273,0.0,10.6,5.5,4.8,3.8,5.7,0.0,28.8,113,102
3279,201704260WAS,"6:00 PM, April 26, 2017",2017,Washington Wizards,Atlanta Hawks,1,John Wall,39:16,9,20,.450,1,3,.333,1,1,1.000,1,5,6,14,1,0,4,3,20,+3,.489,.475,.150,.050,3.0,13.9,8.6,65.8,1.3,0.0,16.4,29.9,106,110
3280,201704260WAS,"6:00 PM, April 26, 2017",2017,Washington Wizards,Atlanta Hawks,1,Marcin Gortat,39:07,1,6,.167,0,0,,3,4,.750,2,8,10,1,0,3,1,2,5,0,.322,.167,.000,.667,6.0,22.3,14.4,3.4,0.0,5.9,11.4,10.8,82,106
3281,201704260WAS,"6:00 PM, April 26, 2017",2017,Washington Wizards,Atlanta Hawks,1,Otto Porter,31:00,3,4,.750,2,3,.667,9,10,.900,1,4,5,1,2,1,0,3,17,+1,1.012,1.000,.750,2.500,3.8,14.1,9.1,4.8,3.3,2.5,0.0,13.0,211,104
3282,201704260WAS,"6:00 PM, April 26, 2017",2017,Washington Wizards,Atlanta Hawks,1,Markieff Morris,20:18,4,9,.444,0,0,,0,0,,0,5,5,0,0,1,0,5,8,+10,.444,.444,.000,.000,0.0,26.9,13.9,0.0,0.0,3.8,0.0,21.3,90,105
3283,201704260WAS,"6:00 PM, April 26, 2017",2017,Washington Wizards,Atlanta Hawks,0,Bojan Bogdanovic,24:26,4,7,.571,2,3,.667,4,4,1.000,3,4,7,0,1,0,0,2,14,+6,.799,.714,.429,.571,14.4,17.9,16.2,0.0,2.1,0.0,0.0,17.2,171,107
3284,201704260WAS,"6:00 PM, April 26, 2017",2017,Washington Wizards,Atlanta Hawks,0,Brandon Jennings,16:05,1,1,1.000,0,0,,0,0,,0,0,0,3,1,0,1,2,2,+3,1.000,1.000,.000,.000,0.0,0.0,0.0,26.3,3.2,0.0,50.0,6.0,123,110
3285,201704260WAS,"6:00 PM, April 26, 2017",2017,Washington Wizards,Atlanta Hawks,0,Jason Smith,15:40,2,9,.222,0,3,.000,1,2,.500,1,1,2,0,0,1,0,0,5,-4,.253,.222,.333,.222,7.5,7.0,7.2,0.0,0.0,4.9,0.0,30.3,63,112
3286,201704260WAS,"6:00 PM, April 26, 2017",2017,Washington Wizards,Atlanta Hawks,0,Kelly Oubre,12:59,2,4,.500,1,3,.333,0,0,,1,2,3,1,0,1,0,1,5,-1,.625,.625,.750,.000,9.0,16.8,13.0,12.5,0.0,6.0,0.0,14.8,140,108
3287,201704260WAS,"6:00 PM, April 26, 2017",2017,Washington Wizards,Atlanta Hawks,0,Tomas Satoransky,0:05,0,0,,0,0,,0,0,,0,0,0,0,0,0,0,0,0,0,,,,,0.0,0.0,0.0,0.0,0.0,0.0,,0.0,0,117
3288,201704260WAS,"6:00 PM, April 26, 2017",2017,Washington Wizards,Atlanta Hawks,0,Trey Burke,0:00,0.0,0.0,0.0,0.0,0.0,0.0,0.0,0.0,0.0,0.0,0.0,0.0,0.0,0.0,0.0,0.0,0.0,0.0,0.0,0.0,0.0,0.0,0.0,0.0,0.0,0.0,0.0,0.0,0.0,0.0,0.0,0.0,0.0
3289,201704260WAS,"6:00 PM, April 26, 2017",2017,Washington Wizards,Atlanta Hawks,0,Daniel Ochefu,0:00,0.0,0.0,0.0,0.0,0.0,0.0,0.0,0.0,0.0,0.0,0.0,0.0,0.0,0.0,0.0,0.0,0.0,0.0,0.0,0.0,0.0,0.0,0.0,0.0,0.0,0.0,0.0,0.0,0.0,0.0,0.0,0.0,0.0
3290,201704260WAS,"6:00 PM, April 26, 2017",2017,Washington Wizards,Atlanta Hawks,0,Sheldon Mac,0:00,0.0,0.0,0.0,0.0,0.0,0.0,0.0,0.0,0.0,0.0,0.0,0.0,0.0,0.0,0.0,0.0,0.0,0.0,0.0,0.0,0.0,0.0,0.0,0.0,0.0,0.0,0.0,0.0,0.0,0.0,0.0,0.0,0.0
3291,201704270MEM,"9:30 PM, April 27, 2017",2017,San Antonio Spurs,Memphis Grizzlies,1,LaMarcus Aldridge,41:43,7,17,.412,0,1,.000,3,3,1.000,5,7,12,1,0,0,3,5,17,+6,.464,.412,.059,.176,15.5,21.8,18.7,4.0,0.0,0.0,14.1,24.5,106,118
3292,201704270MEM,"9:30 PM, April 27, 2017",2017,San Antonio Spurs,Memphis Grizzlies,1,Kawhi Leonard,39:55,8,19,.421,1,5,.200,12,13,.923,3,6,9,4,3,0,1,2,29,+15,.587,.447,.263,.684,9.8,19.5,14.6,17.6,4.4,0.0,3.9,30.9,145,108
3293,201704270MEM,"9:30 PM, April 27, 2017",2017,San Antonio Spurs,Memphis Grizzlies,1,Tony Parker,31:09,11,14,.786,1,2,.500,4,4,1.000,1,1,2,4,0,0,1,0,27,+12,.857,.821,.143,.286,4.2,4.2,4.2,30.7,0.0,0.0,6.0,25.8,175,122
3294,201704270MEM,"9:30 PM, April 27, 2017",2017,San Antonio Spurs,Memphis Grizzlies,1,Danny Green,26:54,2,6,.333,2,5,.400,1,2,.500,1,3,4,1,1,0,0,3,7,-2,.509,.500,.833,.333,4.8,14.5,9.6,5.3,2.2,0.0,0.0,12.3,138,114
3295,201704270MEM,"9:30 PM, April 27, 2017",2017,San Antonio Spurs,Memphis Grizzlies,1,David Lee,26:19,3,4,.750,0,0,,1,2,.500,3,3,6,1,0,0,1,2,7,+5,.717,.750,.000,.500,14.8,14.8,14.8,5.8,0.0,0.0,17.0,10.7,139,119
3296,201704270MEM,"9:30 PM, April 27, 2017",2017,San Antonio Spurs,Memphis Grizzlies,0,Patty Mills,21:45,4,6,.667,2,3,.667,0,0,,0,1,1,1,0,0,1,2,10,+6,.833,.833,.500,.000,0.0,6.0,3.0,7.8,0.0,0.0,14.3,15.4,152,121
3297,201704270MEM,"9:30 PM, April 27, 2017",2017,San Antonio Spurs,Memphis Grizzlies,0,Pau Gasol,20:24,0,6,.000,0,1,.000,0,0,,1,3,4,1,0,0,2,2,0,0,.000,.000,.167,.000,6.4,19.1,12.7,6.4,0.0,0.0,25.0,18.8,20,118
3298,201704270MEM,"9:30 PM, April 27, 2017",2017,San Antonio Spurs,Memphis Grizzlies,0,Manu Ginobili,16:35,1,2,.500,1,2,.500,1,1,1.000,0,3,3,0,0,0,2,1,4,-1,.820,.750,1.000,.500,0.0,23.5,11.7,0.0,0.0,0.0,45.0,12.9,88,117
3299,201704270MEM,"9:30 PM, April 27, 2017",2017,San Antonio Spurs,Memphis Grizzlies,0,Jonathon Simmons,8:05,0,1,.000,0,0,,0,0,,1,0,1,0,0,0,0,1,0,-8,.000,.000,.000,.000,16.0,0.0,8.0,0.0,0.0,0.0,0.0,5.9,71,122
3300,201704270MEM,"9:30 PM, April 27, 2017",2017,San Antonio Spurs,Memphis Grizzlies,0,Davis Bertans,4:04,0,1,.000,0,1,.000,0,0,,0,2,2,0,0,0,1,1,0,+2,.000,.000,1.000,.000,0.0,63.8,31.9,0.0,0.0,0.0,50.0,23.6,0,108
3301,201704270MEM,"9:30 PM, April 27, 2017",2017,San Antonio Spurs,Memphis Grizzlies,0,Dewayne Dedmon,3:07,1,1,1.000,0,0,,0,0,,1,1,2,0,0,0,0,1,2,0,1.000,1.000,.000,.000,41.6,41.6,41.6,0.0,0.0,0.0,0.0,15.4,206,113
3302,201704270MEM,"9:30 PM, April 27, 2017",2017,San Antonio Spurs,Memphis Grizzlies,0,Dejounte Murray,0:00,0.0,0.0,0.0,0.0,0.0,0.0,0.0,0.0,0.0,0.0,0.0,0.0,0.0,0.0,0.0,0.0,0.0,0.0,0.0,0.0,0.0,0.0,0.0,0.0,0.0,0.0,0.0,0.0,0.0,0.0,0.0,0.0,0.0
3303,201704270MEM,"9:30 PM, April 27, 2017",2017,San Antonio Spurs,Memphis Grizzlies,0,Kyle Anderson,0:00,0.0,0.0,0.0,0.0,0.0,0.0,0.0,0.0,0.0,0.0,0.0,0.0,0.0,0.0,0.0,0.0,0.0,0.0,0.0,0.0,0.0,0.0,0.0,0.0,0.0,0.0,0.0,0.0,0.0,0.0,0.0,0.0,0.0
3304,201704270MEM,"9:30 PM, April 27, 2017",2017,Memphis Grizzlies,San Antonio Spurs,1,Mike Conley,44:54,7,18,.389,3,9,.333,9,10,.900,0,2,2,5,1,0,2,4,26,-6,.580,.472,.500,.556,0.0,5.8,2.9,21.8,1.3,0.0,8.2,28.2,120,128
3305,201704270MEM,"9:30 PM, April 27, 2017",2017,Memphis Grizzlies,San Antonio Spurs,1,Marc Gasol,44:52,5,12,.417,1,2,.500,7,8,.875,1,4,5,6,0,0,1,5,18,-7,.580,.458,.167,.667,2.9,11.6,7.2,24.1,0.0,0.0,6.1,19.1,131,128
3306,201704270MEM,"9:30 PM, April 27, 2017",2017,Memphis Grizzlies,San Antonio Spurs,1,Zach Randolph,38:26,6,14,.429,0,1,.000,1,3,.333,3,8,11,0,0,1,2,3,13,+4,.424,.429,.071,.214,10.1,27.0,18.6,0.0,0.0,2.2,11.5,23.4,86,120
3307,201704270MEM,"9:30 PM, April 27, 2017",2017,Memphis Grizzlies,San Antonio Spurs,1,Vince Carter,32:13,4,9,.444,2,6,.333,2,2,1.000,2,2,4,1,1,0,3,5,12,-11,.607,.556,.667,.222,8.1,8.1,8.1,5.7,1.8,0.0,23.3,20.7,102,126
3308,201704270MEM,"9:30 PM, April 27, 2017",2017,Memphis Grizzlies,San Antonio Spurs,1,James Ennis,28:52,4,7,.571,3,4,.750,0,0,,1,2,3,1,1,0,1,3,11,-15,.786,.786,.571,.000,4.5,9.0,6.7,6.6,2.0,0.0,12.5,14.4,138,125
3309,201704270MEM,"9:30 PM, April 27, 2017",2017,Memphis Grizzlies,San Antonio Spurs,0,Troy Daniels,21:08,1,1,1.000,1,1,1.000,0,0,,0,2,2,2,1,0,0,0,3,+18,1.500,1.500,1.000,.000,0.0,12.3,6.1,15.3,2.8,0.0,0.0,2.5,272,122
3310,201704270MEM,"9:30 PM, April 27, 2017",2017,Memphis Grizzlies,San Antonio Spurs,0,JaMychal Green,13:37,2,5,.400,0,2,.000,1,1,1.000,0,1,1,0,0,0,2,4,5,-11,.460,.400,.400,.200,0.0,9.5,4.8,0.0,0.0,0.0,26.9,28.3,66,129
3311,201704270MEM,"9:30 PM, April 27, 2017",2017,Memphis Grizzlies,San Antonio Spurs,0,Wayne Selden,8:00,1,2,.500,0,0,,0,0,,0,0,0,0,0,0,0,1,2,+1,.500,.500,.000,.000,0.0,0.0,0.0,0.0,0.0,0.0,0.0,13.0,101,134
3312,201704270MEM,"9:30 PM, April 27, 2017",2017,Memphis Grizzlies,San Antonio Spurs,0,Andrew Harrison,7:58,2,3,.667,2,2,1.000,0,0,,0,0,0,0,0,0,0,1,6,-8,1.000,1.000,.667,.000,0.0,0.0,0.0,0.0,0.0,0.0,0.0,19.5,181,134
3313,201704270MEM,"9:30 PM, April 27, 2017",2017,Memphis Grizzlies,San Antonio Spurs,0,Wade Baldwin,0:00,0.0,0.0,0.0,0.0,0.0,0.0,0.0,0.0,0.0,0.0,0.0,0.0,0.0,0.0,0.0,0.0,0.0,0.0,0.0,0.0,0.0,0.0,0.0,0.0,0.0,0.0,0.0,0.0,0.0,0.0,0.0,0.0,0.0
3314,201704270MEM,"9:30 PM, April 27, 2017",2017,Memphis Grizzlies,San Antonio Spurs,0,Jarell Martin,0:00,0.0,0.0,0.0,0.0,0.0,0.0,0.0,0.0,0.0,0.0,0.0,0.0,0.0,0.0,0.0,0.0,0.0,0.0,0.0,0.0,0.0,0.0,0.0,0.0,0.0,0.0,0.0,0.0,0.0,0.0,0.0,0.0,0.0
3315,201704270MEM,"9:30 PM, April 27, 2017",2017,Memphis Grizzlies,San Antonio Spurs,0,Brandan Wright,0:00,0.0,0.0,0.0,0.0,0.0,0.0,0.0,0.0,0.0,0.0,0.0,0.0,0.0,0.0,0.0,0.0,0.0,0.0,0.0,0.0,0.0,0.0,0.0,0.0,0.0,0.0,0.0,0.0,0.0,0.0,0.0,0.0,0.0
3316,201704270MEM,"9:30 PM, April 27, 2017",2017,Memphis Grizzlies,San Antonio Spurs,0,Deyonta Davis,0:00,0.0,0.0,0.0,0.0,0.0,0.0,0.0,0.0,0.0,0.0,0.0,0.0,0.0,0.0,0.0,0.0,0.0,0.0,0.0,0.0,0.0,0.0,0.0,0.0,0.0,0.0,0.0,0.0,0.0,0.0,0.0,0.0,0.0
3317,201704270MIL,"7:00 PM, April 27, 2017",2017,Toronto Raptors,Milwaukee Bucks,1,Kyle Lowry,44:07,5,9,.556,1,4,.250,2,4,.500,1,3,4,4,3,1,2,2,13,+7,.604,.611,.444,.444,2.9,7.6,5.4,16.4,3.9,1.9,15.7,14.8,118,103
3318,201704270MIL,"7:00 PM, April 27, 2017",2017,Toronto Raptors,Milwaukee Bucks,1,DeMar DeRozan,40:22,12,24,.500,0,3,.000,8,9,.889,1,3,4,3,5,0,3,2,32,+5,.572,.500,.125,.375,3.2,8.3,5.9,20.1,7.0,0.0,9.7,39.1,117,97
3319,201704270MIL,"7:00 PM, April 27, 2017",2017,Toronto Raptors,Milwaukee Bucks,1,Serge Ibaka,30:59,2,7,.286,1,3,.333,2,2,1.000,1,11,12,0,0,2,1,6,7,+1,.444,.357,.429,.286,4.2,39.6,23.2,0.0,0.0,5.4,11.3,14.6,94,97
3320,201704270MIL,"7:00 PM, April 27, 2017",2017,Toronto Raptors,Milwaukee Bucks,1,Norman Powell,30:47,3,6,.500,2,2,1.000,0,0,,1,1,2,0,0,0,2,4,8,+5,.667,.667,.333,.000,4.2,3.6,3.9,0.0,0.0,0.0,25.0,13.3,102,113
3321,201704270MIL,"7:00 PM, April 27, 2017",2017,Toronto Raptors,Milwaukee Bucks,1,DeMarre Carroll,13:29,2,4,.500,2,3,.667,0,0,,0,1,1,2,0,0,1,0,6,+3,.750,.750,.750,.000,0.0,8.3,4.4,28.6,0.0,0.0,20.0,18.9,133,112
3322,201704270MIL,"7:00 PM, April 27, 2017",2017,Toronto Raptors,Milwaukee Bucks,0,Patrick Patterson,22:44,2,4,.500,1,3,.333,2,2,1.000,1,4,5,2,1,0,1,0,7,-3,.717,.625,.750,.500,5.7,19.6,13.2,15.2,2.5,0.0,17.0,13.2,139,103
3323,201704270MIL,"7:00 PM, April 27, 2017",2017,Toronto Raptors,Milwaukee Bucks,0,P.J. Tucker,20:45,1,4,.250,1,2,.500,1,2,.500,4,3,7,0,0,1,3,5,4,-9,.410,.375,.500,.500,25.0,16.1,20.2,0.0,0.0,4.1,38.1,19.4,77,105
3324,201704270MIL,"7:00 PM, April 27, 2017",2017,Toronto Raptors,Milwaukee Bucks,0,Jonas Valanciunas,16:36,2,6,.333,0,0,,2,2,1.000,0,5,5,1,0,0,1,0,6,+4,.436,.333,.000,.333,0.0,33.6,18.1,11.0,0.0,0.0,12.7,24.2,91,104
3325,201704270MIL,"7:00 PM, April 27, 2017",2017,Toronto Raptors,Milwaukee Bucks,0,Cory Joseph,14:37,1,4,.250,1,2,.500,2,2,1.000,1,1,2,1,0,0,0,0,5,-1,.512,.375,.500,.500,8.9,7.6,8.2,11.4,0.0,0.0,0.0,17.0,134,112
3326,201704270MIL,"7:00 PM, April 27, 2017",2017,Toronto Raptors,Milwaukee Bucks,0,Delon Wright,5:34,2,2,1.000,0,0,,0,0,,1,0,1,1,0,0,0,1,4,+3,1.000,1.000,.000,.000,23.3,0.0,10.8,58.4,0.0,0.0,0.0,18.3,207,113
3327,201704270MIL,"7:00 PM, April 27, 2017",2017,Toronto Raptors,Milwaukee Bucks,0,Lucas Nogueira,0:00,0.0,0.0,0.0,0.0,0.0,0.0,0.0,0.0,0.0,0.0,0.0,0.0,0.0,0.0,0.0,0.0,0.0,0.0,0.0,0.0,0.0,0.0,0.0,0.0,0.0,0.0,0.0,0.0,0.0,0.0,0.0,0.0,0.0
3328,201704270MIL,"7:00 PM, April 27, 2017",2017,Toronto Raptors,Milwaukee Bucks,0,Jakob Poeltl,0:00,0.0,0.0,0.0,0.0,0.0,0.0,0.0,0.0,0.0,0.0,0.0,0.0,0.0,0.0,0.0,0.0,0.0,0.0,0.0,0.0,0.0,0.0,0.0,0.0,0.0,0.0,0.0,0.0,0.0,0.0,0.0,0.0,0.0
3329,201704270MIL,"7:00 PM, April 27, 2017",2017,Milwaukee Bucks,Toronto Raptors,1,Giannis Antetokounmpo,46:39,13,23,.565,1,2,.500,7,13,.538,1,8,9,3,2,2,3,4,34,+1,.592,.587,.087,.565,2.4,22.2,11.6,16.6,2.4,4.3,9.5,32.2,113,107
3330,201704270MIL,"7:00 PM, April 27, 2017",2017,Milwaukee Bucks,Toronto Raptors,1,Khris Middleton,42:26,6,13,.462,3,5,.600,4,7,.571,0,4,4,5,2,0,3,4,19,0,.591,.577,.385,.538,0.0,12.2,5.7,22.4,2.7,0.0,15.7,21.3,108,112
3331,201704270MIL,"7:00 PM, April 27, 2017",2017,Milwaukee Bucks,Toronto Raptors,1,Tony Snell,30:54,1,4,.250,0,1,.000,0,0,,0,2,2,2,1,1,1,4,2,-8,.250,.250,.250,.000,0.0,8.4,3.9,10.2,1.8,3.2,20.0,7.7,61,114
3332,201704270MIL,"7:00 PM, April 27, 2017",2017,Milwaukee Bucks,Toronto Raptors,1,Malcolm Brogdon,22:50,3,9,.333,0,1,.000,0,0,,0,2,2,1,2,0,1,1,6,-15,.333,.333,.111,.000,0.0,11.4,5.3,8.2,5.0,0.0,10.0,20.7,68,107
3333,201704270MIL,"7:00 PM, April 27, 2017",2017,Milwaukee Bucks,Toronto Raptors,1,Thon Maker,13:25,0,3,.000,0,1,.000,2,2,1.000,1,1,2,2,0,5,2,1,2,-4,.258,.000,.333,.667,8.3,9.7,8.9,22.4,0.0,37.3,34.0,20.8,61,97
3334,201704270MIL,"7:00 PM, April 27, 2017",2017,Milwaukee Bucks,Toronto Raptors,0,Matthew Dellavedova,33:57,4,9,.444,1,4,.250,3,4,.750,1,3,4,4,1,0,1,0,12,+1,.558,.500,.444,.444,3.3,11.5,7.1,21.5,1.7,0.0,8.5,16.4,120,115
3335,201704270MIL,"7:00 PM, April 27, 2017",2017,Milwaukee Bucks,Toronto Raptors,0,Greg Monroe,23:30,2,5,.400,0,0,,2,2,1.000,4,3,7,1,1,1,3,2,6,+11,.510,.400,.000,.400,19.0,16.6,17.9,7.3,2.4,4.3,33.8,17.9,90,109
3336,201704270MIL,"7:00 PM, April 27, 2017",2017,Milwaukee Bucks,Toronto Raptors,0,Jason Terry,17:34,3,7,.429,2,4,.500,0,0,,2,1,3,0,1,1,0,3,8,+7,.571,.571,.571,.000,12.7,7.4,10.2,0.0,3.2,5.7,0.0,18.9,125,109
3337,201704270MIL,"7:00 PM, April 27, 2017",2017,Milwaukee Bucks,Toronto Raptors,0,John Henson,8:45,0,2,.000,0,0,,0,0,,2,2,4,0,1,0,0,1,0,-8,.000,.000,.000,.000,25.5,29.7,27.4,0.0,6.5,0.0,0.0,10.8,60,97
3338,201704270MIL,"7:00 PM, April 27, 2017",2017,Milwaukee Bucks,Toronto Raptors,0,Michael Beasley,0:00,0.0,0.0,0.0,0.0,0.0,0.0,0.0,0.0,0.0,0.0,0.0,0.0,0.0,0.0,0.0,0.0,0.0,0.0,0.0,0.0,0.0,0.0,0.0,0.0,0.0,0.0,0.0,0.0,0.0,0.0,0.0,0.0,0.0
3339,201704270MIL,"7:00 PM, April 27, 2017",2017,Milwaukee Bucks,Toronto Raptors,0,Rashad Vaughn,0:00,0.0,0.0,0.0,0.0,0.0,0.0,0.0,0.0,0.0,0.0,0.0,0.0,0.0,0.0,0.0,0.0,0.0,0.0,0.0,0.0,0.0,0.0,0.0,0.0,0.0,0.0,0.0,0.0,0.0,0.0,0.0,0.0,0.0
3340,201704270MIL,"7:00 PM, April 27, 2017",2017,Milwaukee Bucks,Toronto Raptors,0,Spencer Hawes,0:00,0.0,0.0,0.0,0.0,0.0,0.0,0.0,0.0,0.0,0.0,0.0,0.0,0.0,0.0,0.0,0.0,0.0,0.0,0.0,0.0,0.0,0.0,0.0,0.0,0.0,0.0,0.0,0.0,0.0,0.0,0.0,0.0,0.0
3341,201704270MIL,"7:00 PM, April 27, 2017",2017,Milwaukee Bucks,Toronto Raptors,0,Mirza Teletovic,0:00,0.0,0.0,0.0,0.0,0.0,0.0,0.0,0.0,0.0,0.0,0.0,0.0,0.0,0.0,0.0,0.0,0.0,0.0,0.0,0.0,0.0,0.0,0.0,0.0,0.0,0.0,0.0,0.0,0.0,0.0,0.0,0.0,0.0
3342,201704280ATL,"7:30 PM, April 28, 2017",2017,Washington Wizards,Atlanta Hawks,1,John Wall,43:56,16,25,.640,1,4,.250,9,10,.900,0,1,1,8,4,2,7,1,42,+19,.714,.660,.160,.400,0.0,3.0,1.6,35.6,4.6,4.8,19.2,37.9,125,105
3343,201704280ATL,"7:30 PM, April 28, 2017",2017,Washington Wizards,Atlanta Hawks,1,Markieff Morris,39:56,7,14,.500,2,4,.500,1,3,.333,3,5,8,1,1,3,1,2,17,+20,.555,.571,.286,.214,11.3,16.7,14.1,3.6,1.3,7.8,6.1,18.7,118,107
3344,201704280ATL,"7:30 PM, April 28, 2017",2017,Washington Wizards,Atlanta Hawks,1,Bradley Beal,34:19,11,17,.647,2,3,.667,7,8,.875,2,1,3,3,3,1,3,4,31,+32,.755,.706,.176,.471,8.7,3.9,6.2,15.8,4.5,3.0,12.8,31.3,140,106
3345,201704280ATL,"7:30 PM, April 28, 2017",2017,Washington Wizards,Atlanta Hawks,1,Otto Porter,27:51,3,5,.600,2,4,.500,0,0,,1,7,8,3,2,0,1,4,8,+24,.800,.800,.800,.000,5.4,33.5,20.3,14.0,3.7,0.0,16.7,9.8,147,101
3346,201704280ATL,"7:30 PM, April 28, 2017",2017,Washington Wizards,Atlanta Hawks,1,Marcin Gortat,18:23,1,4,.250,0,0,,0,0,,1,6,7,3,0,0,2,4,2,+7,.250,.250,.000,.000,8.2,43.5,26.9,19.9,0.0,0.0,33.3,14.9,72,106
3347,201704280ATL,"7:30 PM, April 28, 2017",2017,Washington Wizards,Atlanta Hawks,0,Bojan Bogdanovic,24:55,3,6,.500,2,5,.400,2,2,1.000,0,2,2,0,1,1,1,0,10,+8,.727,.667,.833,.333,0.0,10.7,5.7,0.0,2.0,4.2,12.7,14.5,128,109
3348,201704280ATL,"7:30 PM, April 28, 2017",2017,Washington Wizards,Atlanta Hawks,0,Kelly Oubre,20:57,1,4,.250,1,2,.500,2,2,1.000,0,1,1,1,5,0,0,3,5,-12,.512,.375,.500,.500,0.0,6.4,3.4,5.8,12.2,0.0,0.0,10.6,124,89
3349,201704280ATL,"7:30 PM, April 28, 2017",2017,Washington Wizards,Atlanta Hawks,0,Brandon Jennings,16:14,0,2,.000,0,1,.000,0,0,,0,0,0,2,0,0,1,0,0,-19,.000,.000,.500,.000,0.0,0.0,0.0,14.1,0.0,0.0,33.3,8.4,43,118
3350,201704280ATL,"7:30 PM, April 28, 2017",2017,Washington Wizards,Atlanta Hawks,0,Jason Smith,11:20,0,1,.000,0,1,.000,0,0,,1,1,2,0,0,0,0,3,0,+1,.000,.000,1.000,.000,13.2,11.8,12.5,0.0,0.0,0.0,0.0,4.0,75,115
3351,201704280ATL,"7:30 PM, April 28, 2017",2017,Washington Wizards,Atlanta Hawks,0,Tomas Satoransky,0:54,0,0,,0,0,,0,0,,0,0,0,0,0,0,0,0,0,0,,,,,0.0,0.0,0.0,0.0,0.0,0.0,,0.0,0,118
3352,201704280ATL,"7:30 PM, April 28, 2017",2017,Washington Wizards,Atlanta Hawks,0,Daniel Ochefu,0:38,0,0,,0,0,,0,0,,0,1,1,0,0,0,0,1,0,0,,,,,0.0,0.0,0.0,0.0,0.0,0.0,,0.0,0,118
3353,201704280ATL,"7:30 PM, April 28, 2017",2017,Washington Wizards,Atlanta Hawks,0,Sheldon Mac,0:38,0,0,,0,0,,0,0,,0,0,0,0,0,0,0,0,0,0,,,,,0.0,100.0,100.0,0.0,0.0,0.0,,0.0,0,58
3354,201704280ATL,"7:30 PM, April 28, 2017",2017,Washington Wizards,Atlanta Hawks,0,Trey Burke,0:00,0.0,0.0,0.0,0.0,0.0,0.0,0.0,0.0,0.0,0.0,0.0,0.0,0.0,0.0,0.0,0.0,0.0,0.0,0.0,0.0,0.0,0.0,0.0,0.0,0.0,0.0,0.0,0.0,0.0,0.0,0.0,0.0,0.0
3355,201704280ATL,"7:30 PM, April 28, 2017",2017,Atlanta Hawks,Washington Wizards,1,Paul Millsap,46:11,13,23,.565,1,5,.200,4,4,1.000,3,7,10,7,4,1,6,5,31,-12,.626,.587,.217,.174,8.7,22.7,15.3,31.0,4.4,1.9,19.5,29.5,113,115
3356,201704280ATL,"7:30 PM, April 28, 2017",2017,Atlanta Hawks,Washington Wizards,1,Dennis Schroder,40:10,8,18,.444,3,8,.375,7,8,.875,0,1,1,10,2,0,2,3,26,-17,.344,.333,.611,.111,3.3,7.5,5.3,3.9,0.0,0.0,0.0,20.8,84,129
3357,201704280ATL,"7:30 PM, April 28, 2017",2017,Atlanta Hawks,Washington Wizards,1,Tim Hardaway,40:10,5,18,.278,2,11,.182,1,2,.500,1,2,3,1,0,0,0,2,13,-4,.604,.528,.444,.444,0.0,3.7,1.8,43.6,2.5,0.0,8.5,25.9,133,124
3358,201704280ATL,"7:30 PM, April 28, 2017",2017,Atlanta Hawks,Washington Wizards,1,Taurean Waller-Prince,32:50,2,5,.400,0,3,.000,0,0,,1,4,5,2,1,0,2,2,4,-13,.400,.400,.600,.000,4.1,18.3,10.7,8.6,1.6,0.0,28.6,9.4,77,123
3359,201704280ATL,"7:30 PM, April 28, 2017",2017,Atlanta Hawks,Washington Wizards,1,Dwight Howard,22:31,3,4,.750,0,0,,3,3,1.000,4,3,7,1,2,0,5,3,9,-14,.846,.750,.000,.750,23.7,20.0,21.9,7.0,4.5,0.0,48.4,20.3,96,116
3360,201704280ATL,"7:30 PM, April 28, 2017",2017,Atlanta Hawks,Washington Wizards,0,Kent Bazemore,29:46,4,6,.667,1,2,.500,0,0,,0,6,6,3,0,1,7,4,9,-6,.750,.750,.333,.000,0.0,30.2,14.2,15.8,0.0,3.0,53.8,19.3,66,122
3361,201704280ATL,"7:30 PM, April 28, 2017",2017,Atlanta Hawks,Washington Wizards,0,Jose Calderon,15:40,2,4,.500,2,3,.667,0,0,,0,1,1,2,0,1,0,1,6,-5,.750,.750,.750,.000,0.0,9.6,4.5,19.8,0.0,5.7,0.0,11.3,163,124
3362,201704280ATL,"7:30 PM, April 28, 2017",2017,Atlanta Hawks,Washington Wizards,0,Mike Muscala,6:30,0,0,,0,0,,0,0,,1,0,1,0,0,0,0,1,0,-1,,,,,20.5,0.0,10.9,0.0,0.0,0.0,,0.0,223,130
3363,201704280ATL,"7:30 PM, April 28, 2017",2017,Atlanta Hawks,Washington Wizards,0,Ersan Ilyasova,5:02,0,0,,0,0,,1,2,.500,1,0,1,0,0,0,0,1,1,-4,.568,,,,26.5,0.0,14.0,0.0,0.0,0.0,0.0,7.7,148,130
3364,201704280ATL,"7:30 PM, April 28, 2017",2017,Atlanta Hawks,Washington Wizards,0,Mike Dunleavy,1:11,0,0,,0,0,,0,0,,0,0,0,0,0,0,0,0,0,-4,,,,,0.0,0.0,0.0,0.0,0.0,0.0,,0.0,0,130
3365,201704280ATL,"7:30 PM, April 28, 2017",2017,Atlanta Hawks,Washington Wizards,0,Kris Humphries,0:00,0.0,0.0,0.0,0.0,0.0,0.0,0.0,0.0,0.0,0.0,0.0,0.0,0.0,0.0,0.0,0.0,0.0,0.0,0.0,0.0,0.0,0.0,0.0,0.0,0.0,0.0,0.0,0.0,0.0,0.0,0.0,0.0,0.0
3366,201704280ATL,"7:30 PM, April 28, 2017",2017,Atlanta Hawks,Washington Wizards,0,Thabo Sefolosha,0:00,0.0,0.0,0.0,0.0,0.0,0.0,0.0,0.0,0.0,0.0,0.0,0.0,0.0,0.0,0.0,0.0,0.0,0.0,0.0,0.0,0.0,0.0,0.0,0.0,0.0,0.0,0.0,0.0,0.0,0.0,0.0,0.0,0.0
3367,201704280ATL,"7:30 PM, April 28, 2017",2017,Atlanta Hawks,Washington Wizards,0,Malcolm Delaney,0:00,0.0,0.0,0.0,0.0,0.0,0.0,0.0,0.0,0.0,0.0,0.0,0.0,0.0,0.0,0.0,0.0,0.0,0.0,0.0,0.0,0.0,0.0,0.0,0.0,0.0,0.0,0.0,0.0,0.0,0.0,0.0,0.0,0.0
3368,201704280CHI,"8:00 PM, April 28, 2017",2017,Boston Celtics,Chicago Bulls,1,Avery Bradley,30:31,9,12,.750,3,4,.750,2,4,.500,3,2,5,3,0,0,0,2,23,+25,.836,.875,.333,.333,11.5,6.7,8.9,19.0,0.0,0.0,0.0,22.3,169,102
3369,201704280CHI,"8:00 PM, April 28, 2017",2017,Boston Celtics,Chicago Bulls,1,Jae Crowder,27:53,4,8,.500,3,6,.500,1,2,.500,0,5,5,1,1,0,1,0,12,+26,.676,.688,.750,.250,0.0,18.3,9.8,5.4,1.9,0.0,10.1,17.5,113,93
3370,201704280CHI,"8:00 PM, April 28, 2017",2017,Boston Celtics,Chicago Bulls,1,Gerald Green,27:23,6,13,.462,3,8,.375,1,1,1.000,0,2,2,3,0,0,2,1,16,+23,.595,.577,.615,.077,0.0,7.5,4.0,18.5,0.0,0.0,13.0,27.9,105,101
3371,201704280CHI,"8:00 PM, April 28, 2017",2017,Boston Celtics,Chicago Bulls,1,Al Horford,26:57,5,5,1.000,1,1,1.000,1,2,.500,1,5,6,7,0,0,0,1,12,+25,1.020,1.100,.200,.400,4.3,18.9,12.1,41.4,0.0,0.0,0.0,10.8,216,97
3372,201704280CHI,"8:00 PM, April 28, 2017",2017,Boston Celtics,Chicago Bulls,1,Isaiah Thomas,25:40,4,11,.364,1,7,.143,3,4,.750,0,5,5,6,1,0,1,3,12,+24,.470,.409,.636,.364,0.0,19.9,10.6,35.6,2.1,0.0,7.3,26.6,109,92
3373,201704280CHI,"8:00 PM, April 28, 2017",2017,Boston Celtics,Chicago Bulls,0,Marcus Smart,24:44,2,6,.333,2,3,.667,0,0,,1,3,4,2,3,1,1,1,6,+5,.500,.500,.500,.000,4.7,12.4,8.8,11.1,6.6,3.1,14.3,14.0,101,83
3374,201704280CHI,"8:00 PM, April 28, 2017",2017,Boston Celtics,Chicago Bulls,0,Terry Rozier,22:20,2,4,.500,2,2,1.000,3,4,.750,1,1,2,2,1,1,0,1,9,-2,.781,.750,.500,1.000,5.2,4.6,4.9,12.4,2.4,3.5,0.0,12.8,168,94
3375,201704280CHI,"8:00 PM, April 28, 2017",2017,Boston Celtics,Chicago Bulls,0,Kelly Olynyk,19:04,3,8,.375,0,2,.000,0,0,,1,5,6,0,0,2,1,3,6,-1,.375,.375,.250,.000,6.1,26.8,17.2,0.0,0.0,8.1,11.1,23.4,72,88
3376,201704280CHI,"8:00 PM, April 28, 2017",2017,Boston Celtics,Chicago Bulls,0,Jonas Jerebko,19:02,1,4,.250,1,3,.333,0,0,,0,4,4,4,1,1,2,1,3,-1,.375,.375,.750,.000,0.0,21.5,11.5,27.7,2.8,4.1,33.3,15.6,81,87
3377,201704280CHI,"8:00 PM, April 28, 2017",2017,Boston Celtics,Chicago Bulls,0,Jaylen Brown,7:28,3,7,.429,0,2,.000,0,1,.000,0,2,2,0,0,0,1,0,6,-4,.403,.429,.286,.143,0.0,27.4,14.6,0.0,0.0,0.0,11.8,56.0,65,94
3378,201704280CHI,"8:00 PM, April 28, 2017",2017,Boston Celtics,Chicago Bulls,0,Tyler Zeller,5:09,0,1,.000,0,0,,0,0,,0,2,2,0,0,0,0,0,0,-5,.000,.000,.000,.000,0.0,39.7,21.2,0.0,0.0,0.0,0.0,9.6,0,90
3379,201704280CHI,"8:00 PM, April 28, 2017",2017,Boston Celtics,Chicago Bulls,0,James Young,3:49,0,1,.000,0,1,.000,0,0,,0,0,0,0,0,0,0,1,0,-5,.000,.000,1.000,.000,0.0,0.0,0.0,0.0,0.0,0.0,0.0,13.0,0,104
3380,201704280CHI,"8:00 PM, April 28, 2017",2017,Boston Celtics,Chicago Bulls,0,Amir Johnson,0:00,0.0,0.0,0.0,0.0,0.0,0.0,0.0,0.0,0.0,0.0,0.0,0.0,0.0,0.0,0.0,0.0,0.0,0.0,0.0,0.0,0.0,0.0,0.0,0.0,0.0,0.0,0.0,0.0,0.0,0.0,0.0,0.0,0.0
3381,201704280CHI,"8:00 PM, April 28, 2017",2017,Chicago Bulls,Boston Celtics,1,Jimmy Butler,31:23,9,17,.529,0,2,.000,5,5,1.000,2,5,7,0,3,0,3,1,23,-19,.599,.529,.118,.294,6.5,18.7,12.2,0.0,5.2,0.0,13.5,33.5,108,110
3382,201704280CHI,"8:00 PM, April 28, 2017",2017,Chicago Bulls,Boston Celtics,1,Isaiah Canaan,25:03,3,5,.600,1,2,.500,2,2,1.000,0,0,0,1,0,0,1,1,9,-27,.765,.700,.400,.400,0.0,0.0,0.0,7.3,0.0,0.0,14.5,13.0,134,125
3383,201704280CHI,"8:00 PM, April 28, 2017",2017,Chicago Bulls,Boston Celtics,1,Robin Lopez,24:15,5,9,.556,0,0,,0,0,,2,3,5,0,0,1,3,3,10,-16,.556,.556,.000,.000,8.4,14.5,11.2,0.0,0.0,4.8,25.0,23.4,86,118
3384,201704280CHI,"8:00 PM, April 28, 2017",2017,Chicago Bulls,Boston Celtics,1,Nikola Mirotic,19:55,2,4,.500,1,3,.333,0,0,,1,1,2,1,0,0,0,1,5,-27,.625,.625,.750,.000,5.1,5.9,5.5,8.9,0.0,0.0,0.0,9.5,140,124
3385,201704280CHI,"8:00 PM, April 28, 2017",2017,Chicago Bulls,Boston Celtics,1,Dwyane Wade,19:12,1,10,.100,0,2,.000,0,0,,1,2,3,3,1,0,0,1,2,-27,.100,.100,.200,.000,5.3,12.2,8.5,25.4,2.8,0.0,0.0,24.6,44,116
3386,201704280CHI,"8:00 PM, April 28, 2017",2017,Chicago Bulls,Boston Celtics,0,Bobby Portis,29:58,2,7,.286,1,2,.500,0,0,,2,8,10,2,1,0,1,4,5,-3,.357,.357,.286,.000,6.8,31.3,18.2,11.1,1.8,0.0,12.5,12.6,85,114
3387,201704280CHI,"8:00 PM, April 28, 2017",2017,Chicago Bulls,Boston Celtics,0,Paul Zipser,28:16,3,9,.333,1,3,.333,0,0,,1,5,6,1,0,0,0,2,7,-10,.389,.389,.333,.000,3.6,20.7,11.6,6.3,0.0,0.0,0.0,15.1,92,121
3388,201704280CHI,"8:00 PM, April 28, 2017",2017,Chicago Bulls,Boston Celtics,0,Denzel Valentine,15:43,1,5,.200,0,3,.000,0,0,,0,4,4,1,0,1,1,1,2,+1,.200,.200,.600,.000,0.0,29.8,13.9,10.6,0.0,7.4,16.7,18.1,43,114
3389,201704280CHI,"8:00 PM, April 28, 2017",2017,Chicago Bulls,Boston Celtics,0,Joffrey Lauvergne,15:03,1,4,.250,0,0,,6,6,1.000,2,3,5,2,0,0,1,0,8,+8,.602,.250,.000,1.500,13.6,23.3,18.1,22.1,0.0,0.0,13.1,24.0,128,121
3390,201704280CHI,"8:00 PM, April 28, 2017",2017,Chicago Bulls,Boston Celtics,0,Michael Carter-Williams,13:30,3,6,.500,0,1,.000,2,4,.500,0,0,0,2,0,0,1,1,8,+8,.515,.500,.167,.667,0.0,0.0,0.0,33.3,0.0,0.0,11.4,30.7,101,125
3391,201704280CHI,"8:00 PM, April 28, 2017",2017,Chicago Bulls,Boston Celtics,0,Anthony Morrow,7:54,0,2,.000,0,0,,0,0,,0,1,1,0,0,0,0,0,0,-3,.000,.000,.000,.000,0.0,14.8,6.9,0.0,0.0,0.0,0.0,12.0,0,123
3392,201704280CHI,"8:00 PM, April 28, 2017",2017,Chicago Bulls,Boston Celtics,0,Jerian Grant,5:09,2,3,.667,0,1,.000,0,0,,0,1,1,0,0,0,1,0,4,+5,.667,.667,.333,.000,0.0,22.7,10.6,0.0,0.0,0.0,25.0,36.7,85,121
3393,201704280CHI,"8:00 PM, April 28, 2017",2017,Chicago Bulls,Boston Celtics,0,Cristiano Felicio,4:39,0,0,,0,0,,0,0,,0,1,1,0,0,0,1,1,0,0,,,,,0.0,25.2,11.7,0.0,0.0,0.0,100.0,10.2,0,119
3394,201704280UTA,"10:30 PM, April 28, 2017",2017,Los Angeles Clippers,Utah Jazz,1,DeAndre Jordan,38:20,5,8,.625,0,0,,3,11,.273,4,14,18,1,0,0,7,5,13,-1,.506,.625,.000,1.375,13.2,41.7,28.2,4.1,0.0,0.0,35.3,24.3,74,100
3395,201704280UTA,"10:30 PM, April 28, 2017",2017,Los Angeles Clippers,Utah Jazz,1,Chris Paul,37:53,10,20,.500,2,6,.333,7,8,.875,0,3,3,8,2,0,4,4,29,0,.616,.550,.300,.400,0.0,9.1,4.8,41.7,2.9,0.0,14.5,34.0,121,105
3396,201704280UTA,"10:30 PM, April 28, 2017",2017,Los Angeles Clippers,Utah Jazz,1,Austin Rivers,34:34,5,10,.500,3,7,.429,0,0,,1,3,4,0,0,1,1,3,13,+4,.650,.650,.700,.000,3.7,9.9,6.9,0.0,0.0,2.7,9.1,14.9,122,109
3397,201704280UTA,"10:30 PM, April 28, 2017",2017,Los Angeles Clippers,Utah Jazz,1,Luc Mbah a Moute,28:44,5,8,.625,1,1,1.000,2,4,.500,1,5,6,1,1,0,0,4,13,-9,.666,.688,.125,.500,4.4,19.9,12.5,5.8,1.9,0.0,0.0,15.9,143,103
3398,201704280UTA,"10:30 PM, April 28, 2017",2017,Los Angeles Clippers,Utah Jazz,1,J.J. Redick,20:31,1,4,.250,1,2,.500,1,1,1.000,0,1,1,1,0,0,1,1,4,-7,.450,.375,.500,.250,0.0,5.6,2.9,6.7,0.0,0.0,18.4,12.4,88,112
3399,201704280UTA,"10:30 PM, April 28, 2017",2017,Los Angeles Clippers,Utah Jazz,0,Jamal Crawford,29:03,5,12,.417,0,1,.000,2,2,1.000,0,1,1,3,1,0,1,1,12,+19,.466,.417,.083,.167,0.0,3.9,2.1,17.2,1.9,0.0,7.2,22.4,103,109
3400,201704280UTA,"10:30 PM, April 28, 2017",2017,Los Angeles Clippers,Utah Jazz,0,Paul Pierce,21:43,1,3,.333,1,2,.500,0,0,,1,2,3,2,0,0,1,3,3,+10,.500,.500,.667,.000,5.8,10.5,8.3,12.7,0.0,0.0,25.0,8.6,106,110
3401,201704280UTA,"10:30 PM, April 28, 2017",2017,Los Angeles Clippers,Utah Jazz,0,Raymond Felton,19:33,1,4,.250,0,1,.000,0,0,,1,2,3,1,1,0,1,2,2,+3,.250,.250,.250,.000,6.5,11.7,9.2,7.1,2.8,0.0,20.0,12.0,66,104
3402,201704280UTA,"10:30 PM, April 28, 2017",2017,Los Angeles Clippers,Utah Jazz,0,Marreese Speights,9:40,4,6,.667,1,1,1.000,0,0,,2,1,3,0,0,1,0,1,9,+6,.750,.750,.167,.000,26.1,11.8,18.6,0.0,0.0,9.5,0.0,29.1,152,104
3403,201704280UTA,"10:30 PM, April 28, 2017",2017,Los Angeles Clippers,Utah Jazz,0,Alan Anderson,0:00,0.0,0.0,0.0,0.0,0.0,0.0,0.0,0.0,0.0,0.0,0.0,0.0,0.0,0.0,0.0,0.0,0.0,0.0,0.0,0.0,0.0,0.0,0.0,0.0,0.0,0.0,0.0,0.0,0.0,0.0,0.0,0.0,0.0
3404,201704280UTA,"10:30 PM, April 28, 2017",2017,Los Angeles Clippers,Utah Jazz,0,Wesley Johnson,0:00,0.0,0.0,0.0,0.0,0.0,0.0,0.0,0.0,0.0,0.0,0.0,0.0,0.0,0.0,0.0,0.0,0.0,0.0,0.0,0.0,0.0,0.0,0.0,0.0,0.0,0.0,0.0,0.0,0.0,0.0,0.0,0.0,0.0
3405,201704280UTA,"10:30 PM, April 28, 2017",2017,Los Angeles Clippers,Utah Jazz,0,Brandon Bass,0:00,0.0,0.0,0.0,0.0,0.0,0.0,0.0,0.0,0.0,0.0,0.0,0.0,0.0,0.0,0.0,0.0,0.0,0.0,0.0,0.0,0.0,0.0,0.0,0.0,0.0,0.0,0.0,0.0,0.0,0.0,0.0,0.0,0.0
3406,201704280UTA,"10:30 PM, April 28, 2017",2017,Los Angeles Clippers,Utah Jazz,0,Brice Johnson,0:00,0.0,0.0,0.0,0.0,0.0,0.0,0.0,0.0,0.0,0.0,0.0,0.0,0.0,0.0,0.0,0.0,0.0,0.0,0.0,0.0,0.0,0.0,0.0,0.0,0.0,0.0,0.0,0.0,0.0,0.0,0.0,0.0,0.0
3407,201704280UTA,"10:30 PM, April 28, 2017",2017,Utah Jazz,Los Angeles Clippers,1,Gordon Hayward,42:08,9,20,.450,3,9,.333,10,11,.909,0,8,8,4,2,0,2,1,31,-3,.624,.525,.450,.550,0.0,24.0,11.4,21.0,2.6,0.0,7.5,30.7,125,108
3408,201704280UTA,"10:30 PM, April 28, 2017",2017,Utah Jazz,Los Angeles Clippers,1,Rudy Gobert,33:27,5,10,.500,0,0,,5,10,.500,4,5,9,2,2,3,1,3,15,-6,.521,.500,.000,1.000,13.7,18.9,16.1,11.6,3.2,8.0,6.5,22.2,115,102
3409,201704280UTA,"10:30 PM, April 28, 2017",2017,Utah Jazz,Los Angeles Clippers,1,Joe Ingles,32:22,0,4,.000,0,3,.000,0,0,,1,1,2,3,2,0,0,5,0,+12,.000,.000,.750,.000,3.5,3.9,3.7,13.9,3.3,0.0,0.0,6.0,54,110
3410,201704280UTA,"10:30 PM, April 28, 2017",2017,Utah Jazz,Los Angeles Clippers,1,George Hill,31:30,8,13,.615,1,2,.500,5,9,.556,1,4,5,3,0,1,0,3,22,+7,.649,.654,.154,.692,3.6,16.0,9.5,23.1,0.0,2.8,0.0,26.0,138,113
3411,201704280UTA,"10:30 PM, April 28, 2017",2017,Utah Jazz,Los Angeles Clippers,1,Boris Diaw,14:15,2,2,1.000,1,1,1.000,0,0,,0,2,2,1,0,0,0,1,5,+13,1.250,1.250,.500,.000,0.0,17.7,8.4,13.3,0.0,0.0,0.0,6.8,246,114
3412,201704280UTA,"10:30 PM, April 28, 2017",2017,Utah Jazz,Los Angeles Clippers,0,Joe Johnson,33:45,3,9,.333,1,4,.250,2,3,.667,2,1,3,3,0,0,3,1,9,-18,.436,.389,.444,.333,6.8,3.7,5.3,15.4,0.0,0.0,22.5,19.0,85,118
3413,201704280UTA,"10:30 PM, April 28, 2017",2017,Utah Jazz,Los Angeles Clippers,0,Rodney Hood,24:26,2,10,.200,0,6,.000,0,0,,0,2,2,0,0,0,1,3,4,-21,.200,.200,.600,.000,0.0,10.3,4.9,0.0,0.0,0.0,9.1,21.7,40,116
3414,201704280UTA,"10:30 PM, April 28, 2017",2017,Utah Jazz,Los Angeles Clippers,0,Derrick Favors,14:33,1,6,.167,0,0,,0,0,,2,5,7,2,2,1,0,2,2,+1,.167,.167,.000,.000,15.7,43.4,28.9,23.0,7.4,6.1,0.0,19.9,73,88
3415,201704280UTA,"10:30 PM, April 28, 2017",2017,Utah Jazz,Los Angeles Clippers,0,Raul Neto,13:34,2,4,.500,1,1,1.000,0,0,,0,0,0,0,0,0,0,1,5,-10,.625,.625,.250,.000,0.0,0.0,0.0,0.0,0.0,0.0,0.0,14.2,123,119
3416,201704280UTA,"10:30 PM, April 28, 2017",2017,Utah Jazz,Los Angeles Clippers,0,Dante Exum,0:00,0.0,0.0,0.0,0.0,0.0,0.0,0.0,0.0,0.0,0.0,0.0,0.0,0.0,0.0,0.0,0.0,0.0,0.0,0.0,0.0,0.0,0.0,0.0,0.0,0.0,0.0,0.0,0.0,0.0,0.0,0.0,0.0,0.0
3417,201704280UTA,"10:30 PM, April 28, 2017",2017,Utah Jazz,Los Angeles Clippers,0,Jeff Withey,0:00,0.0,0.0,0.0,0.0,0.0,0.0,0.0,0.0,0.0,0.0,0.0,0.0,0.0,0.0,0.0,0.0,0.0,0.0,0.0,0.0,0.0,0.0,0.0,0.0,0.0,0.0,0.0,0.0,0.0,0.0,0.0,0.0,0.0
3418,201704280UTA,"10:30 PM, April 28, 2017",2017,Utah Jazz,Los Angeles Clippers,0,Trey Lyles,0:00,0.0,0.0,0.0,0.0,0.0,0.0,0.0,0.0,0.0,0.0,0.0,0.0,0.0,0.0,0.0,0.0,0.0,0.0,0.0,0.0,0.0,0.0,0.0,0.0,0.0,0.0,0.0,0.0,0.0,0.0,0.0,0.0,0.0
3419,201704280UTA,"10:30 PM, April 28, 2017",2017,Utah Jazz,Los Angeles Clippers,0,Shelvin Mack,0:00,0.0,0.0,0.0,0.0,0.0,0.0,0.0,0.0,0.0,0.0,0.0,0.0,0.0,0.0,0.0,0.0,0.0,0.0,0.0,0.0,0.0,0.0,0.0,0.0,0.0,0.0,0.0,0.0,0.0,0.0,0.0,0.0,0.0
3420,201704300BOS,"1:00 PM, April 30, 2017",2017,Washington Wizards,Boston Celtics,1,Otto Porter,40:48,7,10,.700,1,3,.333,1,2,.500,2,9,11,1,2,0,0,2,16,+3,.735,.750,.300,.200,6.2,27.9,17.0,3.3,2.5,0.0,0.0,11.8,156,128
3421,201704300BOS,"1:00 PM, April 30, 2017",2017,Washington Wizards,Boston Celtics,1,Bradley Beal,40:02,9,19,.474,4,7,.571,5,7,.714,0,1,1,4,1,1,3,4,27,-7,.611,.579,.368,.368,0.0,3.2,1.6,14.4,1.3,2.4,12.0,27.7,118,137
3422,201704300BOS,"1:00 PM, April 30, 2017",2017,Washington Wizards,Boston Celtics,1,Marcin Gortat,39:13,7,13,.538,0,0,,2,5,.400,8,5,13,4,1,1,0,1,16,-15,.526,.538,.000,.385,25.8,16.1,20.9,13.8,1.3,2.4,0.0,17.1,138,133
3423,201704300BOS,"1:00 PM, April 30, 2017",2017,Washington Wizards,Boston Celtics,1,John Wall,39:09,9,20,.450,1,5,.200,1,2,.500,0,4,4,16,1,2,8,1,20,-5,.479,.475,.250,.100,0.0,12.9,6.5,59.5,1.3,4.8,27.7,32.6,97,132
3424,201704300BOS,"1:00 PM, April 30, 2017",2017,Washington Wizards,Boston Celtics,1,Markieff Morris,11:20,2,7,.286,0,1,.000,1,1,1.000,1,2,3,0,0,1,0,0,5,+7,.336,.286,.143,.143,11.1,22.3,16.7,0.0,0.0,8.3,0.0,29.0,87,131
3425,201704300BOS,"1:00 PM, April 30, 2017",2017,Washington Wizards,Boston Celtics,0,Kelly Oubre,25:58,5,8,.625,2,4,.500,0,0,,0,1,1,0,0,2,1,3,12,-22,.750,.750,.500,.000,0.0,4.9,2.4,0.0,0.0,7.2,11.1,15.3,127,136
3426,201704300BOS,"1:00 PM, April 30, 2017",2017,Washington Wizards,Boston Celtics,0,Bojan Bogdanovic,18:48,3,5,.600,2,3,.667,2,3,.667,0,3,3,1,1,0,0,3,10,-15,.791,.800,.600,.600,0.0,20.2,10.1,7.0,2.8,0.0,0.0,14.8,165,129
3427,201704300BOS,"1:00 PM, April 30, 2017",2017,Washington Wizards,Boston Celtics,0,Brandon Jennings,12:45,0,2,.000,0,0,,0,0,,0,1,1,1,0,0,0,0,0,-6,.000,.000,.000,.000,0.0,9.9,5.0,8.6,0.0,0.0,0.0,6.9,37,139
3428,201704300BOS,"1:00 PM, April 30, 2017",2017,Washington Wizards,Boston Celtics,0,Jason Smith,9:38,2,3,.667,0,0,,1,2,.500,1,0,1,0,0,0,0,0,5,+1,.644,.667,.000,.667,13.1,0.0,6.6,0.0,0.0,0.0,0.0,17.8,140,142
3429,201704300BOS,"1:00 PM, April 30, 2017",2017,Washington Wizards,Boston Celtics,0,Tomas Satoransky,1:27,0,0,,0,0,,0,0,,0,0,0,0,0,0,0,0,0,-1,,,,,0.0,0.0,0.0,0.0,0.0,0.0,,0.0,0,142
3430,201704300BOS,"1:00 PM, April 30, 2017",2017,Washington Wizards,Boston Celtics,0,Daniel Ochefu,0:53,0,0,,0,0,,0,0,,0,0,0,0,0,0,0,0,0,0,,,,,0.0,0.0,0.0,0.0,0.0,0.0,,0.0,0,142
3431,201704300BOS,"1:00 PM, April 30, 2017",2017,Washington Wizards,Boston Celtics,0,Trey Burke,0:00,0.0,0.0,0.0,0.0,0.0,0.0,0.0,0.0,0.0,0.0,0.0,0.0,0.0,0.0,0.0,0.0,0.0,0.0,0.0,0.0,0.0,0.0,0.0,0.0,0.0,0.0,0.0,0.0,0.0,0.0,0.0,0.0,0.0
3432,201704300BOS,"1:00 PM, April 30, 2017",2017,Washington Wizards,Boston Celtics,0,Sheldon Mac,0:00,0.0,0.0,0.0,0.0,0.0,0.0,0.0,0.0,0.0,0.0,0.0,0.0,0.0,0.0,0.0,0.0,0.0,0.0,0.0,0.0,0.0,0.0,0.0,0.0,0.0,0.0,0.0,0.0,0.0,0.0,0.0,0.0,0.0
3433,201704300BOS,"1:00 PM, April 30, 2017",2017,Boston Celtics,Washington Wizards,1,Avery Bradley,38:49,7,20,.350,3,9,.333,1,1,1.000,3,2,5,4,4,0,1,5,18,+7,.440,.425,.450,.050,9.8,6.5,8.1,13.2,5.3,0.0,4.7,24.6,111,115
3434,201704300BOS,"1:00 PM, April 30, 2017",2017,Boston Celtics,Washington Wizards,1,Isaiah Thomas,38:08,11,23,.478,5,11,.455,6,7,.857,0,1,1,9,0,1,2,0,33,0,.633,.587,.478,.304,0.0,3.3,1.7,35.2,0.0,2.0,7.1,32.8,138,127
3435,201704300BOS,"1:00 PM, April 30, 2017",2017,Boston Celtics,Washington Wizards,1,Jae Crowder,35:22,8,14,.571,6,8,.750,2,2,1.000,2,4,6,1,1,0,0,3,24,+26,.806,.786,.571,.143,7.1,14.3,10.7,3.9,1.5,0.0,0.0,18.8,168,122
3436,201704300BOS,"1:00 PM, April 30, 2017",2017,Boston Celtics,Washington Wizards,1,Al Horford,35:18,10,13,.769,1,3,.333,0,0,,5,4,9,10,0,1,3,3,21,+21,.808,.808,.231,.000,17.9,14.3,16.1,42.0,0.0,2.1,18.8,20.2,156,124
3437,201704300BOS,"1:00 PM, April 30, 2017",2017,Boston Celtics,Washington Wizards,1,Gerald Green,7:25,0,0,,0,0,,0,0,,0,0,0,0,0,0,0,0,0,-13,,,,,0.0,0.0,0.0,0.0,0.0,0.0,,0.0,0,130
3438,201704300BOS,"1:00 PM, April 30, 2017",2017,Boston Celtics,Washington Wizards,0,Marcus Smart,30:56,2,5,.400,1,3,.333,1,2,.500,0,3,3,4,3,3,2,4,6,+12,.510,.500,.600,.400,0.0,12.3,6.1,14.5,5.0,7.3,25.4,11.4,102,110
3439,201704300BOS,"1:00 PM, April 30, 2017",2017,Boston Celtics,Washington Wizards,0,Kelly Olynyk,17:34,5,7,.714,2,2,1.000,0,1,.000,0,4,4,2,0,0,2,4,12,+4,.806,.857,.286,.143,0.0,28.8,14.4,16.9,0.0,0.0,21.2,24.0,118,120
3440,201704300BOS,"1:00 PM, April 30, 2017",2017,Boston Celtics,Washington Wizards,0,Terry Rozier,15:07,1,3,.333,0,2,.000,2,2,1.000,2,6,8,1,0,1,0,4,4,+13,.515,.333,.667,.667,16.7,50.1,33.4,7.4,0.0,5.0,0.0,11.4,150,111
3441,201704300BOS,"1:00 PM, April 30, 2017",2017,Boston Celtics,Washington Wizards,0,Amir Johnson,8:43,0,1,.000,0,0,,0,0,,0,0,0,0,0,1,0,2,0,-7,.000,.000,.000,.000,0.0,0.0,0.0,0.0,0.0,8.6,0.0,5.1,0,122
3442,201704300BOS,"1:00 PM, April 30, 2017",2017,Boston Celtics,Washington Wizards,0,Jaylen Brown,6:09,2,3,.667,1,1,1.000,0,0,,0,2,2,1,0,0,1,0,5,+8,.833,.833,.333,.000,0.0,41.1,20.5,25.7,0.0,0.0,25.0,29.0,119,118
3443,201704300BOS,"1:00 PM, April 30, 2017",2017,Boston Celtics,Washington Wizards,0,Jonas Jerebko,5:36,0,1,.000,0,0,,0,0,,0,0,0,0,0,0,0,0,0,-11,.000,.000,.000,.000,0.0,0.0,0.0,0.0,0.0,0.0,0.0,8.0,0,130
3444,201704300BOS,"1:00 PM, April 30, 2017",2017,Boston Celtics,Washington Wizards,0,James Young,0:53,0,0,,0,0,,0,0,,0,0,0,0,0,0,0,0,0,0,,,,,0.0,0.0,0.0,0.0,0.0,0.0,,0.0,0,130
3445,201704300BOS,"1:00 PM, April 30, 2017",2017,Boston Celtics,Washington Wizards,0,Tyler Zeller,0:00,0.0,0.0,0.0,0.0,0.0,0.0,0.0,0.0,0.0,0.0,0.0,0.0,0.0,0.0,0.0,0.0,0.0,0.0,0.0,0.0,0.0,0.0,0.0,0.0,0.0,0.0,0.0,0.0,0.0,0.0,0.0,0.0,0.0
3446,201704300LAC,"3:30 PM, April 30, 2017",2017,Utah Jazz,Los Angeles Clippers,1,Gordon Hayward,42:27,9,20,.450,2,3,.667,6,6,1.000,1,7,8,3,0,0,2,4,26,+13,.574,.500,.150,.300,3.0,17.2,10.8,11.4,0.0,0.0,8.1,28.7,117,107
3447,201704300LAC,"3:30 PM, April 30, 2017",2017,Utah Jazz,Los Angeles Clippers,1,Joe Ingles,36:03,4,6,.667,2,3,.667,2,2,1.000,0,5,5,0,4,1,0,2,12,+6,.872,.833,.500,.333,0.0,14.5,7.9,0.0,6.1,2.4,0.0,9.4,177,94
3448,201704300LAC,"3:30 PM, April 30, 2017",2017,Utah Jazz,Los Angeles Clippers,1,George Hill,34:54,7,13,.538,1,2,.500,2,2,1.000,2,2,4,5,0,0,2,3,17,+21,.612,.577,.154,.154,7.2,6.0,6.5,22.6,0.0,0.0,12.6,22.5,123,110
3449,201704300LAC,"3:30 PM, April 30, 2017",2017,Utah Jazz,Los Angeles Clippers,1,Boris Diaw,17:22,4,6,.667,0,0,,2,2,1.000,0,2,2,3,1,1,2,0,10,+9,.727,.667,.000,.333,0.0,12.0,6.6,28.6,3.2,5.0,22.5,25.3,120,99
3450,201704300LAC,"3:30 PM, April 30, 2017",2017,Utah Jazz,Los Angeles Clippers,1,Rudy Gobert,13:26,0,1,.000,0,0,,1,2,.500,0,4,4,0,0,0,0,6,1,+1,.266,.000,.000,2.000,0.0,31.1,17.0,0.0,0.0,0.0,0.0,6.9,63,100
3451,201704300LAC,"3:30 PM, April 30, 2017",2017,Utah Jazz,Los Angeles Clippers,0,Joe Johnson,30:19,4,13,.308,0,1,.000,2,4,.500,2,5,7,5,0,0,0,1,10,+8,.339,.308,.077,.308,8.3,17.2,13.2,23.5,0.0,0.0,0.0,24.1,98,108
3452,201704300LAC,"3:30 PM, April 30, 2017",2017,Utah Jazz,Los Angeles Clippers,0,Derrick Favors,29:47,8,11,.727,0,0,,1,2,.500,4,7,11,3,1,0,0,6,17,+15,.715,.727,.000,.182,17.0,24.5,21.1,17.8,1.8,0.0,0.0,19.7,158,100
3453,201704300LAC,"3:30 PM, April 30, 2017",2017,Utah Jazz,Los Angeles Clippers,0,Rodney Hood,19:48,4,6,.667,1,3,.333,2,3,.667,0,3,3,1,1,0,2,1,11,-8,.751,.750,.500,.500,0.0,15.8,8.7,8.0,2.8,0.0,21.5,23.3,114,102
3454,201704300LAC,"3:30 PM, April 30, 2017",2017,Utah Jazz,Los Angeles Clippers,0,Dante Exum,7:50,0,2,.000,0,0,,0,0,,1,1,2,2,1,0,0,0,0,+4,.000,.000,.000,.000,16.1,13.3,14.6,30.6,7.0,0.0,0.0,12.6,82,95
3455,201704300LAC,"3:30 PM, April 30, 2017",2017,Utah Jazz,Los Angeles Clippers,0,Shelvin Mack,3:13,0,0,,0,0,,0,0,,0,0,0,0,0,0,0,0,0,+3,,,,,0.0,0.0,0.0,0.0,0.0,0.0,,0.0,0,113
3456,201704300LAC,"3:30 PM, April 30, 2017",2017,Utah Jazz,Los Angeles Clippers,0,Jeff Withey,2:56,0,0,,0,0,,0,0,,0,0,0,0,0,0,0,1,0,-3,,,,,0.0,0.0,0.0,0.0,0.0,0.0,,0.0,0,110
3457,201704300LAC,"3:30 PM, April 30, 2017",2017,Utah Jazz,Los Angeles Clippers,0,Raul Neto,1:55,0,1,.000,0,1,.000,0,0,,0,0,0,0,0,0,0,0,0,-4,.000,.000,1.000,.000,0.0,0.0,0.0,0.0,0.0,0.0,0.0,25.8,0,113
3458,201704300LAC,"3:30 PM, April 30, 2017",2017,Utah Jazz,Los Angeles Clippers,0,Trey Lyles,0:00,0.0,0.0,0.0,0.0,0.0,0.0,0.0,0.0,0.0,0.0,0.0,0.0,0.0,0.0,0.0,0.0,0.0,0.0,0.0,0.0,0.0,0.0,0.0,0.0,0.0,0.0,0.0,0.0,0.0,0.0,0.0,0.0,0.0
3459,201704300LAC,"3:30 PM, April 30, 2017",2017,Los Angeles Clippers,Utah Jazz,1,Chris Paul,40:03,6,19,.316,1,7,.143,0,1,.000,0,4,4,9,0,0,3,2,13,-10,.334,.342,.368,.053,0.0,12.6,5.7,38.8,0.0,0.0,13.4,26.5,78,122
3460,201704300LAC,"3:30 PM, April 30, 2017",2017,Los Angeles Clippers,Utah Jazz,1,DeAndre Jordan,39:30,9,12,.750,0,0,,6,15,.400,6,12,18,1,0,0,2,3,24,-16,.645,.750,.000,1.250,15.9,38.4,26.0,5.1,0.0,0.0,9.7,24.7,124,116
3461,201704300LAC,"3:30 PM, April 30, 2017",2017,Los Angeles Clippers,Utah Jazz,1,Austin Rivers,37:50,4,12,.333,1,4,.250,0,0,,0,2,2,1,1,0,2,2,9,-12,.375,.375,.333,.000,0.0,6.7,3.0,4.2,1.4,0.0,14.3,17.5,68,120
3462,201704300LAC,"3:30 PM, April 30, 2017",2017,Los Angeles Clippers,Utah Jazz,1,J.J. Redick,22:16,1,5,.200,1,2,.500,0,0,,0,2,2,0,0,0,1,0,3,-16,.300,.300,.400,.000,0.0,11.3,5.1,0.0,0.0,0.0,16.7,12.8,52,122
3463,201704300LAC,"3:30 PM, April 30, 2017",2017,Los Angeles Clippers,Utah Jazz,1,Luc Mbah a Moute,14:34,0,2,.000,0,1,.000,2,2,1.000,1,1,2,0,0,2,0,3,2,-9,.347,.000,.500,1.000,7.2,8.7,7.8,0.0,0.0,10.0,0.0,9.4,97,114
3464,201704300LAC,"3:30 PM, April 30, 2017",2017,Los Angeles Clippers,Utah Jazz,0,Jamal Crawford,32:05,8,16,.500,1,4,.250,3,3,1.000,0,3,3,3,0,0,1,1,20,-3,.577,.531,.250,.188,0.0,11.8,5.3,19.5,0.0,0.0,5.5,27.0,117,122
3465,201704300LAC,"3:30 PM, April 30, 2017",2017,Los Angeles Clippers,Utah Jazz,0,Raymond Felton,23:43,3,5,.600,0,0,,0,0,,1,0,1,2,1,0,0,2,6,+5,.600,.600,.000,.000,4.4,0.0,2.4,14.0,2.3,0.0,0.0,10.0,137,120
3466,201704300LAC,"3:30 PM, April 30, 2017",2017,Los Angeles Clippers,Utah Jazz,0,Paul Pierce,21:30,2,4,.500,1,3,.333,1,1,1.000,1,2,3,1,1,0,0,3,6,-7,.676,.625,.750,.250,4.9,11.8,8.0,7.3,2.5,0.0,0.0,9.8,149,116
3467,201704300LAC,"3:30 PM, April 30, 2017",2017,Los Angeles Clippers,Utah Jazz,0,Marreese Speights,8:30,2,5,.400,1,4,.250,3,4,.750,1,2,3,0,0,0,1,3,8,+3,.592,.500,.800,.800,12.3,29.7,20.2,0.0,0.0,0.0,12.9,43.2,110,117
3468,201704300LAC,"3:30 PM, April 30, 2017",2017,Los Angeles Clippers,Utah Jazz,0,Brice Johnson,0:00,0.0,0.0,0.0,0.0,0.0,0.0,0.0,0.0,0.0,0.0,0.0,0.0,0.0,0.0,0.0,0.0,0.0,0.0,0.0,0.0,0.0,0.0,0.0,0.0,0.0,0.0,0.0,0.0,0.0,0.0,0.0,0.0,0.0
3469,201704300LAC,"3:30 PM, April 30, 2017",2017,Los Angeles Clippers,Utah Jazz,0,Alan Anderson,0:00,0.0,0.0,0.0,0.0,0.0,0.0,0.0,0.0,0.0,0.0,0.0,0.0,0.0,0.0,0.0,0.0,0.0,0.0,0.0,0.0,0.0,0.0,0.0,0.0,0.0,0.0,0.0,0.0,0.0,0.0,0.0,0.0,0.0
3470,201704300LAC,"3:30 PM, April 30, 2017",2017,Los Angeles Clippers,Utah Jazz,0,Wesley Johnson,0:00,0.0,0.0,0.0,0.0,0.0,0.0,0.0,0.0,0.0,0.0,0.0,0.0,0.0,0.0,0.0,0.0,0.0,0.0,0.0,0.0,0.0,0.0,0.0,0.0,0.0,0.0,0.0,0.0,0.0,0.0,0.0,0.0,0.0
3471,201704300LAC,"3:30 PM, April 30, 2017",2017,Los Angeles Clippers,Utah Jazz,0,Brandon Bass,0:00,0.0,0.0,0.0,0.0,0.0,0.0,0.0,0.0,0.0,0.0,0.0,0.0,0.0,0.0,0.0,0.0,0.0,0.0,0.0,0.0,0.0,0.0,0.0,0.0,0.0,0.0,0.0,0.0,0.0,0.0,0.0,0.0,0.0
